1000
1.402052
2.145801
1.909053
0.933332
0.981947
2.576395
0.319799
1.605587
-0.445862
0.994249
2.181309
1.212269
1.464916
0.695040
1.044426
2.452208
0.600902
1.697232
1.489117
1.335177
1.582712
1.192601
1.094224
-0.076318
0.157799
0.419009
1.570010
2.432859
1.731313
1.469349
1.333640
0.805905
0.323992
1.888665
-0.012280
0.672355
0.874266
1.360738
0.550391
0.826987
-0.641899
1.581014
2.218858
2.776445
2.374745
-0.541313
2.876891
-0.081545
2.263086
0.541023
0.596693
1.649081
3.316612
1.381298
0.653076
0.862778
1.314129
1.584034
0.356903
3.247362
1.066309
1.706900
1.533993
3.186858
0.287297
1.593704
1.219473
2.534285
-2.359544
1.100448
-1.638077
0.366015
1.634545
0.717125
1.512106
0.417319
1.473806
0.019853
-1.020700
1.283558
1.501362
-0.371182
1.128397
0.189515
0.091726
0.843411
0.635884
0.928875
0.307479
0.825227
2.654685
0.211846
0.664353
-0.398351
1.177997
2.883639
0.574046
0.680793
1.878178
1.773516
0.671093
1.420104
-0.778767
1.494799
0.649237
1.497968
0.489919
1.980549
1.662356
2.505959
1.277845
1.018204
0.137326
0.109592
0.003683
0.972203
0.951948
1.524141
1.081183
2.741437
0.393009
1.123966
1.360928
2.264985
1.041930
2.344470
0.730700
2.636260
0.697524
-1.404614
0.353004
0.098776
0.924061
1.847830
-1.000833
0.664184
0.253193
1.443365
1.399857
0.433177
4.044891
0.134109
1.060928
0.318866
1.171243
2.148513
1.956687
1.772748
0.280615
1.076832
-0.094168
3.010195
1.314990
1.549817
2.404396
2.906823
3.132715
-0.030103
1.634327
0.000741
1.957166
0.514722
1.904233
1.944171
2.213791
0.091313
2.978699
1.118553
0.669204
0.693398
1.370183
1.849932
1.060855
1.364176
0.478352
0.945970
-0.360067
1.891787
3.565473
-0.192141
1.543541
1.474564
-0.023431
0.167658
-0.299193
1.149657
0.888462
-0.106738
0.202584
0.318711
0.314102
1.057561
1.968199
0.769094
2.196369
0.145656
-0.738194
1.944852
1.158029
-2.363815
2.399947
0.204653
1.208538
2.358557
0.271967
-0.020727
0.349470
0.758391
0.450840
-0.757825
1.590645
1.101291
1.169396
1.372967
0.888720
0.743577
0.478715
0.526679
2.420863
1.919398
0.071232
-1.183654
2.067094
0.049364
0.726933
1.145682
2.601593
1.643413
1.273868
2.117761
1.432754
0.040396
1.500241
0.683386
-0.020430
2.096630
1.024051
1.489007
-0.591746
0.266927
0.961182
0.974525
0.285561
1.228005
2.115717
0.548860
2.598839
-0.007516
1.840232
2.059352
2.800739
0.010101
1.244716
2.291032
0.951827
2.957992
0.112175
0.860856
2.203348
-0.861171
2.651858
-0.568690
0.694724
1.695041
2.409417
1.555711
2.023394
0.495340
1.062518
2.143798
1.490306
0.934327
0.102056
0.019276
0.556573
1.511664
2.767278
2.327681
-0.379182
0.500377
1.883190
-0.405431
1.198303
1.116542
0.820341
2.248419
0.952573
-0.248796
0.551809
0.780151
0.936896
0.887842
0.052062
1.277676
1.113673
0.092845
-0.859961
-0.351377
1.037219
1.801168
-0.156713
0.626823
1.186535
1.511858
0.020739
2.228577
1.189865
1.218830
1.550577
0.303395
1.548036
3.203676
2.186349
0.110372
1.044984
0.757096
0.898420
-0.080865
1.105912
1.664257
0.993066
3.209506
0.856152
2.868535
0.861587
1.702021
1.396228
2.249076
-1.173023
1.571080
0.996882
2.726305
0.379247
0.596415
0.564697
1.035696
0.610752
0.272004
3.599959
-1.332060
0.377459
2.483361
0.824341
0.681019
0.822021
0.400974
0.689081
0.627237
0.283242
1.056944
0.763911
1.421076
-0.768987
0.426308
-0.125591
3.007624
3.565950
1.768560
1.233911
-0.307145
1.620625
0.588524
1.088108
0.680841
2.589564
-0.300992
1.798714
0.969957
1.867105
-0.111868
1.126196
0.178537
1.047493
1.480713
1.873760
0.020205
0.946044
0.967549
2.447300
4.147131
0.047601
3.627434
2.551720
1.627511
0.061818
1.148884
-0.108044
0.779505
0.658065
1.313469
-0.516403
1.499179
0.498677
0.171722
1.349857
1.208868
2.583092
0.955351
2.031868
-0.342755
0.568390
1.687965
0.239348
2.280983
-1.027949
2.790707
1.106368
-0.109958
-0.198586
0.664002
-1.345250
0.854677
0.911202
-1.237700
0.690587
2.635572
0.775374
0.401771
2.584595
-0.866365
0.730838
2.106548
1.817364
1.241763
0.947997
0.405480
1.298625
0.855961
0.753696
-0.903249
0.436858
-0.500481
1.799682
0.024016
1.675955
1.631172
0.720894
-0.570857
1.896461
1.370786
1.746324
0.985441
-0.656232
2.027473
2.582574
-0.305956
1.121782
1.041213
1.898127
-0.195554
1.323187
-0.198564
1.493977
-0.557914
1.401136
1.126715
1.188727
2.735545
0.050798
1.028652
0.377450
1.232004
1.055068
-0.485046
0.993809
1.770737
0.526942
2.285526
0.078181
2.025017
0.714490
0.497359
-0.040568
1.382677
0.896093
2.226621
0.470561
2.354411
0.852729
0.892251
2.518194
-0.885876
-0.390586
-2.001054
0.746097
1.834559
0.513697
1.227220
-0.166106
1.337975
0.028230
1.829784
1.026984
0.774550
1.018851
1.802169
-1.011081
0.297181
0.805394
2.337413
-0.314198
1.129231
0.535584
2.262895
1.712752
1.534468
0.667497
2.637206
0.538153
0.841630
-0.343533
1.972343
0.699758
2.209063
2.127281
1.705593
0.512662
2.075049
0.408302
-0.110341
2.198085
1.435578
0.930738
2.038957
2.232742
-0.535676
0.534613
1.971632
0.455776
0.252917
0.065457
-0.151911
0.709843
2.000648
0.678560
-0.084168
2.615130
2.235787
0.041999
2.843288
1.041749
0.971372
1.289269
0.159998
2.763478
0.002065
1.934815
0.112629
0.747497
1.175010
0.854095
1.370878
1.414050
1.229901
1.150450
2.455678
0.588727
0.581006
1.578910
1.419983
0.305869
0.292017
0.567299
0.743915
-0.011402
0.881121
1.959420
1.289696
1.783093
0.999074
0.715610
0.064440
0.709039
0.649195
3.069110
0.099473
3.012289
0.300894
1.295970
0.959558
0.625052
1.876216
0.630087
-0.297357
0.964740
0.693447
-0.280958
0.849697
2.320739
1.141272
1.215795
-1.711599
2.325132
1.588140
0.270622
1.177546
1.348494
1.962510
-0.006345
1.468460
1.147682
1.767005
1.758840
1.322058
0.107138
1.757314
1.565974
0.653356
0.194808
0.715129
0.635379
0.105505
0.712085
-0.798464
-1.282069
-0.819412
0.976308
1.200414
1.509762
0.683581
1.697284
1.270200
-0.413296
2.215201
1.006398
1.745453
-0.378858
0.280308
-0.089761
1.380266
1.361430
0.860252
2.805792
0.681452
1.748572
-1.588014
0.142471
0.881153
1.353725
-0.341839
0.198044
2.225152
0.623973
1.622706
0.530834
1.038746
0.697814
0.030603
-0.148545
3.385941
0.852979
0.105962
0.970654
2.029711
0.491033
1.442594
2.845979
1.799852
1.053413
1.665191
0.379636
1.267119
0.397308
-1.394633
-1.120875
-0.486410
2.320405
0.057915
2.351209
1.394705
1.533338
1.638535
0.238423
1.135940
1.387021
0.386961
1.642919
1.816477
1.493552
-0.082569
-0.538256
1.417563
1.148642
1.176943
0.031035
1.391662
2.067664
0.547977
2.175242
-0.611485
2.016885
1.623627
1.943877
3.621899
-0.150045
0.566572
1.108507
1.828911
1.703524
1.502833
0.105544
0.784109
1.227950
1.452783
0.028606
2.017801
1.959815
0.366548
2.682974
1.049238
0.373194
2.996516
-0.121796
-0.174450
2.117314
0.382293
0.331036
1.789207
0.149164
0.307624
1.724598
1.171708
1.488195
0.948831
0.799350
0.924745
0.338031
0.693791
2.926561
0.342875
0.222881
-1.033345
1.905022
0.291324
-0.701640
2.183969
1.991023
1.288042
3.402422
1.301398
1.889283
2.357108
1.521536
0.432166
3.066907
1.696702
1.683819
2.120484
-0.217858
0.755245
1.055459
0.597109
1.954690
0.025503
3.135657
1.915207
0.471520
-0.418030
-0.081935
0.327173
2.044133
1.244703
0.701039
0.405030
0.790601
1.423816
0.582707
-0.061497
1.568797
0.508092
2.377824
0.802696
-0.435751
-0.016633
0.807459
2.710762
-1.189980
0.661896
0.404337
1.159796
0.570635
0.613071
1.102467
2.475947
1.296192
0.713431
0.162610
1.508773
1.158480
0.062181
2.007913
2.619876
1.452418
2.150756
4.088071
-0.033178
1.081748
1.087546
0.683353
0.758687
1.257043
3.247202
1.731893
0.720637
1.845922
0.536950
-0.268872
1.384903
2.825739
0.533763
0.770363
0.701330
-0.226187
0.272790
-0.365313
1.322221
-0.749879
0.658928
1.906317
1.169776
-0.529778
-0.308094
0.768262
-0.019924
1.295472
-1.716722
1.600940
1.847165
-0.345049
0.256635
1.509861
1.533109
1.450776
1.330898
0.462140
0.622124
3.309248
1.180768
2.672419
1.379425
1.380693
1.849922
0.354935
0.692836
1.033410
1.961543
1.743415
-0.127560
1.285485
0.693266
-0.410767
1.288658
0.889507
1.063707
1.950612
0.705503
0.500475
1.311631
-0.439002
-2.493395
1.762393
0.366734
1.269297
2.750424
1.832256
1.697702
1.414500
0.100276
0.607641
0.857506
1.109701
0.903285
-0.097200
-0.851086
0.419312
0.421238
3.058855
1.818733
0.538521
1.354687
1.783259
1.276979
0.799074
-0.827955
1.697786
1.155362
3.516116
-1.107498
2.981499
0.843682
0.967020
0.839456
0.938022
-0.214172
2.083883
0.439794
1.951765
1.642482
2.418995
-0.640934
0.244346
2.346573
0.144536
1.114817
1.140750
0.094282
1.948672
-0.203384
-1.184842
1.652296
2.249994
-0.254871
0.452637
0.366536
2.368109
0.908512
2.146349
1.361884
-0.128508
-1.226209
1.137320
1.780623
2.913960
2.055167
1.346944
1.124963
0.321030
-0.636124
1.022039
0.936751
1.074620
1.138016
0.152429
1.455834
2.013082
1.659798
1.014450
1.718975
2.566298
-0.366221
1.169986
0.983974
-0.135131
0.604897
0.377074
1.477838
-0.055317
2.643027
1.577522
0.821047
1.550548
2.043824
0.170712
2.440273
1.435925
1.075467
-0.317417
1.033396
1.102410
0.760097
2.651263
1.244506
2.268111
1.935743
0.358338
1.638337
2.631678
-0.026766
-0.535057
1.391048
-0.024228
-0.385713
1.681586
1.449498
-0.236912
-0.585170
1.334413
1.182510
0.649823
-0.880067
0.595534
2.398277
2.105379
1.202421
-0.969876
1.189381
-1.135437
1.267197
-0.708305
0.484634
1.131067
0.169178
1.436486
1.619881
2.445588
0.529490
0.321827
0.741569
0.671833
1.972097
