1000
1.077804
1.144250
1.284527
-0.514658
0.822079
0.040142
1.254639
-0.910946
0.588859
0.826012
1.015314
-1.036947
2.090108
2.528864
0.680715
1.231232
3.712104
-0.816117
0.423457
0.984032
2.337170
-1.559113
0.544120
1.122551
1.632689
2.309708
0.323393
0.879865
-1.579464
2.732219
2.533644
1.790742
0.785270
1.863090
0.098858
3.147811
-0.145034
0.570614
1.551038
0.769442
-0.850852
2.112134
1.149367
1.214740
0.595854
0.510369
1.491367
1.509999
0.571457
1.020990
2.683348
-0.260667
1.056880
0.160018
0.609553
1.050435
-0.048113
-0.245358
1.355695
3.104564
1.766621
-1.024626
0.127835
-0.583596
2.588363
0.638377
1.120750
1.492632
1.246431
1.452971
2.245791
1.381594
0.843234
0.355505
0.203704
1.564958
1.653373
3.016081
2.319160
2.321466
-0.550540
1.894137
-0.024646
1.548265
1.857344
1.958381
0.674588
-0.339293
0.778060
-0.032399
-0.526449
1.552209
0.612333
2.853710
1.492480
2.799277
0.332688
1.397549
-0.340516
1.765326
0.667131
0.270480
0.164092
2.261055
2.103419
1.181349
1.779182
1.156644
2.592994
0.305757
1.242281
0.770895
0.943975
1.061177
-0.301472
0.862070
1.113131
0.784214
-0.271379
0.196946
0.087837
3.786875
2.012386
-0.284648
0.860615
1.470810
2.956758
-0.616758
1.913978
0.586255
0.989248
0.307413
0.390888
0.668852
0.425266
0.257611
1.229696
0.065340
1.216320
0.658922
2.034799
1.681852
2.080846
2.701077
0.988701
0.240703
0.512749
-0.488367
1.540667
0.136116
-1.040671
1.197235
0.255092
-0.181982
-0.028396
0.827470
0.554290
1.464784
0.302721
2.096709
1.208665
0.595727
1.061467
0.334035
-0.396734
0.368585
3.186431
-0.850134
0.297648
0.687534
0.926280
2.110823
0.585908
0.914908
-0.720561
2.576565
0.453961
-1.287400
0.464011
1.546521
3.415714
0.052399
2.362229
1.384873
1.907814
2.207854
0.899910
2.596684
0.689833
1.688209
-0.377836
0.927035
0.903923
1.146958
1.238285
1.124282
1.767869
-0.464803
0.725793
-0.618494
2.114473
0.791339
0.590258
2.440456
0.094962
1.696525
1.162497
-0.372240
0.530705
0.271945
2.155723
0.536883
1.024798
2.426448
1.720187
0.398342
0.220885
-1.645636
2.415447
1.253266
0.245855
1.951432
1.195529
-0.459073
0.762177
1.829844
0.286898
0.289803
0.832854
0.273624
-0.126655
2.242401
1.383508
1.428183
-0.601420
0.577968
0.138600
0.817102
0.593619
1.802265
0.816296
2.146667
0.789829
0.450870
0.196430
-1.167336
0.893465
0.586168
2.525645
1.506998
0.471817
2.112480
0.875611
1.351517
0.470840
0.268679
0.411586
2.046547
1.545992
1.094214
1.474659
1.567562
0.624044
-0.115852
0.404906
1.497705
-0.196642
1.482191
1.096940
0.752927
1.511840
-0.605469
3.420105
2.415647
-0.565867
3.314000
0.607119
0.424851
2.133566
-1.123087
0.502815
0.736181
-0.641707
0.056153
0.015255
1.315300
1.257135
2.919700
0.106628
1.370255
-0.593759
0.245711
0.873319
-0.544977
0.122047
-0.026384
2.305517
1.892273
2.900324
0.892980
-0.058308
2.809803
0.007584
0.934407
1.478748
-0.446489
1.834078
0.344654
0.658136
0.324903
-1.196413
0.682359
0.051084
2.562795
2.097371
1.650132
0.095717
1.283551
0.441212
1.622003
0.632035
-0.223127
-0.109183
0.303744
1.753437
2.486380
0.115084
2.828375
1.077982
1.011906
-1.138853
-0.030235
-1.154786
0.020402
1.886741
0.666680
1.755291
-0.312532
1.557122
0.854991
1.035012
2.717384
1.239283
1.199440
0.709836
2.480703
1.038570
2.783193
1.793526
1.647025
1.019996
2.098229
1.657452
0.907717
0.061772
1.399049
0.612230
1.727104
0.266255
2.119614
0.701603
2.146712
0.954258
0.781535
2.136968
-0.406921
0.612811
0.784892
2.393409
2.424547
2.476631
1.669389
0.947146
-0.090523
2.028069
1.089713
0.958723
-0.213978
-0.213636
1.978208
2.058883
1.221547
2.185360
1.933791
2.960788
-0.941374
2.366621
3.069039
1.970217
0.755802
1.147204
1.953397
-2.053736
0.261105
2.317575
1.300516
0.671615
2.394042
0.700292
1.488930
0.204330
2.729941
0.971532
-0.610956
1.492604
0.247286
0.035320
2.035612
0.509318
2.531249
-0.550493
1.755737
0.702229
0.279327
0.325953
2.002297
0.972083
1.645932
0.405249
-0.105472
0.347953
3.167320
0.819101
2.366113
1.388125
2.340934
2.283070
3.006495
-0.269555
0.783855
-0.096181
3.254790
0.180612
-0.266094
0.048135
2.715229
1.479827
3.385480
2.659853
0.586955
1.305177
2.944303
1.540588
0.836372
1.261676
0.739700
-0.418080
0.890432
1.236079
1.827131
1.479710
-1.003185
0.827329
0.638723
-0.360978
0.179931
0.080311
0.302538
-0.505162
1.074128
1.367140
0.596903
1.921325
0.899074
1.420480
0.942995
1.005494
-0.001313
1.103556
0.083661
0.154095
1.083210
1.614992
0.964867
1.551847
0.509898
1.135934
1.277872
0.430000
0.807003
2.184759
2.612756
0.015448
1.054299
-1.868477
1.856118
1.488384
0.823299
0.815603
1.126066
0.386801
-0.151904
0.448947
1.286407
1.119466
0.088273
0.502374
0.600637
0.470203
0.554473
1.999709
1.312767
2.012098
0.702830
0.448327
1.327471
-0.650212
1.120509
0.305552
2.442502
0.005022
1.288167
-0.297409
1.657159
1.406737
1.560447
0.319525
1.655173
1.325236
0.048231
3.103695
0.898846
-0.321557
1.675106
0.284175
2.978033
1.926494
0.855032
-0.382179
2.427791
1.177350
0.504708
0.302883
1.180154
1.298116
1.486370
1.868060
0.437668
2.725951
0.776268
-0.601764
-0.750050
-0.132901
0.838241
0.021502
1.091671
1.401956
1.424322
1.500686
2.832989
0.485153
0.717850
-0.315178
0.165069
0.645259
1.646497
0.998219
0.660593
3.311238
0.947578
1.587508
0.030736
-0.360202
2.425035
2.298405
1.976087
1.797388
1.763131
0.960861
2.517121
-0.024942
-0.199101
1.579250
2.209321
2.571887
1.005863
-0.060379
-0.274646
1.501293
0.000251
0.134086
0.749159
1.172796
0.011320
1.398977
2.085445
0.023191
1.172644
-0.014152
1.850096
-0.178334
1.499888
1.654629
0.565444
-0.336742
1.045904
1.217872
1.156588
1.953073
0.146148
1.389644
-0.471058
1.528888
0.157206
-0.050541
1.028522
0.893877
-0.270949
-0.194469
0.007599
0.327611
1.668122
0.263456
-0.206992
1.590145
0.720015
-0.015202
-0.069354
0.994158
2.957495
1.214445
2.813312
-0.887266
0.054786
1.609818
-0.322796
1.236795
2.541666
1.943181
-0.086348
-0.971187
1.159903
1.378825
0.201963
1.879743
2.819796
2.430605
1.870307
1.552141
-0.550601
3.125139
1.847298
2.949285
2.041678
0.302117
2.362407
0.626861
2.196416
0.454886
0.398567
0.374889
1.145130
0.242844
1.594443
-0.014520
1.309863
0.401865
0.006056
2.136360
2.418094
0.393825
0.201368
-0.306894
1.809703
1.823796
0.985958
0.441634
0.969282
2.623323
0.172371
2.395652
2.095102
0.279959
0.617199
1.105378
-0.781543
0.629544
2.919165
0.719121
1.392474
0.715981
0.278386
-2.519296
2.064399
0.767718
1.976496
1.164165
0.523784
-0.258883
0.981043
0.456255
0.994987
-0.456612
4.177733
2.397251
0.865991
0.804977
0.277622
2.653504
-0.586407
1.583073
0.866223
0.214286
1.254441
-0.249636
1.224217
2.315034
2.682718
1.310321
1.379936
1.252169
1.768764
2.382038
1.086243
-0.627997
1.432602
1.376315
3.002258
1.186026
-0.760242
0.568127
3.099781
0.151939
0.425897
3.409221
4.034329
2.379256
2.324222
2.374015
1.059145
0.032208
1.737208
0.360330
1.367551
1.521956
1.682700
-0.147496
1.478010
2.102372
1.927220
1.364590
0.749280
0.858783
3.099618
1.737994
-0.219138
0.080393
2.700418
2.728101
1.957045
2.567124
-0.791546
0.644656
2.271804
1.565349
0.733812
1.815276
-1.192044
-1.229705
1.070736
0.755084
-0.387061
1.347120
0.909059
0.739073
-0.733180
0.970676
1.190720
1.686424
4.347087
2.546202
1.260604
-0.660915
2.051059
0.457504
0.852855
0.700481
1.207924
2.281832
1.526840
2.783482
0.088343
3.359755
0.499999
-0.304969
-0.382161
1.592878
2.245801
2.338745
1.884345
0.732217
-0.822885
1.423999
1.248191
0.039775
-0.623687
0.571777
-0.067113
1.814132
0.085047
0.898692
1.596978
1.384807
2.217529
0.682200
2.038392
-0.148516
0.265849
2.101110
1.833556
3.274270
0.914032
1.520075
0.520920
1.125624
0.426134
1.682540
0.615206
0.673464
1.656245
2.006385
-0.347999
1.690586
0.652663
0.789013
1.371369
1.220893
0.379333
1.668335
0.905866
0.688495
0.081995
-1.786172
2.598865
0.609478
0.792559
0.429559
-0.044654
2.321180
-0.183304
0.854046
-0.311390
1.500515
0.092179
1.946402
1.012671
1.900018
0.275631
1.044274
0.732915
2.853775
0.904920
1.795884
2.336170
2.208852
1.521403
0.344705
1.832895
1.093552
0.606453
1.769377
0.094113
2.549449
0.695560
1.365711
2.113873
1.111576
1.326972
0.706255
2.729720
1.108223
1.420423
0.498554
1.294264
0.927445
0.837452
2.245953
2.910686
0.330832
2.366291
1.870937
1.484855
2.157659
-0.324390
1.662145
0.890428
2.732600
1.316522
2.325389
2.067196
-0.227839
2.522218
2.203759
0.945047
0.701411
0.782455
1.468854
0.178798
2.080074
-0.102821
1.682235
2.547679
-0.371301
0.560786
1.717938
1.613018
-1.300525
0.376910
0.086908
2.046106
1.034505
-0.251093
1.326822
-0.371267
-0.440271
0.215465
0.480952
0.068841
1.689191
3.772224
2.079350
2.360403
1.825110
1.831887
1.631963
-1.257737
2.169667
1.213310
0.803749
-0.448612
1.232209
0.186022
-0.898133
-0.409739
1.486687
-0.168547
1.605335
1.263302
0.837978
0.435222
-0.096080
2.970386
0.579337
-0.091546
1.547184
-0.393150
0.377706
1.618208
0.330630
0.318658
1.647549
1.044630
0.006343
1.162953
2.795024
-1.271460
1.772857
1.947762
-0.057144
3.431231
0.569524
1.167797
1.833938
1.790990
0.766690
0.406338
-0.186723
1.335461
0.955536
1.936940
0.618860
-0.135625
1.815547
-0.035702
-1.269212
-0.109547
0.442945
1.500964
0.139371
-0.534437
2.672914
-0.732510
0.263724
0.274602
-1.809145
1.713153
1.299070
1.948584
1.245313
0.965512
0.505291
0.793749
1.194432
1.980689
0.367428
2.099594
1.103724
-1.522116
0.691106
1.025239
