1000
0.036054
0.526601
0.607899
1.228997
3.458198
1.258084
0.939134
2.164946
-0.650623
-0.944977
0.543397
0.120825
0.232933
1.182295
1.623693
2.307643
-0.515656
3.607187
-0.266725
2.384317
-0.027408
0.299678
1.873830
0.387623
1.289086
2.081433
-0.810666
1.730385
0.764477
1.797883
0.921765
1.023524
1.307303
0.144986
0.845797
0.779932
1.581986
1.412453
1.699144
1.615899
0.075563
1.256917
1.822252
1.024018
0.270658
0.649718
0.629015
1.277736
1.076633
0.119106
-1.790474
2.372605
1.287713
2.279720
0.029932
0.961694
2.249757
0.918650
0.851562
-0.090616
3.298513
-0.326160
0.879204
2.795708
1.128301
-0.166545
0.259126
2.064708
-0.148647
-0.828574
1.511845
0.131641
2.064963
-0.301492
0.502337
1.539998
1.368971
2.218684
1.764885
1.658109
1.150789
0.994449
-1.297718
1.246777
2.749945
1.208175
3.012559
1.407277
1.168696
1.989510
-0.638189
0.938276
-0.057445
0.066847
1.179446
0.828786
-0.022458
0.976180
-1.305277
2.263660
-1.368440
0.296856
3.920378
0.668250
0.227177
0.920699
-0.238797
-0.747208
-0.927340
0.102532
-1.993618
2.687435
1.282941
-0.291419
-0.145503
1.638251
2.182803
1.120320
0.369190
-0.039530
0.374602
0.973427
0.722461
0.911685
1.173568
0.220252
1.173311
1.276924
0.393276
1.548457
1.556125
0.891442
0.769690
0.648202
0.197444
1.503229
0.973167
2.736689
-0.077082
1.361237
0.903079
1.381470
0.744705
1.016887
3.283756
2.279327
0.884583
0.767438
0.655890
2.388099
0.544674
1.483438
2.527340
2.106368
0.884782
0.931765
0.339314
0.225682
1.238553
1.335010
2.015264
1.930098
1.804873
0.796094
1.324458
2.383913
-0.900196
-0.253195
2.694035
0.035127
0.579107
2.053406
-0.535429
0.438643
1.649509
2.362966
1.634493
-0.018037
2.292634
-0.003798
0.335581
0.904088
1.852552
1.538355
1.809073
0.644599
1.322887
1.491644
1.235616
0.204909
1.252404
0.164382
1.001409
1.620638
0.475636
1.159431
0.411126
0.707984
2.251433
1.807342
0.608624
-0.272370
1.126317
-0.234519
0.727421
1.168475
1.107112
0.837799
1.069558
0.434756
1.267513
0.564388
-0.086071
1.261561
0.394232
2.844552
0.272083
1.725217
2.323316
2.414331
0.776913
1.283593
2.649775
2.298264
0.567385
1.573872
0.368676
2.937851
-0.790221
0.088708
2.462611
1.175415
0.526006
1.364836
-0.875889
-0.933404
0.765356
0.832792
0.890689
0.044490
1.411985
0.784951
-0.747972
2.177260
0.392790
1.905451
1.555360
-0.021166
-0.013126
1.335007
1.677457
0.436221
2.226220
0.426887
2.499671
1.600813
0.388714
1.212630
2.556598
0.502947
0.738982
1.745078
1.068895
1.114648
1.732739
1.894664
1.236225
1.099343
-1.689355
1.903354
-0.856223
1.000264
2.120615
1.318225
1.615665
-0.131233
-0.250343
0.072309
1.007649
1.782837
2.841076
1.926286
2.764691
0.595148
1.320446
1.916640
2.018874
0.565682
-0.134574
0.339420
0.975461
1.022383
0.823713
1.600456
0.526724
2.387651
1.521491
-0.254831
0.930125
1.118798
0.744773
0.713228
0.758079
0.953958
2.448454
1.703570
-0.157595
-0.415471
0.508633
1.890276
2.129688
2.004396
1.021650
1.343936
0.036945
1.153275
0.514029
0.683211
0.904945
0.056980
-0.432886
0.562805
-0.251185
1.342974
1.241660
-0.476386
0.996034
1.352771
1.883335
-0.180185
-0.349162
2.099663
0.293645
1.585978
1.861704
-0.329716
1.280271
2.314345
1.190085
0.218465
1.364878
-1.137186
1.763060
0.485038
1.299316
-0.121520
-0.034394
-0.462620
1.270739
2.170239
1.214125
-0.543877
0.085976
3.173326
-0.241194
1.246191
1.210042
1.424524
1.197758
-0.337580
2.170658
2.209383
1.086310
1.155105
0.453054
2.615320
1.681328
2.436127
1.891149
1.886270
0.212651
1.197700
1.319688
0.521553
1.218705
1.846920
0.136438
1.062943
2.744656
2.045484
1.422506
1.191690
1.772328
0.891610
1.574472
2.570797
1.181426
0.369953
3.189236
-0.007891
0.415660
0.528084
1.039387
0.806013
1.416755
0.156817
-0.274427
0.540379
0.625272
0.091006
0.883114
0.675891
2.817264
1.163792
0.530803
0.853695
0.539282
-0.868781
1.576764
0.235966
1.072258
2.243362
2.267244
-0.085160
-0.017507
0.414932
1.507936
1.792319
2.036576
-0.435207
0.878933
1.829227
0.024468
0.830982
0.718941
0.289498
-0.869791
1.227035
0.493299
0.733509
0.022587
0.019888
2.206105
2.543542
1.786211
2.728985
0.236416
0.753564
0.369124
2.521111
0.782002
0.807633
0.071740
0.860622
0.228402
-1.121552
0.391962
0.030920
0.001226
0.347898
1.602211
2.466412
1.352673
0.499986
2.222336
-0.403889
1.569193
0.630541
2.232733
0.850635
1.763750
-0.872502
1.873630
1.051650
1.466293
1.505567
1.560125
0.736356
-0.918360
1.323632
0.326826
2.098132
-0.981059
0.255890
1.369937
0.496984
0.642347
1.801958
0.985657
1.233312
1.689615
1.448678
2.390791
1.078758
1.995432
1.379864
2.264204
0.772622
0.425332
1.472588
1.405893
1.261349
0.710496
0.053334
1.821107
2.453764
1.524058
0.893611
-0.006992
-0.247741
2.458564
-1.479613
0.297571
0.501199
-0.151687
1.897527
0.280334
1.973499
2.023472
0.770931
1.873656
0.326604
1.489122
0.296414
-0.432760
0.967421
0.147141
1.862672
0.844368
0.938631
1.219233
1.573313
0.677201
0.563587
1.896910
0.735306
0.930353
1.557005
0.587668
3.159245
-1.065142
1.266056
0.078386
-0.923224
1.751647
0.442881
-0.614643
0.066227
1.086690
0.926810
2.714231
2.626470
0.213558
0.921410
3.007894
2.469478
1.990752
0.768580
1.571907
-0.524619
0.908022
1.482661
0.196405
0.954363
-0.502656
0.060430
2.128017
1.427122
0.033005
-0.004000
2.226821
0.638156
-0.423364
1.335443
1.814423
0.412557
1.184073
0.543767
0.114365
0.362101
2.156782
-0.289486
0.614188
2.353216
2.147001
0.464020
1.704770
0.387228
1.755650
1.243792
0.588687
-0.156117
-0.031933
1.954730
-0.237991
1.745086
0.975156
1.510466
0.891836
1.551799
0.393093
-0.559590
-0.088073
0.645196
1.897357
0.684451
0.230283
0.453539
-0.624207
0.405330
1.062890
1.046687
2.256263
0.722239
2.057426
1.540626
0.150589
1.273740
-0.352067
0.222597
0.520665
2.020824
0.732597
2.173194
0.470539
1.483644
1.440499
1.844583
0.482538
0.624110
0.425515
1.536919
2.169362
0.558753
1.012483
2.249502
1.825937
-0.063602
1.237704
0.524104
0.187152
0.814405
0.841844
0.703536
-0.437096
1.713981
1.618894
1.437000
0.061142
0.293232
-1.085160
0.568796
0.721086
1.560368
0.944343
2.721680
0.209156
-1.688001
1.617979
1.883699
1.376722
0.290855
1.439608
0.909617
0.319821
1.162899
0.947598
1.247381
-1.457542
2.475976
0.845410
0.727021
0.805833
1.177937
0.869986
-0.503065
0.803559
1.791950
1.121019
-0.434855
0.236651
-0.303048
1.296604
3.567279
1.756191
1.149992
0.881486
1.573410
2.706401
1.365069
-1.038824
0.376767
-0.225519
1.421881
1.306166
2.232348
2.645872
1.065361
0.540279
0.357015
1.718217
2.489730
0.260989
1.323429
1.037449
1.980329
1.062505
1.568284
-0.219447
2.956689
0.874383
1.537651
2.034528
0.171547
1.303827
0.520645
2.813846
-0.350204
-1.127012
1.121840
1.787861
0.271881
-0.109451
1.160970
-0.100610
1.892478
0.549903
-0.270446
1.576836
0.168258
1.887947
2.925536
1.814147
0.690100
1.775804
-1.448196
1.775047
-0.804450
0.283964
1.118061
1.682763
-0.133685
-0.023239
0.279421
1.008718
0.438246
1.442382
0.965362
0.841999
0.410385
1.426799
1.428072
-0.732120
0.908502
0.779972
1.453069
-0.686345
0.370490
1.197395
-1.513610
2.218399
1.587810
0.798840
1.100688
1.931842
1.537661
3.901437
-0.424983
1.126859
0.611982
2.133592
0.989088
2.056702
1.047999
0.250064
3.189381
1.137365
1.746602
0.408367
0.602977
0.083359
2.132777
1.204219
0.697349
2.021352
2.033934
3.353683
1.744456
0.187143
1.031670
1.054433
0.949060
0.910092
0.926044
1.789519
0.623682
-0.522032
0.042888
0.267219
1.738215
0.383484
1.168913
0.671442
0.480021
1.490807
0.588564
0.966772
2.312036
1.702030
0.962037
1.557276
1.747885
0.449249
0.761507
0.976044
1.343523
1.313810
0.093028
1.786769
-0.116753
0.575646
2.121746
0.745642
1.012742
-0.291202
1.812988
1.541635
0.375306
2.532241
1.601924
-0.362451
0.853884
1.432606
-0.175283
0.723358
2.627851
0.690148
0.056855
0.367304
1.409308
2.760067
2.120889
1.499312
0.534737
0.013474
0.920855
1.236673
0.390622
1.342715
-0.437708
1.201359
0.661419
1.118747
1.477203
0.200129
0.010427
-0.085740
1.624066
-0.952180
0.783997
0.451189
0.787476
1.619150
0.123773
-0.161461
0.777338
1.610276
2.223016
1.061639
0.988871
-0.185667
0.726439
0.496803
0.772378
1.289729
1.116015
1.316743
0.863387
0.686267
3.328861
-0.629703
3.336934
1.524985
0.408676
1.351514
0.760175
2.266855
-0.081921
0.770384
1.689506
1.516928
-1.203035
1.673279
-0.045302
0.114406
0.110467
1.050441
3.288996
2.843372
0.537919
2.189690
1.688700
2.406134
0.407141
0.235430
-0.427621
1.034122
2.308589
2.960242
-0.192181
3.036624
0.429856
-0.431315
0.583920
0.825234
0.630471
1.745497
1.968363
2.026964
2.023753
1.029429
0.593673
0.742901
0.244214
-0.205052
0.323746
-0.309688
0.298581
-0.820326
1.696935
-0.000553
1.252221
2.280951
0.781886
1.498575
1.297900
1.773057
-1.116204
2.642410
0.591750
-0.049119
1.521450
-0.983671
-0.347664
0.572368
2.790136
0.382553
0.748460
0.089068
0.595312
-0.819057
2.117773
1.531809
0.734237
0.684370
1.829240
1.897627
1.681171
1.843359
0.117748
1.013548
0.484564
-0.036352
0.465810
0.828417
0.295233
2.285228
2.195876
-0.253267
1.512377
1.390619
-0.268858
0.841902
1.567761
0.528153
1.823781
0.117854
-0.438145
0.043752
0.453017
0.009119
2.635768
2.720348
1.188691
-0.425993
0.384028
-0.145115
0.655415
1.986438
0.657934
1.349087
1.946021
2.066210
2.643817
0.189646
1.574020
-0.280728
1.811019
2.058426
0.986686
0.342887
3.138118
-0.002020
3.809719
1.285678
1.325614
0.824390
0.157352
2.055542
2.771853
