1000
1.667765
0.318105
-0.077290
-0.724019
1.581581
2.039213
0.692972
0.045651
2.682124
3.095520
1.639841
1.996531
-1.318982
-0.436106
1.034321
0.371691
0.451814
0.599099
0.162074
1.798183
1.777635
2.090664
0.204397
1.318116
0.225620
1.510787
1.146076
0.400165
-1.188785
0.235144
0.734929
1.239364
-0.571185
0.045898
1.303215
1.760619
1.002361
0.661023
1.727164
0.754744
3.097184
0.861062
2.610072
-0.852775
-0.231365
1.323375
0.918447
0.337981
0.762475
0.270548
1.852658
-0.452718
-0.401065
-0.576879
2.284919
2.000066
0.158097
1.218488
-0.374312
0.801803
1.087249
0.995243
1.710766
1.896660
1.601114
1.952095
0.816657
2.217200
4.516535
0.711259
-0.346823
1.658838
3.091732
2.213188
1.291954
-0.710471
2.024506
-0.611749
0.333800
-1.445656
1.765169
0.243449
2.717538
1.445674
2.016840
2.835596
-0.016954
0.488996
1.508876
1.551349
1.876538
1.675813
2.267679
-0.108874
0.102308
-0.149908
1.944546
-0.235390
1.492993
1.877205
1.578737
-0.202418
2.127401
2.832882
0.711794
-0.525659
-0.432880
1.747330
2.974672
0.653291
1.393893
0.053133
0.011064
1.859645
0.188652
1.388841
1.528503
1.727504
1.723805
0.521287
-0.001908
1.862487
1.050243
1.980373
-0.094088
-0.201425
0.341585
1.398720
0.312663
-0.102295
-0.199246
0.330294
-0.086450
2.187046
1.119010
2.205330
1.452978
2.723952
0.945502
0.380748
0.688911
0.009248
0.678670
-0.625400
0.426641
2.768883
1.108380
-0.110171
-0.156504
0.624933
2.613699
-0.164094
0.865881
1.419143
2.282002
2.594266
3.507774
0.157972
0.533835
0.872156
1.860678
1.093351
3.131774
-0.567392
1.094021
2.388772
2.607351
0.332556
-0.102801
2.068564
1.842157
-0.077784
3.188943
0.776287
1.581431
1.405676
0.424409
-0.167187
-0.054115
1.372141
-0.000782
-0.693578
1.121625
1.256193
1.133647
1.834672
1.585705
0.127862
0.743555
-0.436506
1.514580
1.732803
1.543135
-0.074377
-0.055021
2.132051
-0.207770
3.554135
-0.764331
0.657891
0.818045
1.115941
2.506690
-0.938082
1.802032
3.450223
0.853876
0.184622
0.478501
-0.158102
2.160330
-0.113771
1.299069
0.251403
1.927556
0.556900
0.398864
-0.920927
0.220437
2.351479
0.004350
1.187675
2.008234
1.422634
1.267305
1.261104
2.389562
-0.305562
2.726393
-0.074175
1.321406
1.930489
2.023653
2.373553
0.281857
-1.381639
0.933619
0.237051
0.260715
0.002375
-1.770114
0.744249
2.084123
1.188346
0.029884
2.319426
1.442402
1.565961
1.659854
0.916551
1.468831
-0.862913
0.253423
1.622502
1.201872
1.910539
1.756413
1.251457
1.741867
-0.613491
1.067952
0.365105
1.065427
1.924459
-0.657085
2.257043
-0.407065
0.905236
2.651451
1.226030
0.959853
1.730942
1.607290
1.495776
0.494761
1.364874
-0.553524
1.034039
1.537214
1.669307
-0.112678
1.121944
-0.722317
1.330571
3.934121
0.223197
1.860529
1.548065
-1.687860
0.380309
1.946834
-0.626921
0.837203
1.770548
-0.096868
1.768686
0.671175
0.022134
0.506533
1.245208
-0.677410
1.002226
1.310208
1.914634
0.679910
2.160755
-0.529593
1.724852
0.150024
1.159992
1.091418
0.846939
0.623727
-0.148130
0.560895
0.932379
2.923305
1.501703
2.588240
-0.057170
0.190289
0.808142
-0.572852
-0.422418
-0.212339
2.664427
1.560148
2.072296
-0.296865
2.379280
2.266085
1.569821
2.356073
0.854575
1.131709
1.222429
0.421200
1.117758
-0.200877
1.717082
2.373678
-0.654850
1.729606
1.246705
2.321652
2.100300
0.833527
0.929808
3.197390
0.228880
1.199083
1.209033
1.217306
0.392518
0.271687
2.657180
0.627850
0.202734
0.422978
0.857618
-0.420476
1.997188
0.676169
2.058062
0.032216
1.224770
0.832767
0.951307
1.328109
-0.300325
1.263432
0.330809
0.876821
0.397802
1.450236
-1.431086
1.475600
0.022058
1.033762
-0.394867
2.124081
0.768620
0.905634
0.565458
-0.440763
0.201363
1.972665
1.719237
1.320912
1.460792
3.084613
1.748218
-1.041835
1.789441
0.471300
-0.393950
2.523605
1.930057
0.719367
0.794665
1.503753
1.501781
2.728175
0.085695
-0.651896
-0.671722
-0.466241
-1.347212
1.914153
1.645371
1.364545
0.929097
-0.179421
-0.588812
-0.292678
2.262129
1.336553
1.656417
-0.054403
1.465070
1.759978
1.575848
-0.484299
0.535905
-0.850783
1.556952
2.147223
1.430214
1.720291
5.060149
1.408104
0.199006
2.185547
0.388255
1.199924
2.133715
-0.120821
0.674145
1.770642
1.400785
1.767299
1.217472
0.548296
0.719379
0.921372
1.050172
2.667914
1.738173
0.928121
0.045756
0.666384
1.689004
1.084557
-1.049358
0.840978
3.059804
1.890423
0.554014
1.543495
1.372741
2.211014
1.011388
0.723411
-0.197011
0.724530
0.881436
1.010394
1.461358
0.922956
1.068194
0.835975
1.542273
0.441713
0.093053
1.118524
1.494879
0.276033
0.352300
-0.084737
1.128392
1.999344
0.442812
2.363722
0.946133
2.010966
0.923998
1.710676
1.303584
1.619941
1.332825
1.657390
0.841944
2.892238
1.013879
2.622378
-1.827298
3.993199
-0.620443
1.030983
-1.431774
1.767858
1.536478
2.030511
1.402083
1.091357
0.447196
2.050429
0.581353
-0.003757
0.478327
0.925850
0.294768
1.905572
-0.161208
0.808787
0.449161
0.362955
-0.208725
2.352768
-0.903352
1.206800
2.022835
0.396141
1.520503
2.356012
0.924648
2.734099
-0.343134
1.033641
1.512809
0.780600
0.300108
1.427891
1.751229
1.607582
0.242072
0.217238
-0.511287
1.544723
1.445733
1.377554
1.124554
0.870857
1.669627
2.495774
0.366287
0.778575
0.376961
-0.341284
-0.371464
1.622822
0.606670
0.767418
2.422848
-1.487069
0.980622
2.450230
1.076163
0.250195
-0.527770
0.682670
1.210512
0.336139
0.816587
1.551047
1.238676
0.885726
0.804940
3.114401
1.329989
-0.080516
1.526042
0.689941
0.737703
-0.515658
1.101425
2.345140
0.740977
1.005153
1.985156
1.780385
0.258362
1.466076
1.734997
1.648181
0.793627
-0.176446
-0.019378
0.939126
1.018462
0.639784
-1.627273
0.783071
0.577379
0.316988
1.152253
0.228479
0.614978
2.732303
0.679082
-0.584941
1.823244
1.094375
1.671955
-0.020433
-0.245519
-0.646866
2.743390
1.675106
0.888027
1.825426
0.555455
0.502906
1.619186
-0.054632
1.592859
0.585025
3.495493
0.977960
1.433953
1.865222
0.141818
1.337270
0.193488
1.174214
0.294970
-0.487286
1.154965
0.874743
0.825256
0.879785
0.591985
1.809129
0.958937
1.922509
1.659594
1.541233
0.653308
0.499164
3.482729
1.664587
0.781322
1.956663
-0.743407
0.719888
0.754415
-0.138683
1.339411
2.029472
-0.830824
1.373067
1.573515
1.783016
1.436700
2.520834
1.305917
2.043256
0.596300
2.726877
4.087899
0.954785
0.341688
0.208575
0.948353
0.412374
2.100595
-0.286824
2.003849
-1.688718
1.259973
2.418441
1.091091
0.528924
0.347193
0.766947
0.455975
2.030061
2.413368
1.197585
0.088367
2.212502
1.241301
0.295689
-0.122002
1.771053
1.023965
1.813742
0.873394
1.203650
1.253628
0.951974
-1.294808
-0.108256
-0.324600
1.771481
1.808674
1.252462
0.487071
0.380852
1.744953
1.564431
1.669502
1.085548
-0.287915
0.154930
-0.076191
1.062472
1.233736
0.438404
1.530188
0.835476
0.575127
0.960626
1.887487
1.142770
0.828674
1.353443
-1.034515
-0.197755
-0.521874
0.254721
0.629244
1.877322
-0.435297
1.516544
-0.995639
3.321410
2.028685
0.659612
0.965008
2.250581
-0.340099
1.671273
3.268835
0.523209
1.524026
1.813528
1.241567
2.880646
1.203552
2.304172
0.878649
0.951801
1.388509
0.620744
2.979516
0.286190
1.234837
1.847198
1.072430
1.882647
0.929595
2.017352
0.612002
1.639777
0.845071
0.241087
0.667155
2.326572
0.506678
1.432459
-1.076791
1.213247
1.987466
0.260065
1.856749
1.762369
0.559467
0.247903
1.478131
1.347383
1.390974
1.099615
1.307647
0.232682
1.294694
1.598462
-0.082122
1.916262
1.545563
0.004168
1.510646
-0.144086
1.495603
0.610308
0.018178
0.875911
-0.346613
0.551086
1.041897
2.820810
1.232708
0.024203
1.589777
1.038758
0.301782
2.431141
0.995366
-0.345196
-0.096165
0.668328
0.925831
0.168137
1.132982
2.575635
2.235364
-0.562542
1.916266
0.954721
0.486481
0.918475
-0.125339
1.744581
-0.072243
0.546662
0.732147
-0.438490
-0.421922
1.383665
-0.099270
0.870009
-0.096345
3.670188
1.937500
2.107706
0.494000
-0.635009
2.928110
-0.652590
1.840877
0.562423
-0.471094
0.670181
1.513279
0.232494
0.992135
0.589403
2.650725
0.282838
1.602942
2.061494
0.045035
1.721309
-0.041628
0.383210
1.260074
2.150383
-0.694258
-0.609674
-0.123633
0.830748
0.373937
1.130310
2.229436
-1.545012
1.886041
-0.577453
2.973599
-0.769348
-0.168790
2.064078
0.791784
-0.483979
1.553334
1.804769
1.450664
1.420879
0.263368
0.546818
0.350462
1.284695
0.098089
-0.176973
1.911770
1.493286
1.938117
-0.581060
1.792269
1.293944
2.372474
-0.598496
0.872591
0.985128
0.463276
0.846482
1.594974
2.822382
0.066522
0.922546
0.732723
0.833735
1.009576
2.606083
-0.290051
1.562686
2.260790
1.660779
2.156661
2.069565
1.917056
0.939255
0.768262
3.401078
1.771179
0.206884
1.461479
2.010565
2.247165
1.370999
0.575679
1.129877
-0.284164
1.043397
0.691191
2.964959
0.125022
-0.025527
2.869642
2.385325
-0.928710
-0.107237
1.697880
-0.043384
1.811253
0.465279
0.113433
1.114985
-0.261925
1.318677
2.019649
2.016424
1.260393
1.896377
2.537135
1.072541
2.663645
2.317115
0.310410
1.114624
2.416635
-0.617174
2.298497
0.294618
-0.878489
0.369126
0.020573
1.081818
0.902162
-0.572706
1.213464
1.279612
1.821493
0.943635
-0.130569
-0.788700
2.950855
0.203398
0.423378
1.256527
2.041948
-0.056687
-0.526793
-0.070384
-1.023984
1.566419
0.280725
0.228231
1.440117
2.621923
0.728280
1.381791
0.819337
2.083279
0.585548
1.231731
1.567355
2.188332
0.529066
1.635852
1.159017
1.471771
0.569905
-0.034465
0.097152
-0.081315
-0.119198
1.037565
1.037724
0.738343
1.176762
0.814770
2.295062
1.015273
0.796530
1.635197
-0.259301
-0.624710
1.090284
0.917006
1.241332
