1000
2.236553
1.437302
1.159083
0.432647
0.592154
1.200361
0.794371
0.263868
-0.434348
1.120898
0.747164
0.278408
0.994936
1.807069
-0.036772
0.702196
0.910660
0.292611
1.682217
0.181374
0.274991
1.123088
2.437755
1.162796
0.677153
1.473611
0.561607
1.983792
1.752715
2.113503
1.742725
2.139638
1.015800
-0.148919
0.237740
1.912167
1.948369
0.689684
0.103277
-0.242409
1.241741
-0.305526
2.643468
1.846778
-0.881256
0.607430
0.266959
0.182183
0.447403
1.929953
1.581176
0.840395
0.259577
0.703572
0.250537
1.342203
0.228843
1.371091
1.978882
-0.032248
1.575230
-0.297183
-0.000526
1.043346
0.785427
1.180322
-0.004286
1.098913
2.290272
0.545958
1.519107
4.092036
1.770935
0.713842
0.201022
0.499911
0.680339
-0.477720
1.793914
0.627379
3.030659
2.856444
2.255319
1.002774
1.864008
1.782173
0.366381
0.648244
1.049436
0.208014
1.502830
-0.857444
2.907840
2.253100
0.314260
-0.238542
1.431140
0.426198
0.742925
1.333653
0.980449
2.685938
2.509241
0.367821
0.648047
0.542227
1.379577
2.227821
0.549072
0.388900
0.206691
0.816714
0.330050
-1.026025
0.497978
1.271913
0.051388
0.347650
1.590220
0.737299
0.705216
0.275204
1.866770
-0.419965
0.419248
1.462077
0.802362
1.266098
0.260472
0.507508
1.723035
0.704366
0.212933
1.582647
0.083789
0.996462
0.541145
0.857422
1.051245
1.966363
0.825408
1.677854
-0.501614
1.681585
1.654117
0.030671
0.153941
0.215406
0.065496
-0.337415
-0.275220
0.107200
1.038257
2.433711
0.569359
2.056906
-0.535876
-1.388365
0.631998
0.924579
0.475616
3.122000
1.116437
1.520282
1.165512
1.805767
1.891120
-0.688204
0.507769
0.246222
2.404503
1.663954
0.520136
2.708554
0.402585
1.049878
-1.170686
1.137531
3.038380
1.565919
1.967377
1.815844
-0.575733
1.664970
1.940034
1.499519
2.464145
0.832181
0.832344
0.464520
1.545526
0.238313
0.781220
0.690547
2.257051
1.101285
0.963675
1.451729
2.191128
-0.230318
2.904261
-0.568378
1.175428
0.898329
0.989766
-0.271963
0.460629
1.993318
1.574236
1.912469
0.673413
2.009141
-0.352334
1.984757
-0.449987
0.305547
-1.167225
1.869658
1.836167
1.604531
0.493337
-0.595863
0.576143
1.642909
2.838397
0.134651
-0.242160
1.786496
-1.249863
1.819480
0.611198
0.134603
2.340843
0.682333
0.084607
1.496007
-0.014775
1.560035
1.441667
-0.332676
2.058464
-0.319266
1.909861
1.126736
0.235850
-0.586773
1.300046
1.965580
2.081763
-0.014193
1.337052
1.109343
-0.994578
2.164088
1.324554
0.645697
-0.009244
-0.970741
2.034952
2.570492
0.309709
2.005206
1.611515
1.938533
0.705401
-0.060234
0.666002
2.760412
-0.349022
1.220934
-1.807988
0.556292
1.421643
2.122200
1.016485
0.510119
1.105561
0.662416
0.162138
1.031218
-0.973205
1.087425
1.041946
-0.156838
0.431984
1.000867
1.627101
0.050928
3.283746
-0.299166
-0.011942
0.179865
1.545612
2.551193
0.756421
0.913542
0.425135
-0.050383
-0.302396
0.634199
0.686330
1.307041
0.629307
-0.721406
1.290500
-0.466784
1.658458
-0.355625
0.141064
0.404052
1.327036
2.004320
-0.347785
0.481812
0.611695
0.945665
1.074498
-0.344171
-0.055736
2.233801
-0.828035
2.352913
2.046194
1.200729
0.968894
0.693337
0.150392
0.659613
1.837454
0.648785
1.065277
1.059203
0.514313
1.572833
2.135637
0.456737
1.758966
2.467119
1.175329
-0.086198
1.323199
0.245184
2.019679
1.509042
1.752865
1.473404
0.375259
0.246104
-1.247861
0.135479
0.297241
1.984070
-0.310439
0.654896
2.749003
0.503927
1.455905
0.264865
0.834895
-0.131303
2.969583
1.908412
2.175962
-0.213388
1.054504
1.326240
0.279639
1.001146
2.280682
1.908446
1.746143
-0.966668
1.455227
3.224095
0.740266
-0.292342
0.851417
-0.697564
0.848396
1.734578
0.073925
1.794084
0.269339
0.004760
1.504116
0.036235
1.826555
0.428700
-0.610575
1.021122
1.149887
-0.022493
0.651241
-1.372562
0.589056
0.400272
-0.209594
-0.791311
2.398453
0.637654
1.746836
1.721414
1.559998
1.856564
0.451005
1.227512
1.150901
0.170839
0.393733
-0.802935
1.477237
2.171700
2.676053
0.842245
1.454165
0.226119
-0.806921
1.847462
0.706443
3.416418
1.260413
2.057859
0.102367
2.134869
1.710174
0.183293
-0.289170
1.059040
3.419279
0.691499
-0.748624
-1.061281
1.247725
1.623353
3.383726
1.673260
1.332475
1.516283
-0.949456
0.217783
1.957429
1.066610
-0.454328
1.399896
-0.687715
1.722150
2.614895
2.155862
-0.075477
1.828399
2.978001
0.846145
0.981002
-0.218103
0.968400
2.586803
-0.135463
-0.679902
-0.292011
1.641245
1.128053
0.989769
0.392375
4.831433
1.304651
0.909125
1.339050
0.712622
2.346157
1.496411
-0.789619
0.745389
1.753150
0.759938
1.601444
0.956121
0.281844
2.931187
2.095590
0.430917
1.519153
0.951925
1.760586
0.869636
2.269383
-1.519352
0.699097
1.673551
2.436479
1.737809
1.406390
-1.105963
4.576319
1.710393
1.760878
-0.402426
-0.052097
1.951406
1.267383
4.123195
0.504005
1.459621
1.806488
1.238750
1.383302
1.597133
-0.116739
-0.102857
0.116309
0.917235
0.530427
0.593286
1.543011
-0.403925
-0.074661
1.889020
-0.646324
-0.323178
1.184346
1.842799
0.464083
1.435088
0.940237
-0.848897
0.226353
1.623189
1.699058
1.662924
1.282464
1.071226
0.598477
-0.273963
1.483539
0.640086
0.621648
1.975931
0.130964
-0.272937
1.279991
1.212497
1.736334
0.530428
1.800970
1.025492
1.619984
0.529471
1.786489
1.273307
0.665549
1.593418
1.388161
1.905081
1.346389
1.181505
-0.940689
1.283495
0.479792
1.182446
1.088945
2.251310
-0.612108
1.940317
0.581372
0.362969
0.592129
0.543496
1.046494
2.335746
2.339198
2.824484
0.569809
0.757752
0.851376
4.443842
-0.439358
0.516041
2.056668
0.751504
2.459828
1.561071
2.177821
0.838296
1.707145
1.033499
1.689991
-0.155418
1.220446
2.180965
2.018454
2.472389
1.448136
0.680450
1.802105
1.390275
0.783592
0.492897
1.478475
-0.735747
-0.191608
2.641524
0.916901
0.918112
-0.059235
1.045980
1.986885
1.538014
1.458733
0.660799
1.135766
0.623357
1.145936
0.777016
1.686692
2.678475
1.288854
3.526370
1.084941
0.665482
-0.361696
1.847030
0.767493
0.218324
1.242340
0.599103
0.716726
2.643180
2.000162
0.074831
1.168228
1.665208
1.595154
1.340285
2.356490
2.099426
2.904693
1.643095
1.720370
0.622795
1.933638
0.167038
-0.240846
0.507328
1.160502
0.856739
1.155013
3.712665
1.343865
0.846669
2.033802
1.153956
0.828246
0.089165
0.943100
1.678561
1.138478
0.078763
1.360945
1.787021
1.472390
0.234960
-1.089782
0.692698
1.236900
1.857489
1.716386
0.823788
1.185906
0.108086
-0.052772
1.629022
-0.022588
1.009710
1.840782
2.236630
-0.365952
1.172975
0.669805
1.552638
2.195646
1.073339
0.891838
1.182912
1.192557
0.587119
1.295062
1.655947
1.623278
-0.357036
1.513194
0.241314
2.255639
0.683663
2.541629
2.710745
1.594874
0.634037
1.305342
-0.152535
2.514887
2.530784
1.548725
1.479315
0.915059
-0.492638
-1.176075
-0.541696
2.092641
1.053630
1.597259
-0.198190
1.579493
1.583248
1.395908
2.373120
0.888272
2.827175
1.781264
0.415346
2.181291
2.672397
1.600296
1.269325
3.108335
0.645336
0.933325
0.115092
1.641272
0.944190
0.981251
1.612516
1.474919
0.281048
1.454044
-0.481588
0.422264
0.804227
-0.069205
2.275900
2.199222
2.463298
0.510197
0.513701
2.163839
0.693836
1.426748
1.046860
2.520115
0.327272
0.603172
2.038666
-1.106903
1.839247
-1.801595
1.368133
0.901991
0.429508
0.120464
1.961678
2.284515
1.376041
1.419908
0.820565
0.204442
0.655969
1.470643
-0.147602
2.139652
0.787450
2.410622
-0.040294
1.984169
-1.959349
0.738408
1.303278
2.061173
2.035171
0.328936
1.870238
2.479451
1.079747
0.992066
-0.450796
1.553106
0.791829
1.082420
1.209936
-0.227646
0.890978
0.529974
1.923838
3.050989
0.455630
1.167271
0.873573
1.922852
1.875246
0.680572
3.139551
1.193351
2.560803
1.115879
1.593880
1.469966
1.151071
1.063691
-0.337758
1.642385
2.534237
1.613240
-0.021952
1.174213
-1.086068
-0.040500
0.119252
-0.137623
2.939332
0.192400
2.018469
0.130242
1.846324
0.739033
1.717241
-0.435867
1.214279
-0.307537
0.027095
2.032715
2.121826
-0.807683
2.714758
2.109430
2.183356
2.027976
1.538825
1.490326
1.216150
1.883613
-0.672279
1.312880
2.768755
0.365509
-0.000411
2.421266
-0.702584
3.156087
0.262245
0.744340
0.658076
0.383757
-0.136556
1.791836
2.947396
1.584483
1.289413
1.177896
-0.308990
-0.537313
0.202369
0.586456
1.177220
-1.251270
0.734859
1.746610
1.798250
-0.970946
1.625389
0.553963
1.605580
2.599584
2.197278
-0.004481
0.976950
-0.689967
0.953548
0.834896
1.615749
0.448729
2.513194
-0.590342
0.744477
-0.011484
0.841903
1.809904
1.154542
2.097988
1.089078
1.734265
2.312477
0.183375
1.412363
2.352362
2.053309
1.219881
1.547213
0.848656
1.809692
0.510776
1.971238
2.142575
-0.199126
0.202391
1.721667
0.192768
2.787479
-0.514611
0.592635
1.426880
0.851321
1.062303
1.273871
1.518944
-0.129701
0.424835
0.530139
0.764018
-1.824137
1.894228
1.587954
0.252270
1.469443
2.195424
1.683590
2.160905
1.206449
1.828218
0.198213
3.007452
-0.168036
0.331261
1.891483
0.514463
0.731960
2.199366
0.986162
3.784816
1.555586
1.886505
1.709272
0.573072
1.284170
0.313746
1.621914
0.466466
1.357182
0.984445
1.747680
0.698405
1.030927
1.877770
2.660041
2.634511
1.633655
1.631937
2.201027
-2.242763
-1.092454
1.058761
0.308519
0.601446
1.354562
1.109214
1.046050
0.742173
-0.131800
2.648717
-0.659201
0.103246
0.159635
0.161727
1.761693
1.107546
0.507141
0.862192
1.806480
1.673521
1.050049
1.172222
1.144407
0.050720
-2.070811
2.285875
0.871057
2.616118
0.796824
1.112435
0.979345
2.690076
0.618377
2.446617
2.021167
0.551189
-0.041012
0.489995
2.119824
1.095752
0.480004
0.482091
-0.772827
1.888140
-0.540929
