1000
-0.052607
1.020858
1.328481
-0.458815
2.255864
0.538860
-0.766860
0.818775
-0.572091
1.168006
0.225876
1.885596
-0.077513
2.449305
1.018669
0.857468
0.863597
0.998558
0.075811
1.768200
0.519476
0.350973
1.040408
0.964995
-0.046151
-0.979165
0.343718
0.816246
1.038618
2.067806
-0.287545
-1.331385
1.033912
1.179165
1.861389
0.092720
0.961975
0.706330
3.384713
-0.786217
1.104264
0.199406
2.084223
0.891575
0.882043
3.235543
0.950425
1.196998
1.018913
1.598320
1.132586
0.772425
1.393504
1.398611
1.011352
0.720067
1.647096
1.703961
1.917146
2.749981
1.380201
1.496025
3.610997
1.008247
1.110820
1.252891
-0.418499
1.657599
-0.761600
-0.643920
2.314438
0.603086
0.733722
0.221960
2.148471
1.585492
1.743772
1.582702
1.038246
-0.881155
2.368061
3.164944
2.581227
1.160632
0.725543
-0.671657
2.382476
-0.905125
2.093629
1.682213
1.617317
0.867172
0.304748
1.055783
1.523966
0.415375
0.469135
1.179343
1.409707
1.533383
0.905607
2.040917
-0.026978
1.190474
2.852574
2.309673
1.144304
2.914593
1.550729
0.413378
0.818870
0.368000
-0.213501
-0.686620
0.444048
-0.766063
0.424313
0.844255
1.501005
0.036556
-0.816706
1.727364
-0.087802
-0.005991
1.390948
1.426158
0.449900
1.231078
0.880025
-0.416018
-0.628753
1.975620
-0.235930
-0.164428
0.229540
2.493286
-0.017759
0.439129
2.106319
2.406912
2.596848
1.099882
3.343365
1.501680
1.344960
1.334014
1.594081
0.239576
-0.442740
2.408441
2.536464
1.942633
1.180174
0.873352
1.447166
2.233048
0.747795
-0.128099
2.724863
2.181471
1.077563
2.566583
-1.450484
2.433310
0.280687
1.369115
1.031989
0.504668
0.758640
0.731470
2.576618
2.023641
0.314024
0.575269
2.123319
0.338816
0.792568
2.026461
1.477737
1.847304
1.402483
0.562758
1.301722
1.384924
0.695383
1.848771
1.244486
0.813368
1.733729
1.928710
1.721657
1.871784
0.208326
0.546851
1.003931
1.777659
-0.094835
0.680808
2.839659
1.019350
0.057949
1.682837
0.717556
1.147701
-0.219271
0.653120
-0.210868
0.647089
0.396215
0.806857
2.464981
0.756114
-0.869947
2.350317
0.357402
0.517249
0.009495
1.201245
2.174514
0.393033
2.033480
1.353294
0.718767
0.106594
1.126473
1.839840
0.296661
0.744976
1.634877
-0.080057
0.916236
0.121061
2.866951
0.453096
0.933790
0.148916
0.038269
2.080164
-0.153391
0.931828
0.447366
-0.245314
2.059411
1.847234
1.679729
1.022638
0.776140
0.167124
0.360925
0.497303
0.660159
0.190172
0.902803
2.141598
1.210940
-0.646652
1.392843
1.131951
1.262472
-1.054900
0.699075
3.057458
2.552939
0.692952
1.750647
1.561239
2.867427
0.998052
0.016546
2.414399
1.178624
1.610138
0.881467
0.629560
2.271723
1.464753
2.068175
1.095765
1.801474
1.433353
0.629828
0.248517
2.929107
2.817965
1.928968
1.671532
0.278470
1.243997
1.423001
2.737312
1.924147
2.695919
0.936518
0.191396
-0.064682
2.149355
2.204439
1.989973
0.913869
0.060878
2.087320
1.996513
2.359704
0.553169
0.880383
1.750564
1.677994
-0.407876
-0.173330
1.103764
1.851981
1.472825
0.350942
1.421420
0.604910
1.577167
1.160065
0.474319
2.342985
0.993735
1.071718
0.425428
1.045245
1.134813
2.131383
2.313096
1.808760
0.855182
1.108546
-0.064633
0.534565
0.541345
2.287334
0.508588
1.404792
0.583204
2.021641
0.824149
1.873559
0.886457
1.099261
-0.144847
0.553661
1.383511
0.884129
0.092724
-0.108092
-0.408573
-0.750171
1.212741
1.952065
0.907489
0.872967
0.628877
0.629034
-0.742499
-0.553699
-0.904281
1.068575
2.393660
1.018503
0.972388
0.473726
1.661238
2.058045
2.149680
0.979107
0.065961
0.716815
2.704463
0.781538
1.333220
1.050324
1.510769
1.021161
1.496411
1.639567
0.146747
-0.470922
-0.114340
0.261476
2.429729
0.224576
-1.297878
1.123129
0.354796
2.831094
1.241188
2.073239
-0.168947
2.099841
0.247754
0.782901
1.329519
0.806752
0.907044
0.713227
-1.034377
0.908930
-0.851603
2.289267
0.452639
0.811885
-0.634224
0.967795
-1.105548
0.692440
-0.983555
2.563292
0.216795
-0.539048
0.155876
1.727637
1.634533
1.316257
0.432951
2.082355
0.798716
1.412321
0.785991
1.413174
-0.289039
0.412703
1.734097
1.931567
1.537668
-0.156041
0.027018
0.793491
1.319558
0.569200
1.778523
0.892891
0.842630
0.059613
2.160109
-0.607806
0.124705
1.330882
1.692549
0.528868
2.123818
0.999581
1.161410
1.820383
0.435922
0.243005
0.412123
1.389683
0.716401
1.510274
1.998831
1.358708
-0.440499
1.871374
-0.278365
-0.004139
1.082007
-0.089564
2.006961
0.608383
0.438886
0.840809
0.443433
0.463158
0.198186
0.675211
1.376925
0.614317
1.758749
0.300801
1.517380
3.069173
0.790666
0.990828
1.493193
-0.199428
2.257096
2.744724
-0.976491
1.102795
1.200059
0.383336
0.930630
1.412397
1.837571
-1.223112
-0.342492
1.516044
1.194498
1.368995
1.208783
1.245531
0.513237
0.569826
0.731117
0.172703
0.702692
0.083798
2.542885
0.693318
1.513272
0.799394
1.036474
0.394328
-0.993785
-0.210996
1.615522
0.381855
0.163449
0.510586
1.656646
2.895797
0.494763
1.408139
-0.328739
0.959711
2.092883
-1.122940
2.260278
2.315239
1.067534
1.380909
2.184071
3.198458
1.015117
0.445281
1.714291
1.540644
-0.213981
1.912566
0.922117
0.395185
0.062963
1.027640
1.017339
0.986687
-0.380564
0.453949
2.090543
0.197601
-0.330385
0.991833
1.210433
3.325239
2.705124
1.232800
2.496112
0.674390
1.376700
1.419421
-0.019541
-0.263792
0.265526
3.313843
-1.063459
1.774275
0.215590
1.906068
2.026733
0.011713
0.285690
1.981703
-0.039744
-0.417648
1.797565
-0.779383
0.628556
1.684777
1.193726
2.178832
0.605464
0.470155
-0.784981
2.133626
0.276564
0.653875
0.421615
2.237455
1.011081
-0.042627
1.044657
2.124591
2.956454
-0.862267
0.295151
1.387524
0.643133
-0.364948
0.734720
1.001605
0.372909
0.805473
2.047886
1.217038
1.813470
2.151301
0.723025
0.592824
1.214472
0.600288
0.008140
1.015499
0.570258
1.229287
1.496090
-0.281173
1.357503
1.867989
-1.643680
1.441955
0.910609
-0.078879
2.314123
-0.325140
1.556694
1.150385
2.335058
1.076211
1.141862
1.786748
1.340586
0.138102
2.288953
2.645231
1.911283
0.760928
0.488514
0.959250
1.043664
1.168448
0.740134
1.293405
1.133727
2.223058
2.107828
3.183103
1.975343
-0.158091
2.310825
2.151099
0.212101
-0.411087
-0.521258
0.029296
1.343560
2.143825
1.938233
1.025466
0.076915
0.881237
2.000049
0.049684
1.771690
1.008898
0.798931
0.316331
0.959459
0.813987
1.352991
2.321716
2.099873
2.017099
1.060150
0.090009
1.954567
1.782876
1.107966
-0.353892
2.608747
1.904372
-1.682693
3.847223
0.851904
-0.084558
1.195990
2.021179
-0.460183
2.217936
-0.091106
1.040429
2.022407
1.426234
-0.093567
2.521591
0.229851
1.184300
2.774486
0.291434
1.951213
2.283554
0.391961
0.315930
2.714869
1.183750
-0.140443
0.614957
2.149034
1.300445
-0.536088
1.284812
0.010905
-0.310889
0.767068
0.046605
-1.700368
0.820510
0.129528
1.012464
0.438410
0.775079
2.130397
0.295755
1.796513
1.544809
0.972448
0.573017
1.226540
2.134586
2.572554
2.238822
0.725145
-0.413388
-0.961435
1.694286
1.494729
-0.314955
0.028993
0.946180
1.785878
0.718539
3.023706
1.744711
1.204260
1.152643
0.785875
0.912304
0.916577
2.313226
1.046058
0.401040
3.621173
0.111628
-0.041134
1.970442
2.588212
0.259302
1.980411
0.552077
0.160760
1.296774
-0.058663
-0.611135
0.407925
0.436002
0.888589
0.182272
1.062604
1.361654
-0.248564
2.204159
2.136091
2.050772
1.366569
1.306118
2.471885
0.470697
1.164295
-0.712624
1.013573
0.831249
0.158007
-0.077392
1.009766
2.377975
1.353020
0.384364
-0.581313
1.324843
0.673216
-0.285885
1.610429
-0.568159
0.941041
0.573360
1.098859
2.622214
0.837042
0.202497
1.565593
2.692927
1.826216
0.579837
0.999267
2.190737
1.028204
0.657798
-0.123474
1.651300
-1.000901
-0.684429
0.312178
-1.066870
0.583279
3.180575
0.208188
2.190310
0.691614
0.324216
0.674627
1.858031
0.002211
0.668833
0.099242
1.399754
1.277890
2.018913
1.199298
1.297027
1.237470
1.571499
1.329669
0.013570
-0.294989
1.875978
0.381921
-0.241045
-0.217090
0.629528
0.480019
-0.127309
-0.327132
-0.004162
2.095776
1.563749
1.329253
0.672458
1.518622
0.952438
0.860965
0.641110
2.261355
-0.529160
0.105025
1.217963
0.952025
0.416690
-0.338804
-0.069197
1.400759
2.408007
1.006421
0.354374
2.143113
2.118555
0.444466
0.061305
1.939366
-0.475853
1.705736
1.630213
-0.080010
0.469180
0.575825
1.713745
0.764201
0.720327
1.660653
0.974578
0.574862
0.223687
-1.380592
1.597790
1.816649
0.947567
1.421658
2.413888
0.821627
-1.884022
2.727608
0.968299
1.313785
0.983766
0.896410
1.955837
-0.843401
1.202504
1.873327
-0.058702
0.781636
1.904988
2.999622
2.724496
-0.537358
-0.178105
0.769697
2.613198
1.427960
-0.135551
1.505864
1.254330
1.728934
1.804381
1.225631
-0.426876
0.925394
1.627393
0.386491
0.560300
1.205763
1.188241
0.716989
1.409161
-0.810815
0.506341
0.230539
1.996418
0.431538
-0.618620
-0.826820
0.726455
0.138447
0.344861
0.622126
0.510245
1.403307
-0.231491
0.695025
-0.299197
1.009012
-0.056247
1.190251
0.886639
0.134528
0.439089
0.082382
0.710051
0.729631
0.281703
2.726205
1.614510
1.806461
-0.361973
0.453102
-1.123525
1.735375
3.508924
0.211372
2.034120
-0.682139
0.509459
-0.911220
0.788058
1.175411
0.805790
0.960728
0.632070
1.134234
0.479886
1.322347
-0.119385
1.682173
2.676443
3.445341
1.281274
1.386122
1.101498
0.636755
0.312879
0.896989
2.292069
1.600379
0.544432
1.496018
2.242646
0.410104
0.072501
0.015643
1.269829
2.114191
0.371989
-1.149420
1.648664
1.041940
1.901596
0.745458
0.488653
-0.127787
0.417139
-0.124874
-0.195476
1.219281
-0.034257
1.655204
1.910216
0.879001
0.909618
0.062805
0.024730
0.924403
