1000
0.617599
0.980457
-0.298912
0.129795
1.593719
1.763736
0.956230
0.892016
0.538347
1.878944
0.325314
0.009946
1.390902
1.870820
-1.319260
1.987508
-1.320163
1.435226
1.268780
0.358810
0.115785
1.860933
0.825632
0.074576
1.009173
0.353345
1.153827
2.162057
0.597988
1.957473
0.867984
0.260590
1.373016
1.647592
0.793657
1.954695
2.803382
0.987875
0.884450
0.003568
1.583261
1.467463
2.111626
2.256621
0.091357
2.154397
2.522722
0.993598
0.793397
0.026531
2.876632
1.226550
0.695733
0.039496
0.772505
3.235210
0.387837
0.262655
1.347202
1.178624
1.693366
0.876425
2.003457
0.179941
0.632962
0.933428
2.977580
1.912560
1.209678
1.175884
2.650074
1.589860
1.746086
1.462089
3.148553
2.059470
0.558562
0.283451
2.513484
0.548428
0.595209
0.675462
1.660801
1.991315
1.644215
2.040344
2.068754
1.189296
1.532784
0.572870
2.561783
0.616706
2.357897
0.156737
0.001295
0.132713
0.469286
3.561945
1.099196
2.918955
3.501131
0.299426
2.560848
1.535904
2.448578
1.827635
0.707071
0.492241
-1.394263
0.904273
2.137423
-0.627999
-0.951608
2.259620
-0.326603
1.266306
-0.827266
-0.113526
1.103697
1.172505
-0.320432
2.401183
2.417558
-1.033010
-0.684650
-0.282556
-1.235958
1.236944
-0.789851
0.541377
0.977100
0.634988
1.200230
1.598926
0.445229
-0.452146
-0.322180
-0.105411
0.280622
1.220969
2.476971
0.911663
-0.582118
0.282722
-0.357953
-0.058844
1.337070
1.268348
1.707929
-0.030923
1.194427
0.568027
0.509041
1.658986
1.786710
1.465426
0.289403
2.185713
0.630361
-0.410732
0.355968
-0.022381
0.776039
0.161126
1.245575
0.968034
0.668455
1.580276
0.503234
0.917236
2.207314
-0.851959
0.563771
3.426283
0.273126
2.409653
2.407279
1.096541
1.254789
0.694591
-0.112542
0.846829
1.636494
0.359141
1.558283
1.242137
1.853610
0.246812
2.688977
0.541054
1.587265
1.224348
1.562162
1.003646
2.248386
1.536158
1.244082
0.722135
1.049067
-0.335517
1.288215
0.195588
-0.126292
0.124293
1.528508
0.923823
2.607308
0.297016
2.342702
2.317410
1.226700
2.036611
-0.643896
-0.478139
0.986718
-1.083947
0.708521
-0.884442
1.463656
0.732566
0.932645
0.148547
1.843417
-0.403000
1.647663
1.471952
2.917456
0.542309
-0.418338
0.684661
0.033755
1.163198
1.500493
-1.300973
0.720126
2.352425
0.055550
1.125556
0.425791
0.618622
-0.030347
-0.474517
0.734367
1.866607
-0.233765
-1.090026
-0.135635
-0.379819
0.551209
-0.922874
0.951892
2.456873
2.031001
1.314709
-0.260545
0.881489
-0.087385
2.186377
-0.785024
1.711998
1.333076
1.422957
0.347194
1.002201
2.288956
1.806108
1.041494
0.513682
1.986446
-0.114404
-0.813131
1.505904
2.241670
1.884838
0.242574
1.428351
1.023492
0.797157
-0.845421
3.030662
-0.125621
1.573302
1.720373
1.695387
1.521620
0.331009
0.460093
2.723479
-1.025474
0.581924
-0.261382
0.679911
1.875674
1.973835
1.285508
1.746325
2.043828
-0.508022
0.195988
-0.797027
0.403572
1.568997
-0.705802
1.266142
0.991674
1.664004
1.875372
-0.559011
0.407063
2.894547
1.498195
-0.048201
1.608856
-1.101494
1.332727
-0.086927
2.115790
2.760807
1.676419
1.707990
1.717556
-0.719127
-0.165338
0.725164
2.269432
0.612897
-0.000209
0.729809
2.137987
0.119383
0.342601
1.140446
1.608935
0.556412
0.407680
0.684727
1.137942
1.580703
3.781554
0.875678
1.042828
-0.408646
1.869175
1.367920
1.607544
0.397939
1.366447
1.755343
-0.272058
0.747151
3.151321
0.312425
2.866171
0.975066
1.089242
2.939216
1.488049
0.957050
0.507513
2.069244
2.199599
2.603160
0.266870
-0.186143
0.619160
2.248991
1.153511
0.358190
0.734688
0.887249
1.633471
0.222509
2.071176
1.167116
0.848763
1.774897
2.308465
0.234149
1.664976
0.582789
0.523560
1.536297
1.836171
0.972673
0.076508
1.495488
1.017696
0.017380
-0.724741
0.474099
1.897920
0.805768
2.118061
0.251773
0.694386
0.490503
-0.247900
2.732341
0.245432
0.893426
0.087582
-0.603734
3.296344
0.579927
0.081892
0.072202
2.397693
-0.263904
0.162346
1.296955
0.740982
-0.278631
0.266914
1.318483
1.175220
-0.014264
2.376041
-0.383872
2.320800
-1.350758
1.069936
0.855132
0.389452
1.560409
0.336786
1.755854
1.616274
1.685116
0.118827
0.732322
1.187546
2.625806
-0.153352
-0.273617
1.092243
1.697380
1.216309
2.137527
2.181584
0.424671
1.544248
1.091690
1.069066
-0.001196
-0.781092
0.529965
-0.046569
0.168539
1.027489
-0.436093
0.542739
1.647779
0.533633
2.173596
1.562217
1.060627
2.934463
1.118285
0.755738
0.567624
1.639543
1.160872
1.120569
1.940608
1.244194
1.675108
0.117579
0.250561
0.900533
2.320514
0.883276
0.750187
0.581194
0.290074
-0.664799
1.284739
-0.094181
0.802977
0.810307
0.707396
0.141474
0.572737
2.794920
0.386761
0.754697
-0.366658
2.119918
1.257855
1.093828
0.820224
0.438709
1.573032
1.261719
1.830486
0.111612
0.613329
2.083757
1.767903
-0.082298
1.926883
1.587826
0.460941
3.895046
1.866743
2.287041
-1.501360
0.989547
0.990076
0.587345
1.201982
1.922513
1.603471
0.558535
0.966247
1.544320
0.466302
0.277475
0.153038
-0.227835
0.842680
2.096953
1.389230
1.892782
-0.049654
1.291253
0.110455
2.034155
2.005986
1.038554
1.631360
0.875380
0.885624
0.244043
-0.221468
0.952406
1.363640
-0.028903
0.703701
2.520639
1.371853
1.701245
0.237760
0.335970
0.028344
1.676749
2.395695
1.434271
1.465886
0.601548
0.816786
0.945747
0.812003
1.906388
0.469539
3.369636
0.460600
2.413466
0.638841
1.574754
0.886799
-0.735368
1.905131
0.481376
1.308893
1.359525
-0.182893
0.910970
0.508880
0.227671
0.223677
1.188554
-0.225099
1.331791
1.041291
-1.280977
0.736235
2.801279
0.549183
1.815844
0.333606
0.374504
1.679214
1.136925
1.812111
-0.846594
1.935471
2.128395
1.374386
0.071142
0.529474
1.843823
-0.022516
1.466693
1.229543
0.424830
-0.123807
0.052152
0.526770
1.024055
2.836177
0.965148
0.979269
1.000460
1.045580
1.012511
2.379959
1.504425
0.692730
1.623612
0.247153
1.608728
-0.266791
0.095932
0.519803
0.303875
0.636377
1.846422
0.311130
1.649811
2.498757
-0.275989
0.141234
1.175916
1.654510
-0.520133
2.815460
2.588968
-0.876379
2.683200
1.075978
0.215455
0.369834
0.450972
1.215945
1.338652
-1.699416
0.845586
1.396134
1.346507
-0.245263
2.544349
2.412740
3.356800
2.237633
0.800290
0.851901
2.964786
1.149601
1.086622
-1.200635
0.745983
0.963143
1.974416
0.402004
-1.321375
1.932199
0.459995
1.532787
1.144662
-0.248857
1.770932
0.520589
0.272214
0.207308
0.549760
-0.157926
1.002021
1.060009
1.244296
1.319454
0.395237
0.467803
1.778229
1.684975
1.057940
2.394543
1.652466
-0.375715
1.100723
1.935534
1.355477
2.194839
-0.067920
1.587251
0.207077
1.745453
0.613351
-0.283282
1.120988
1.983909
-0.664883
-0.688872
1.598140
-1.466338
0.885397
0.477958
-0.503560
-0.166369
0.693978
1.855558
2.367350
1.698495
-0.246254
1.745032
0.268405
-0.183377
0.403702
1.768719
2.151922
-0.514200
-0.834418
1.095619
0.483715
2.162697
0.701310
-0.374650
0.314803
1.567041
1.063834
1.244771
0.477164
0.451541
1.732532
-0.204232
1.429733
1.386855
-0.165612
0.551286
0.416162
-0.089139
-0.323472
1.072007
1.870898
-0.861675
0.422205
0.938901
-0.464903
2.448642
0.515833
2.519036
1.181271
0.463528
2.059872
0.781040
0.293681
1.370687
-0.295197
0.258603
-0.644787
0.017116
1.013844
0.763813
-0.496728
2.100779
-0.726632
0.108602
-0.546682
1.658528
2.583145
3.231264
-0.745406
-0.560724
1.191187
2.049020
2.459536
1.770279
1.294436
-0.027469
-0.039839
0.081099
1.515913
-1.613680
1.274931
1.371477
-0.856051
1.215820
0.863132
0.862366
0.843974
0.371582
0.381097
1.704546
1.089917
1.447745
-0.049096
1.269424
-0.334251
0.626904
0.349863
0.596295
0.484305
0.057521
3.180802
1.349764
0.671255
0.039396
1.156886
1.859551
1.329987
0.532331
-0.366356
1.717751
1.627549
0.377939
3.956389
1.611058
1.964949
1.595556
1.038376
1.021018
1.112649
1.549735
0.867622
1.627123
2.433486
1.200044
0.756575
0.280648
0.702277
-0.159511
0.984878
0.633957
0.755030
0.749889
2.046597
2.267463
-0.740737
1.525727
-0.216811
1.333682
0.222403
1.554023
-0.397083
-0.439175
-0.514549
1.981822
-0.064837
-1.226881
2.468709
1.827162
0.879238
1.293902
0.346353
-0.935118
2.145604
1.058779
-0.481926
0.845016
1.565392
0.322010
0.606914
1.712047
2.798365
1.738444
0.820599
0.633694
0.302857
2.212167
0.267095
1.642958
0.838942
2.411618
2.643115
1.485611
1.449846
1.736444
-0.839128
0.379356
0.738804
-0.207308
1.201754
1.575617
1.908592
-0.514172
-0.526432
1.701229
2.454522
0.367464
0.316576
1.813692
2.062532
1.922187
1.018632
-0.060916
1.183598
1.272488
2.586352
1.739984
0.416926
-1.388164
3.036816
0.824817
0.559278
0.325646
1.424183
2.451782
-0.574725
-0.477979
1.272049
1.694239
2.369751
0.464185
1.087014
1.196575
0.361124
0.752537
0.224015
0.317433
0.710056
1.480782
1.937436
1.456845
0.880741
1.556421
1.685006
0.019605
0.880314
1.531037
0.616339
-1.880719
0.707459
-0.246931
0.461344
1.624906
1.699898
0.178236
2.699980
1.266882
1.033892
-0.140326
1.730102
1.683568
0.083868
0.833042
1.513045
2.177515
-0.003078
1.971298
2.699012
1.191213
1.432926
0.419373
-0.185435
1.950394
1.713910
1.135893
1.394549
0.752483
0.464062
1.144253
1.731631
0.686123
0.319147
0.723401
0.632602
-0.556753
0.755428
-0.378121
0.948743
0.887935
0.361725
-1.012905
0.927682
0.251381
0.568012
1.402407
1.348638
1.973563
1.832811
0.100016
0.711253
2.672964
1.230881
1.844485
1.507545
0.706064
-0.749672
1.492929
2.226844
2.219289
0.258127
-0.519512
1.189635
0.693774
0.336288
2.380874
0.645596
0.860278
1.617241
0.875320
-0.137442
0.564465
4.071024
0.384209
-0.991271
0.961319
1.386637
1.825073
0.373521
-0.396541
