1000
-0.213820
1.096370
0.739007
0.259509
1.358430
0.715449
1.715684
0.890432
0.743538
1.425166
1.616501
2.205133
1.825135
-1.116788
1.390217
0.244611
1.178872
0.544149
1.219043
3.379315
0.021439
1.255315
0.823802
1.254097
2.020704
2.742741
1.369132
-1.588235
1.686962
3.612297
1.720834
0.816654
2.407262
1.337761
0.245341
1.889235
0.171558
-0.245393
0.209429
0.923178
1.537362
-0.342089
1.231864
-0.180735
1.552136
1.696083
0.014356
1.394230
3.620280
0.831704
1.655820
1.915025
-0.315061
0.302396
1.614695
1.880525
-0.117026
1.166558
1.922551
1.289134
1.766170
-0.365464
1.818827
2.087230
0.433414
1.190270
1.507035
1.474204
1.012290
0.528923
2.282392
1.727001
0.733757
1.453907
2.083344
1.733595
0.018333
2.015488
0.522400
1.668641
-0.790190
2.067794
1.189319
1.040654
0.446077
0.680467
-0.295658
0.712433
0.875325
0.130381
0.075996
0.918828
1.814052
1.708354
2.626308
2.378027
1.639614
-0.337085
0.839870
0.489946
0.986169
0.797672
0.630395
-0.756049
-0.308100
2.124844
0.833766
0.007249
1.707751
-0.805489
2.486083
1.885249
1.423844
1.626010
0.801035
0.073140
-0.764020
0.509576
2.144683
2.898099
3.246849
0.365782
1.558974
0.258799
1.273115
1.070549
-1.415599
1.555698
1.620061
-0.982919
2.591218
1.383821
1.501815
1.214334
1.134878
0.652583
1.101096
0.939831
0.203641
0.990712
1.931928
1.141779
2.161490
0.472273
0.924815
1.138699
-0.010299
1.021756
-1.395277
-0.122484
1.393229
1.445721
2.099215
0.734838
0.686074
2.068258
1.541806
1.241527
2.298612
1.534501
0.597652
-0.339123
0.863766
1.851287
2.075936
1.881969
0.477441
-1.354535
2.510277
0.679566
2.891714
3.199982
2.156327
3.545625
-0.067848
2.232642
0.850399
0.901070
-0.295262
1.202015
1.146162
-1.165576
1.063389
0.638540
2.596925
0.518251
-0.358485
1.120786
1.621517
2.243901
0.358925
2.427219
1.356964
1.095963
1.198143
1.798636
1.063167
1.130832
2.787212
0.749653
1.957625
0.604517
1.256769
1.698778
-0.778857
1.231093
0.661189
1.718026
1.254196
0.020880
0.225725
1.418598
0.436764
0.911539
1.362200
0.644807
-0.878963
-0.567091
-0.327679
1.100406
2.427005
1.390385
0.004388
1.564053
2.676354
3.453526
0.375369
-0.606964
-0.646756
-0.042429
2.056744
1.166209
2.126024
2.645009
2.677221
1.006491
2.586148
1.111481
0.556188
0.853629
0.552350
1.261192
2.245560
0.720717
2.416711
1.683210
0.106714
-0.098892
0.931842
0.713667
2.184914
2.023848
0.509881
1.474121
1.204184
1.525517
0.214411
1.529504
-1.118344
1.472058
0.788750
1.946409
0.243631
3.994664
1.663303
1.220361
1.117974
2.101168
1.201482
-0.010469
2.077436
-1.446379
0.392456
1.372932
2.374493
-1.088397
2.929425
-0.073495
-0.822155
2.833883
1.747199
1.802936
2.896281
0.164417
0.627251
0.495935
-0.078540
0.889830
1.273732
1.714312
-0.409472
1.077404
0.166736
2.407952
1.878163
0.992158
0.450074
1.746683
1.753551
3.637443
2.397206
0.350538
1.788673
1.112286
-0.325808
0.186655
-0.877660
0.342391
1.087610
1.848006
0.576178
1.214377
-0.683511
1.886872
1.686619
0.847659
2.402436
0.941051
1.627695
3.136889
-0.400952
0.510858
0.970448
1.818832
0.384678
0.968135
0.400479
2.475275
0.946596
0.093751
3.022633
0.898022
-0.239025
2.122073
1.964971
1.240889
0.207101
2.822093
0.981732
0.033345
1.668455
0.858295
2.197756
0.564749
0.930962
0.845448
1.995952
0.333465
2.306197
-0.497394
1.238776
-0.010681
0.100994
1.825068
1.773683
1.510095
-0.918966
1.191297
0.921028
0.940427
-0.568744
2.364924
-0.094915
-0.229991
0.736823
0.877738
1.328896
1.467897
2.075343
0.597691
-1.275231
-0.300071
2.002390
2.030007
-0.036029
0.518565
0.093723
0.268511
0.705719
1.322528
0.289468
0.537624
1.118250
1.646136
1.092210
0.893147
0.865672
-0.941240
1.927614
1.241104
2.877784
0.116590
1.581038
1.409753
1.086465
1.458249
1.935109
1.834581
-0.379304
2.100097
-0.265949
2.084844
1.043603
1.410121
1.017405
0.341977
1.249067
1.656837
0.618034
0.374034
-0.213403
0.639317
1.548896
0.263577
1.292893
1.079008
1.610234
1.203857
0.967832
-0.211694
1.661132
1.331346
0.843581
1.433474
1.167635
0.401470
1.864539
-0.077815
0.554620
1.644714
0.380579
0.629288
-0.185405
1.055162
1.111728
0.946293
1.916490
0.380650
1.056508
0.534530
1.620038
2.493036
1.192193
1.672361
-0.271471
2.243622
1.980875
-0.252563
0.394208
0.368838
-0.184365
-0.207852
1.820749
1.048751
1.221662
1.463903
1.368028
0.731190
2.086747
0.564074
1.504585
3.705004
1.777134
-0.201584
1.477892
1.299720
0.302222
0.999719
-0.943056
0.414594
1.865601
2.551636
0.337673
2.350802
0.339951
0.563840
0.500690
2.027662
0.835759
0.780639
-0.018700
1.436611
-1.012504
0.444773
-0.592306
1.525491
0.277520
0.180302
0.822183
0.898885
0.706145
1.103392
0.710736
0.757872
0.668412
0.952573
2.065092
-0.163563
0.006121
1.812356
3.073223
0.801629
0.491665
1.532120
0.993104
0.758616
1.984154
0.073160
2.176962
1.641195
1.589336
1.031703
-0.650044
2.052425
2.178957
2.053419
2.378211
-0.147279
0.897015
2.007834
0.156295
1.183446
1.478593
0.888377
1.675395
0.395549
-0.220507
0.745267
1.195433
1.371358
0.457227
2.317556
1.405065
0.901761
3.420853
-0.023914
-0.556342
-0.220599
1.069677
1.157812
2.761512
0.567758
1.169182
-0.129307
2.621714
-0.353323
0.226906
0.527761
1.162004
2.507222
0.549551
-0.536460
1.169666
1.980520
0.797971
1.624961
1.739453
1.430746
-0.486788
0.244054
-0.406726
1.514098
0.901377
1.780414
0.730974
2.228778
0.695850
1.612900
2.211325
1.969822
1.284699
0.800546
1.453406
0.512798
3.375413
3.017057
2.004154
1.033877
-0.239018
-0.629393
0.113876
1.191495
2.312396
2.380723
2.300817
0.194178
1.289406
1.378582
-0.893193
1.547478
2.519712
2.018134
1.801896
1.898307
1.489963
1.669337
2.592615
0.240577
0.867157
0.332523
2.786628
-1.267298
1.101914
2.129587
-0.279065
0.533860
2.657926
1.032634
2.273891
-0.893580
1.095230
-0.489467
1.157113
1.696749
1.060147
1.970076
0.969833
-0.159148
1.658118
-0.659349
0.239835
-0.281643
0.124613
0.507718
0.239325
1.208745
0.764196
0.694201
2.021545
1.711967
1.493495
1.378920
1.719885
0.989002
3.213361
-0.047744
0.620663
0.754420
2.915384
-0.433913
1.700256
1.213151
0.280706
1.688153
1.345777
0.848424
-0.638277
2.092404
0.099148
0.020249
1.218770
1.549724
0.532249
0.700605
1.784830
-0.754286
1.020362
1.282904
1.654756
1.655139
1.229113
1.228146
2.374420
1.513437
1.271558
-0.087724
-0.241159
0.511785
0.968336
0.203854
1.313043
-0.486537
0.568904
1.074719
1.121693
0.768420
0.154701
-0.647874
0.322015
0.482501
-0.208689
1.234746
-0.066764
1.191065
1.893942
0.657640
0.845395
0.976780
-1.487743
1.478884
1.184255
-1.463516
0.611574
1.151687
0.336483
0.005578
0.991138
0.731187
2.648989
0.199258
1.847032
1.268216
-0.255227
1.576142
2.095539
0.698992
0.584454
1.995150
1.210156
0.489028
-0.002697
1.391276
0.191139
2.670697
-0.006602
-0.247997
0.404382
0.681721
1.363996
1.488778
0.920817
-0.027704
0.175855
2.754747
2.126076
1.539280
3.297696
0.305716
1.724700
2.986162
2.279647
0.579096
1.831036
2.121658
-1.724502
0.472740
0.903674
1.711179
0.615182
-0.748551
1.136611
1.099155
1.568933
1.039331
1.053787
2.051514
0.009804
1.011931
0.572868
1.227890
0.521160
0.539380
-0.505034
0.005513
1.057205
0.993879
1.341270
1.578561
0.670658
1.317425
0.424513
0.978246
1.867881
1.263157
1.273717
-0.529873
2.038768
1.416692
1.971462
-0.430999
1.427030
0.726561
1.344178
0.009869
-0.355936
0.789590
0.564574
0.749526
1.874851
-0.061366
1.713554
-0.571131
-0.191042
-2.100223
-0.870737
2.925228
1.299357
1.712218
1.787967
0.436756
1.067393
0.803475
1.546408
1.207050
0.964176
1.720021
2.433333
1.355373
-0.531055
2.415343
0.988442
0.431687
0.898610
0.943537
0.320220
-0.369312
0.448093
1.493157
0.791575
0.599601
1.373917
2.848314
1.268987
-1.518947
0.706995
-0.577491
1.685529
0.827834
0.363519
1.564150
1.946489
1.462945
-1.500287
0.792344
-0.732193
-0.054496
4.173078
1.630206
3.819562
-1.276361
2.555545
1.510488
-1.384756
1.056978
0.605383
0.826519
3.251808
0.941432
0.033676
0.749437
0.514004
-0.852189
0.783596
0.628489
1.648838
0.585085
2.611691
0.585802
2.628809
0.579548
1.585901
2.876182
0.681458
0.367943
1.904009
-0.277060
0.651900
2.592962
1.211018
1.769953
1.911745
-0.143925
0.465473
1.669095
0.727349
1.643911
0.575615
1.356231
-0.617336
-0.322873
-0.352145
1.114535
-0.228450
2.203991
0.655865
1.584308
1.956855
2.271426
1.598648
3.396246
1.289087
1.541561
0.198944
2.439015
0.381746
0.464444
-1.386959
2.087261
1.079093
1.278228
1.439151
-1.525544
0.616696
2.605339
0.835079
2.228003
-0.709679
0.600087
1.512056
0.228180
2.032450
1.396098
0.140830
1.675936
1.639055
2.111560
2.117467
1.122273
-0.223491
1.969377
2.655983
0.964837
0.711246
0.107811
2.158822
1.087820
1.587830
1.166253
1.801973
-0.014998
-0.070543
0.876338
1.636446
-1.161439
0.731868
1.176331
0.681350
0.899496
1.802870
1.768691
1.028726
0.326576
2.506247
0.817399
2.127429
-0.086085
1.019148
0.453209
0.773542
1.140258
0.572886
0.884063
1.145516
0.421264
1.347004
0.669072
1.422758
1.284568
0.176515
1.846908
0.265334
-0.562501
2.399066
-0.254137
1.903633
1.860816
2.847992
1.878277
0.167264
2.184118
2.243164
1.062505
1.413321
0.435404
1.027626
0.800164
1.760887
1.772589
1.294328
2.004028
0.662967
0.099633
1.808200
0.654587
0.896004
0.724516
-1.007461
0.490394
1.645321
-0.258674
2.054623
3.296420
0.659051
1.462898
2.165165
1.068013
-0.011062
-0.907813
0.735561
3.004266
1.560033
1.570618
0.216448
-1.551752
0.920168
1.633287
0.585780
2.953629
1.739091
2.923595
