1000
0.837912
1.382408
0.929103
0.452679
1.645886
1.113971
0.807982
0.663435
2.010367
0.460439
0.546040
1.879620
1.043827
2.446515
1.373411
-0.927921
0.354786
0.255200
0.777969
0.625787
2.039549
2.077650
1.947575
2.986313
0.355120
1.066757
1.527505
0.915556
2.362074
1.477714
-0.453304
2.032140
2.128898
-0.381178
2.219614
1.376573
-0.183655
2.548809
0.703068
0.177169
0.303039
0.558418
1.257176
-0.713868
0.650950
0.247250
0.330698
2.136462
0.809200
0.095551
2.552559
1.951403
2.546258
1.870045
0.916637
0.370479
0.712805
-0.797445
1.206292
1.935501
2.002830
1.648387
0.360946
-0.823273
-0.574245
-0.051737
0.093779
-0.600995
0.583472
1.853402
0.792610
1.391942
-0.186688
2.064668
1.258170
0.882911
1.074535
1.649320
3.714487
3.051787
0.118857
-0.370681
1.224383
0.927198
1.912096
0.773624
0.554595
2.249859
3.619609
1.474561
1.647983
1.601752
2.078640
1.712804
2.701836
-0.599907
1.809689
0.878204
1.191673
1.567487
0.244489
-1.083326
0.610192
1.754764
2.477213
1.619170
0.720772
-2.390523
0.173619
1.365777
3.174180
2.657131
-0.165692
1.924581
-1.516565
0.415739
-0.191078
0.511112
0.397785
0.055682
1.600268
1.087153
2.122576
-0.049271
0.933044
1.181139
0.593949
0.746505
0.981844
-0.196613
1.339358
-0.546366
0.507742
0.633940
2.014792
-0.282854
1.953582
0.054337
1.012927
1.438145
1.590310
1.703728
2.498201
0.724335
0.488762
-0.541586
1.944495
1.161633
0.900622
0.499269
1.337327
1.293983
-0.218028
0.257601
1.100468
1.582197
1.078888
-0.181243
1.596775
0.331270
-0.825421
0.603451
2.381086
0.048629
0.075110
-0.497971
0.550820
0.566941
1.157618
0.679294
2.194702
0.789127
1.168110
1.217842
0.823503
-0.392918
0.669477
0.843520
2.004359
-0.064874
-0.530774
0.582370
0.949526
0.690124
1.800337
2.708113
0.697086
1.748327
0.926039
1.914923
0.133122
0.892951
0.897189
-0.866099
1.406018
0.047822
0.464912
1.904883
0.776954
0.824275
-0.802854
1.079881
-0.172535
0.956745
1.349543
-0.570227
0.838780
1.416151
0.112841
1.874960
0.127984
-0.892837
0.803225
1.283911
1.645406
1.095807
2.435600
0.163942
0.791934
0.111646
3.404095
2.136670
0.949106
1.819713
1.933432
0.080578
0.728426
-0.452544
2.577562
0.712957
0.794952
1.321726
2.878785
3.734406
1.339837
1.874656
-0.282879
0.334764
2.672410
1.277207
1.832832
-0.517881
-0.233696
0.924014
3.425088
1.994658
2.427174
-0.579159
2.700329
0.232380
1.406245
1.887703
2.067166
2.006992
0.809287
1.169247
0.604144
0.143135
1.119240
1.475952
1.231828
2.166493
-0.110445
2.319509
2.270664
0.614966
1.074218
2.137598
1.130075
0.439166
2.015471
1.021649
3.210214
0.549403
0.533988
1.054476
0.100506
0.848736
1.735172
0.944434
0.695110
1.679493
2.172356
1.078543
1.227971
1.370244
1.654985
0.685314
3.302065
0.113386
2.115683
-0.191440
2.017571
0.852854
1.150793
0.429921
1.083258
1.451437
1.447658
0.521313
2.880561
1.278108
0.770800
0.997878
2.012417
0.795406
1.459617
1.497590
1.307553
1.853630
1.097831
-0.621939
0.518874
1.259444
-0.066112
0.276784
1.003114
1.970772
2.224059
-0.122917
1.971213
1.014633
-1.337781
1.115466
0.359037
1.448172
-0.136841
1.408597
0.482940
1.987438
1.192660
0.411424
0.875725
0.177561
-0.565654
1.015044
1.363938
0.938970
1.347842
0.534079
2.498616
1.245165
-0.597979
1.908403
0.533698
1.703461
-1.367118
0.894960
2.348915
1.918468
0.202590
0.899989
-0.766021
0.369282
1.077853
-0.075178
0.464728
0.530679
-0.620088
-0.919747
0.753786
0.714262
0.351208
2.229821
0.514147
1.327565
0.342434
1.904013
3.945572
0.997735
0.566074
1.223235
0.741060
-0.097130
2.099785
0.498605
0.672068
1.913897
1.402659
1.025888
0.119927
0.131293
1.638718
-0.571653
0.859938
1.338045
1.025045
1.019436
0.995497
-0.369256
1.221185
2.921690
1.026533
1.293645
1.672864
0.771774
1.676586
0.984677
0.209275
1.463842
0.472961
2.836243
1.478993
0.424367
0.091535
2.189905
1.331352
1.705556
0.701909
-0.905875
0.623944
2.301002
1.128569
2.274492
1.819684
1.390010
0.435013
-1.069625
0.020864
1.724415
0.291883
0.231563
-0.107978
0.540712
1.056334
0.308950
-0.380295
1.901601
1.848071
1.326251
1.064978
-0.516092
0.344970
1.182922
-0.714748
1.293274
1.566881
1.985858
1.901810
3.115563
0.382072
-0.810442
2.212023
1.246968
0.204841
-1.350149
2.793040
1.321655
-0.019389
0.756900
0.485361
1.073758
-0.205600
1.794505
1.184872
0.706587
-0.204890
0.976382
2.224028
1.008694
1.790025
-0.065086
-0.462965
2.791666
0.871732
1.056201
2.733657
0.156812
1.710953
-1.181314
1.744723
1.389472
0.624892
2.647118
1.045433
0.322144
1.683491
0.692092
2.701546
1.758811
0.692717
0.793062
1.314185
1.441717
1.341625
0.733444
0.951369
0.210777
3.455094
2.260819
0.016392
1.572462
1.216109
1.134956
1.352148
0.429298
-1.067955
1.543537
-0.763521
-0.227702
1.759501
2.031593
1.420712
1.955789
1.978535
2.128792
1.714957
0.261269
1.595276
0.575351
1.761944
1.429890
2.449203
2.749204
0.647540
3.068332
1.196197
1.018353
0.758632
-0.768215
-0.418925
0.786523
0.681930
1.269567
1.389666
-0.050490
1.857082
1.592162
0.283199
0.550889
-0.518155
0.848242
2.072295
1.265024
-0.466814
0.298477
1.377814
0.485753
0.674744
2.650908
-0.125288
0.776569
0.905043
0.823000
0.008985
-0.670591
2.151926
0.673447
-0.852249
-0.038324
0.933288
0.420081
0.450704
0.715384
1.392622
1.222321
0.270039
1.802032
1.370582
-0.698632
2.132667
2.378207
0.819074
0.844974
1.236282
1.915275
1.424371
0.483696
-0.403533
2.173373
0.322872
0.767801
0.943410
0.184167
1.833461
0.786273
0.481892
0.062439
1.605409
0.229222
2.150751
-0.109792
0.798246
3.278093
0.599067
1.853625
0.525241
0.922216
1.298709
3.026646
2.783708
-0.490083
1.790940
3.057335
3.228492
1.357164
1.946404
1.760096
1.623743
0.259008
1.377278
0.548513
1.435966
1.629246
1.809547
1.603994
0.197506
-0.704255
1.378578
2.146804
0.856780
0.922689
0.763449
1.106390
-0.914583
-0.871229
1.641821
1.979880
2.023986
-1.111061
1.498277
2.027411
1.289300
2.096734
-0.791260
1.465038
0.729510
0.837505
0.597189
1.095802
1.274284
1.300595
0.104811
1.638871
-1.343729
0.219629
1.319646
0.731464
1.393773
1.187122
2.222890
-0.347507
-0.869080
1.260476
1.053876
1.030735
1.511491
1.267314
1.718823
-0.821552
0.745321
-0.515372
-0.613414
0.786688
-0.052518
2.102667
0.391123
2.842212
0.948103
2.029711
1.981237
1.214263
2.149081
0.260154
3.678560
-0.142380
-0.720065
1.687919
1.385813
1.422631
1.981855
2.291034
1.393870
2.520836
0.013578
1.165063
0.706778
1.150485
-0.889341
3.185503
0.728087
0.148002
0.857400
1.012053
1.895469
0.870562
0.072386
0.138060
1.753848
0.214980
-0.393747
-1.192901
1.029678
2.480545
2.741598
-0.191978
-1.516707
0.776895
1.053405
0.496072
0.452539
1.014302
0.385302
0.563122
1.907943
1.819040
0.638144
1.472718
1.124468
1.217662
1.981759
0.394021
1.421974
1.154112
1.907240
0.786539
0.543868
1.077043
2.452883
1.075948
-1.139782
1.433454
0.888543
0.464232
2.004806
1.520330
-0.134063
1.548223
0.898847
0.384924
1.880927
1.152283
0.412045
-0.722729
2.142770
0.916076
0.235865
1.550686
2.040283
1.820567
0.995070
1.433831
1.138697
1.602476
1.457555
0.255425
2.470461
0.016310
2.845068
1.401812
2.552442
1.096355
2.017666
0.712076
0.884653
1.363665
0.411041
1.692118
0.638565
0.677784
0.921943
0.797021
0.367235
1.091378
1.770399
2.675479
2.719128
0.975593
0.665100
1.692785
1.646617
0.397027
-0.020074
-0.255166
2.494480
-0.871118
1.705107
3.374407
1.173140
0.931949
1.074665
1.326913
1.190880
1.296984
-0.448767
0.326305
1.789763
1.648862
0.743673
1.115145
2.528204
0.895742
0.632719
1.253798
1.739874
-0.811987
0.758858
0.797185
0.903002
-0.456811
0.968966
2.378017
0.665223
1.312547
0.963450
0.770274
-0.365157
3.151214
0.001082
0.432404
0.707488
0.301970
1.513008
1.176776
0.300527
2.028706
0.255759
1.052759
2.222321
1.438193
0.353465
-0.787035
0.164055
2.958150
1.879447
0.667781
1.835790
2.529714
0.324318
0.174324
1.061400
0.249164
2.182985
-0.029555
0.795578
0.739276
2.195932
1.730077
1.199156
0.299938
0.234081
1.249035
1.737522
0.193356
0.768045
1.017704
2.553691
1.995735
0.032395
2.447295
1.609323
2.569982
-0.070643
0.565756
2.854593
1.100546
0.866957
0.929848
0.994275
3.875659
0.385768
-0.038468
2.045764
1.921997
0.617286
1.685742
0.479599
1.795781
1.096190
1.875683
0.896140
-0.839667
0.007514
1.906801
0.136388
0.158274
0.301113
1.728587
0.901466
1.998869
0.865112
0.947268
0.876258
-0.618760
3.232806
2.428170
1.248208
-0.216628
0.728622
0.864265
1.060668
1.852224
0.818381
-0.395729
-1.065373
0.460990
2.212170
0.624309
1.839986
0.781194
0.863633
1.905413
0.494776
2.515889
-0.201913
2.463170
0.906780
0.872995
1.697773
-0.349435
0.064112
0.813079
0.915663
0.065720
0.199393
2.469590
0.219724
0.576567
0.940967
1.239148
0.677106
1.620758
2.735160
0.906293
0.567361
-1.048269
1.296790
1.535459
-0.516160
1.407006
0.867073
1.656094
1.731164
0.038678
2.385930
2.366873
-0.509131
0.428909
1.260844
3.499144
0.230407
-0.285964
1.406391
-0.264428
1.648217
-0.246762
2.421808
3.111654
-0.207017
0.311289
0.015614
1.117163
2.485045
0.516300
1.539350
1.727518
1.265103
-0.278260
0.822710
0.590470
1.847114
0.805508
1.428464
-0.595940
0.792779
2.757674
1.077671
1.753577
1.000845
0.576648
-0.060306
0.999250
0.325901
0.827224
0.642709
1.630241
3.034385
-0.138696
3.248158
-0.247730
2.122115
0.655671
-0.871484
0.961358
-0.696707
1.961569
0.959095
-0.320902
-0.226380
0.497128
1.136437
-0.628519
1.950928
0.920473
0.184677
0.656475
0.974955
0.852034
1.049732
-0.738795
