1000
0.267459
0.369846
2.641829
1.140602
-0.630933
0.264224
0.844441
0.365893
-0.004298
2.395304
2.858416
0.901240
1.738666
2.154871
1.517133
0.508007
0.584225
2.285308
1.865196
1.930124
1.024355
1.318141
0.662678
1.634263
1.325308
-1.002151
1.536116
-0.029435
-0.764753
-1.345153
-0.303968
1.416044
1.656852
0.729170
-0.621761
-0.483493
1.458999
1.096509
2.927512
0.057097
1.395072
0.829607
1.640421
1.939339
-0.220577
0.338411
1.917844
0.751146
0.039937
0.284021
0.707146
1.942495
1.938141
2.430065
1.157654
1.529155
0.984347
2.286830
1.552566
1.900506
-0.871596
1.662798
0.000061
-0.023719
0.619535
-0.334831
1.103024
0.233666
0.045141
-0.144718
-0.956275
1.129616
3.272057
1.332004
1.318102
2.090220
1.062210
-0.489758
1.219574
1.046473
1.669367
-0.291785
2.396036
1.188563
1.324721
2.621026
2.646023
0.983829
2.048000
1.022004
-0.287420
0.267127
2.579808
1.032057
-0.373295
1.810447
-0.052714
0.848626
1.647790
2.217869
2.936727
0.567374
3.275203
1.594523
0.533214
0.675523
1.494068
1.385559
1.170943
-0.069788
-0.623747
1.572710
-0.002863
3.024935
0.335317
1.127915
-0.190294
1.762806
1.639932
1.978575
0.288286
-1.823162
1.164304
-0.255692
-0.259052
-0.691240
0.391925
-1.916792
1.631467
1.312566
2.310499
2.359843
2.464328
1.069440
-0.447202
0.144966
0.940941
0.250320
1.415551
0.024983
1.738544
1.780292
-0.107238
1.311053
0.734240
2.263230
1.788295
1.563222
-0.288036
0.535851
0.833596
-0.245902
-0.002487
1.012876
1.438985
1.814356
1.540100
1.716981
0.650027
0.365879
0.734130
1.504159
1.355157
0.126377
2.855993
2.379336
0.253793
1.091597
-0.955309
1.185192
1.442247
1.981473
0.443800
0.541137
1.107411
0.240289
0.735532
0.088966
1.195935
1.737616
0.851524
1.611135
0.313952
-0.279495
2.184630
1.971171
0.866240
2.389406
-0.830538
-0.524553
-0.127205
0.331780
0.939976
1.165718
0.246258
-0.657883
2.393584
1.785158
-0.320477
3.205815
0.027508
0.270650
-0.025131
-0.713719
0.779344
0.566286
-0.903494
0.714423
0.826544
-0.810133
1.000618
-0.811556
1.359243
-0.081284
1.741154
2.213569
0.317280
1.850723
1.573914
0.981907
1.502710
-0.782988
1.057180
0.707524
1.484094
3.031741
-0.590731
2.005153
1.012369
0.803466
1.306766
-0.545479
-0.110689
0.882481
1.556510
1.290681
0.237385
1.832265
0.445009
3.139614
2.196161
2.066711
0.356865
-0.344389
0.148651
2.111021
3.397889
0.423612
3.077742
0.012839
-1.422737
0.941410
-0.844270
-0.421148
0.746428
0.109587
0.682585
0.590386
2.149592
0.238315
3.596054
2.893443
0.900119
1.867780
1.486207
0.901818
-0.968667
1.748063
0.115525
1.105268
2.934394
1.997150
-0.007152
1.579492
0.978662
0.417404
1.404389
0.771815
0.748897
3.168251
0.610784
1.305168
3.240257
1.559992
0.951847
0.958467
0.552157
2.757018
0.793082
1.117594
2.683915
0.706018
0.920166
0.571579
2.842917
1.523187
-0.126789
0.762100
-0.897923
-0.045144
-0.671696
0.434885
0.828186
3.180295
1.132298
1.314661
0.181127
-0.030933
3.225767
0.079239
2.128925
1.032501
-0.428784
-0.120011
1.074879
2.755091
-0.594422
0.744074
1.528164
1.292611
1.315973
1.134960
1.432495
-0.278068
-0.247035
0.521723
1.082219
1.086657
1.682386
0.861900
1.444933
0.664941
1.946528
-0.014887
2.101152
0.359732
1.188449
-0.539077
2.323159
-0.717135
3.510313
-0.004956
0.850137
-0.177840
0.530398
2.046598
1.407726
0.957946
1.554336
0.323410
-0.553327
2.378425
0.918863
0.277605
0.414784
1.351388
0.654777
0.167080
-0.922082
2.047692
-1.303342
2.045559
0.677102
0.961906
1.068428
-0.725994
-1.085894
0.500186
0.666289
1.278713
0.161393
1.986473
-0.662337
2.612464
1.203223
1.827944
3.020531
0.425111
0.779074
2.994568
-0.642931
-0.001879
2.357892
1.141392
-0.031879
-0.596406
1.586517
1.594230
0.167616
1.572981
1.495611
2.959395
2.462583
-0.336626
1.535329
-1.309680
-0.025283
1.152619
0.247304
2.113323
2.287943
3.155280
2.520435
1.588708
1.448916
0.891218
-1.173753
1.090369
1.132521
-0.211310
2.001907
0.586396
2.689993
0.968497
2.270147
0.588601
1.356184
1.979303
1.266544
-0.023436
0.589793
0.138688
0.621255
0.971128
1.540289
2.463427
0.320269
2.211762
1.596400
1.073350
2.028651
2.959436
2.342602
0.331800
-0.483236
1.541982
0.408293
1.229821
-0.206854
0.063594
-0.504706
1.171197
-0.714112
1.826922
1.638268
1.126262
0.755372
0.358679
2.011820
2.799524
0.984676
1.309440
1.801384
1.554110
2.893298
0.229113
1.322450
2.058554
1.674817
-0.308118
0.443463
0.652261
-0.915123
0.909725
2.221960
1.479880
0.141677
-0.066356
1.152337
1.759664
1.031357
1.390299
0.619906
1.877131
0.162700
-0.495149
1.063795
2.380026
0.726466
1.766941
1.620041
2.401487
2.739715
0.221509
0.638649
2.315038
2.301379
-0.156065
1.102445
1.326387
0.828800
2.743216
0.309358
2.149462
0.995951
1.991902
0.303798
3.039788
3.196268
0.005194
2.039107
0.432771
1.754946
-0.580441
2.164297
-0.307509
2.162507
2.211910
1.600448
-0.072185
1.156849
-0.288389
1.248188
1.330851
-0.170389
0.618124
0.368413
1.110425
0.151425
0.522322
1.064414
1.140655
1.212991
0.143807
-0.002921
1.128518
-0.349975
0.533164
1.462597
0.897150
1.112253
-0.379845
-0.943397
1.007972
0.974667
0.623922
0.759047
0.341226
1.854254
1.834552
1.019240
-0.639711
1.299776
0.249133
0.594861
3.241252
0.351048
1.139247
0.903616
1.127774
1.351755
-0.310289
0.053034
-1.031320
2.948039
-0.032933
0.635928
1.127431
1.660962
-0.051319
-0.161839
2.596423
0.460156
1.588485
0.495601
-0.050491
0.244606
1.417741
0.869422
1.431102
1.734143
-1.025011
1.986874
1.468852
0.357932
2.929713
-0.080588
2.464785
1.711487
1.084372
1.517528
2.717884
1.841080
1.261717
2.014265
2.245194
1.310642
-0.713755
0.950474
0.421982
0.920636
2.476517
0.126727
0.894701
3.169656
2.194586
3.276114
2.099125
1.171496
3.000568
0.281818
1.096628
1.484684
1.447321
1.352099
1.707638
0.415757
1.241102
0.829048
0.649078
3.376302
1.378799
-0.293589
0.228863
1.649545
1.755438
1.095724
0.609565
-0.220102
0.662796
1.229479
2.904863
-0.014620
1.788053
0.639558
0.385765
0.920001
-0.238484
0.407843
0.751292
1.237176
0.729144
0.595860
0.888887
1.097888
1.920114
1.706996
-0.728831
1.101573
0.747523
1.954934
1.780720
-0.388806
1.261227
1.516666
2.066151
1.394720
-0.171820
1.074404
0.863722
-0.126746
-0.807452
0.715587
-1.631796
2.637351
1.509543
-0.740581
1.739183
1.844426
2.914060
1.562775
0.279657
-0.915802
0.425649
1.112289
0.617045
0.344064
2.029095
0.684272
1.195246
-0.233538
1.141510
2.066956
-1.433955
0.396208
0.856643
1.446389
0.884679
2.319449
0.363020
0.701487
2.975446
-0.855508
1.179848
1.271244
1.402745
2.286191
1.155729
1.156326
1.651175
2.042256
0.936069
0.226729
0.088368
2.356512
0.372038
1.602903
0.922271
1.619013
0.992843
1.285196
0.766988
0.330966
1.092739
2.100889
0.415626
1.463936
-1.564629
0.914724
0.142208
1.523058
2.467489
1.878189
0.927620
1.002758
-0.254612
3.368956
0.547999
2.538958
0.925401
0.510658
0.225102
0.347014
-0.640462
-0.055690
1.601576
0.741291
0.499076
0.797054
1.611944
1.789583
1.613328
2.619091
0.329722
-0.719794
1.431705
1.743601
1.171781
1.370976
1.290546
-0.439212
1.508723
1.200998
2.394957
0.504952
0.531074
1.387654
3.358482
1.746836
0.790953
-0.576380
1.959788
0.570434
1.470458
-1.027795
0.838404
1.387753
0.498192
0.968946
0.065962
0.755287
1.384553
2.336498
-0.127315
0.494146
0.250641
0.604546
-0.155112
2.227321
1.543750
0.251871
0.617866
2.226337
1.255899
3.084727
-0.378111
-0.647573
1.769509
0.646061
1.613019
1.036016
1.891809
1.323254
1.442087
0.854490
-0.130037
0.626955
2.480574
0.153020
0.413904
0.184249
0.086910
0.549706
1.717367
0.988058
1.660435
1.316851
0.405970
0.239804
-0.469991
0.284579
1.657434
0.604252
-0.337589
-0.793193
1.138511
0.672188
0.926588
1.660310
2.294267
0.735309
1.754980
0.313742
0.972385
2.617108
1.412633
1.300423
-0.410265
2.297973
0.507366
0.861705
0.734158
-0.080371
0.536707
0.676177
1.278633
2.387179
1.502685
2.142240
1.053809
2.254628
2.379623
0.060925
2.303874
0.971539
2.063095
0.392568
1.550859
1.997607
3.548530
-0.343505
0.949854
1.636896
0.927882
2.007003
1.088620
-0.548711
1.434422
0.176747
0.937122
0.568321
1.463940
0.736494
0.677235
2.261333
1.142605
1.321309
-0.200335
1.047324
1.766996
0.260568
2.885449
1.162713
-0.367909
1.583731
-1.025229
0.028440
1.260310
1.687412
-0.055828
0.489957
0.696614
0.794250
0.471222
0.385119
0.301750
0.285447
1.356689
0.719770
2.397344
2.473786
0.796010
0.296721
0.602256
1.683875
1.793926
2.657299
1.352415
1.742704
0.292941
2.121472
2.097996
2.367749
1.237014
1.930738
-0.560215
0.576842
1.903771
0.646132
1.203210
1.837686
-0.264977
1.024456
0.472407
1.082772
0.869518
1.400855
0.048453
-0.189202
0.361093
2.321130
-1.829899
0.615590
0.751379
-0.145463
0.366176
1.511206
0.755780
2.826996
0.044023
-0.901603
1.467825
1.534669
0.604779
1.269997
2.031756
0.587883
-1.292245
1.634604
-0.185041
1.511847
0.949582
-1.158851
1.857765
3.150131
1.058046
2.146610
-0.078853
0.743690
0.267933
-0.825558
1.068778
2.171985
0.688617
-0.095729
0.566624
1.214032
0.514111
2.692216
0.911359
1.139733
0.735466
0.976134
1.480595
0.270251
0.501451
0.094100
3.124717
1.177681
1.535014
0.726901
0.761175
-0.198006
0.183635
0.816592
0.353886
0.021609
2.428281
0.102407
0.891196
1.827636
0.220439
1.216492
1.589326
-0.611304
0.145199
2.127016
-1.732338
0.836327
0.887531
-1.365285
0.738723
1.404495
0.473104
-0.209985
2.087554
0.673664
0.966176
0.548911
2.104008
-0.312095
2.014764
0.948332
2.317795
1.250026
0.761862
0.651628
1.134906
-0.879630
0.491781
