1000
-0.724253
1.258828
0.961602
-0.244479
0.820708
1.354658
1.367426
0.953674
2.178299
0.857762
0.917899
3.364314
1.189733
1.864482
0.943226
0.990662
2.940676
-0.926754
3.219765
0.802979
1.244435
3.834485
2.510565
1.154012
1.474435
1.760089
0.534496
0.200244
1.769103
-0.235480
2.364054
-0.060166
0.679111
-0.077345
1.565665
0.945890
1.686918
0.653324
1.216082
0.130712
0.856938
2.096754
0.772542
0.940142
0.185195
0.298074
1.352960
0.799687
-0.131413
1.431928
-0.566980
1.800269
2.740443
0.959138
-0.279008
1.280018
-1.316461
0.459801
0.878759
-0.751943
1.338707
1.732181
1.331367
0.734651
2.806269
0.851334
0.647441
1.365559
0.549816
0.496465
3.128901
1.903690
0.666837
0.880002
1.347741
0.880429
1.000078
-0.635420
0.799801
0.456165
2.505524
0.429518
-0.345969
0.588983
2.746966
-0.481002
2.689247
1.345094
2.742080
1.134171
-0.309460
-0.174363
0.982863
0.645073
1.079767
0.806272
0.702553
0.760541
0.317712
1.736600
0.947910
1.007085
2.856285
3.012297
0.550910
1.913697
1.898958
2.266772
1.817480
2.304166
0.189551
0.769833
1.935597
1.185810
1.572400
0.737676
1.524481
1.671373
0.010630
0.009376
-0.755393
0.349039
2.421162
0.341310
0.065179
2.304254
0.744145
1.339701
1.231505
0.963112
2.388489
1.412838
-1.540468
1.321235
1.908534
0.147567
1.542943
1.735737
1.070866
1.652048
3.166895
0.106874
-0.662612
-1.064034
1.098162
0.921978
1.130309
3.453479
0.161030
0.601724
0.113973
-1.930165
2.582612
1.031527
2.615914
1.379447
1.733308
-1.207220
-1.357909
1.432129
0.139226
0.870936
0.197160
1.333792
0.735126
-0.002316
1.725894
-1.706269
1.828017
1.124357
0.125590
0.131454
-0.982031
0.564818
1.258087
2.133169
1.319041
2.720286
1.174145
1.764259
0.699679
-0.694503
0.656051
2.803735
1.703178
1.150524
0.504967
1.486345
2.416761
1.207831
-0.598496
0.512229
1.375400
2.070049
1.555238
0.955046
-1.236455
0.962140
0.513050
2.317569
1.937747
1.978052
1.355336
2.069072
1.616204
0.621636
-0.043771
1.108531
2.039844
2.271627
2.098007
2.603124
1.448333
0.002312
1.407139
0.886483
1.754003
-0.053241
1.571506
0.864357
1.056737
0.343204
1.290171
1.167994
2.993286
0.409822
1.396126
-0.585689
-0.006257
0.945903
0.326560
1.058511
1.662747
0.311106
1.016895
1.732965
-0.061952
1.970995
0.948216
0.767661
-0.014816
-0.248560
0.238054
0.098627
2.373486
1.879521
1.028743
0.297494
1.858817
2.067839
1.650159
1.110891
0.759756
0.451188
-0.039938
-0.446602
-0.060512
1.626877
0.814013
1.081563
2.528768
2.828401
1.297501
2.227220
1.658014
2.421467
0.736965
-0.579781
1.141779
-0.047775
2.666308
0.128723
0.301475
1.178765
1.556009
0.710141
1.064544
2.662564
0.844266
0.487106
-0.826139
2.709506
1.044815
-0.119118
0.983264
-0.739112
1.708347
-0.716986
2.007525
1.117342
2.904587
-0.137467
0.687756
0.653475
-0.270782
2.272437
1.903242
1.159132
3.014641
0.520367
1.173859
3.752744
2.091631
1.460215
1.229736
0.908395
1.034093
1.436270
1.506918
1.163689
0.570370
0.164208
0.176601
2.794904
2.602043
-0.153164
2.976453
1.028537
2.265545
1.478139
0.704915
2.968761
2.151349
1.389504
1.006779
0.846842
0.054220
2.358659
0.816455
-0.598271
2.443835
0.977062
1.037700
-0.198843
0.063278
1.772039
0.875293
0.273556
1.097281
-0.576576
0.231018
0.734485
1.456822
0.541972
0.287440
0.008342
0.970782
-0.347787
-0.583357
0.610178
1.323978
1.954256
0.895807
1.888915
0.802592
2.230745
-0.114495
1.120347
0.473650
0.383380
1.090927
-0.947125
1.642517
1.103112
0.330085
-0.741114
0.806630
1.334571
1.923632
1.881491
1.145921
1.585407
1.521819
0.361065
1.209411
1.742549
2.332380
1.293522
0.905274
2.074976
1.590325
1.967271
2.258883
2.374046
0.856919
1.002808
2.244733
0.360607
0.531713
0.066709
1.848518
1.166738
-0.321570
1.821541
1.023971
-0.090881
0.289212
-0.678684
0.847899
0.750778
1.840514
3.035805
0.988824
1.975854
2.130950
1.191737
1.783201
1.499039
0.744701
0.723960
1.344961
2.402542
0.593593
0.423045
2.128260
-0.279397
-0.931146
1.056317
0.525767
1.229733
0.676024
0.206401
0.265645
1.474064
0.505447
1.735553
1.321604
-0.169141
2.129833
2.008440
1.362612
2.447555
0.245846
0.093515
1.625910
1.591579
0.911500
1.715765
1.561222
1.883984
0.870069
1.891213
1.829512
1.075129
0.941574
0.551262
2.446853
1.289447
-0.208581
0.966446
1.803052
0.152510
1.020770
1.905832
1.009095
-0.076533
1.589188
-0.144838
2.048127
1.134803
3.052932
0.162139
1.772847
0.105967
0.106792
1.286846
0.710734
1.761063
1.052842
0.522403
0.572617
0.327347
0.695057
2.001665
2.358356
0.116965
1.466980
1.052160
0.832300
0.026768
1.473267
2.406367
0.714764
-1.209745
2.429403
1.628837
-0.027080
0.870516
0.579619
0.131452
0.522257
1.718073
1.954060
0.854429
0.304135
-0.052222
-0.235654
0.427949
0.201084
1.407898
0.954429
-0.263166
1.208623
0.397022
0.724639
-0.423598
0.783587
0.543912
1.970436
0.493100
1.384349
-0.596475
-0.960279
0.729682
-0.224012
1.029330
-0.430503
2.408660
1.443685
2.468688
1.834448
0.782695
-0.208534
2.241715
1.275885
1.062566
-0.064015
-0.039593
1.517209
0.854979
0.330112
0.584870
2.745848
2.018502
0.217893
-0.082771
1.515643
2.550448
0.881307
2.495023
2.079854
0.338305
0.893859
2.815107
0.263139
-0.239651
1.864922
1.535411
1.893938
0.360564
2.409517
1.146043
1.908701
1.930053
2.268126
-0.990929
-1.157616
1.681130
0.302890
1.049164
1.747243
-0.560036
2.567443
1.893001
0.941303
-0.530220
0.126332
0.558477
0.583212
1.001846
0.582099
0.838377
0.477090
-0.173718
1.481258
1.155565
1.994812
1.371380
0.944614
0.869208
2.020252
0.201872
1.859438
1.620984
0.550239
1.937276
0.440624
1.587347
3.022659
0.613307
0.626598
-0.155188
1.571356
-0.429213
0.499496
0.196527
0.030305
0.465974
1.497178
-0.219696
0.852275
1.288610
0.531184
1.395397
1.334253
0.780420
-0.055464
-1.130479
0.503843
1.813832
1.359744
0.883068
1.608158
1.697002
2.925076
1.036618
2.381621
0.533412
1.873852
1.073598
2.486224
-0.256816
0.535185
2.375378
1.782909
-0.985846
0.381846
2.001557
0.630426
1.487564
1.920557
0.647288
1.569623
1.363709
-0.228544
1.250154
1.779754
0.606764
-0.468540
1.863780
-0.949512
1.214938
0.068621
-0.114690
-0.304948
0.945301
-1.045778
3.563303
0.482786
0.778230
0.666834
-1.617692
0.682764
1.770442
2.648367
-1.725014
0.927132
-0.250107
0.899015
1.692732
1.211495
1.439559
1.469189
1.175499
0.539904
0.839815
1.502948
2.068953
1.546302
1.354853
1.468020
2.904690
0.117477
0.625639
1.557137
0.112391
-0.221281
-0.985005
0.290732
0.454963
0.605475
-0.123612
0.423390
0.519118
1.977995
1.432978
0.136145
1.791177
1.248308
0.116868
1.876638
-0.579945
0.857646
3.296600
1.845145
1.884773
2.564836
3.432537
-0.221618
1.156136
1.170254
1.645320
0.673898
0.653961
0.488603
1.316340
1.654527
1.223487
2.405256
-0.095357
-0.755396
2.032601
-0.495166
1.838421
2.170849
0.394046
3.548133
2.368810
0.889460
0.074049
0.337038
0.081709
0.230660
0.916071
1.729593
2.135428
2.231667
2.120755
-1.569286
-0.088106
1.283827
1.561227
0.616097
0.747404
0.408330
0.388299
2.140253
-0.271487
-0.877029
1.474705
-0.156936
1.365545
0.669697
0.729860
2.079809
-0.857509
0.860659
0.591180
1.695723
1.464813
0.268098
1.304571
1.737849
-0.695671
2.630528
1.019532
1.870388
0.065201
0.696047
2.671172
-0.490212
0.666543
1.498612
0.645031
0.119547
2.206692
0.505005
1.159913
2.028906
1.257743
0.162382
2.932305
1.415712
-0.564478
2.612982
1.228412
1.025441
1.502858
-0.424928
1.914418
2.088439
2.000772
0.862656
2.128260
0.481754
-0.083101
2.137586
0.715757
-1.526126
0.206998
0.723082
0.872223
-0.225237
1.502126
1.610855
1.127879
-0.478621
0.447495
0.417036
-0.489103
0.001511
2.041724
2.365162
0.770063
0.489881
1.398902
0.488268
0.571756
0.359682
2.680615
0.383648
2.577467
0.855874
2.465046
1.153780
0.877956
1.738162
0.677513
0.324780
1.815252
0.862722
1.724650
1.902770
1.020192
1.358187
0.790044
1.210775
0.907061
0.204138
1.133266
-0.319295
0.580564
0.513398
1.112783
1.778378
0.503112
0.836854
1.352861
0.722744
0.036601
1.339260
0.076345
0.588229
2.484307
0.130078
1.134368
0.178943
-0.028290
2.427406
1.594063
1.556982
1.327901
-0.695180
1.306368
-0.729768
0.637013
0.597909
1.145067
0.887608
0.213881
-0.022887
1.647150
0.637257
0.255797
0.267551
2.423983
2.029165
1.274291
1.248768
1.936199
2.653365
1.397046
0.999117
1.514003
0.251483
0.246008
1.357530
0.663245
1.148130
0.209157
-0.626498
2.291733
2.037682
-0.037048
1.036790
-0.664912
0.481315
0.429775
1.551535
0.939910
-0.404589
2.148479
1.397038
1.138888
1.169176
1.538648
3.277442
0.937174
-1.594287
-0.242177
1.856581
0.554563
0.750611
-0.332564
2.024314
1.146927
1.366355
1.922905
-0.215956
0.815921
0.537493
0.249796
2.573439
1.395242
1.398263
1.807514
1.043151
-1.142404
2.253799
1.045932
0.225474
0.362226
0.466971
1.164556
-0.605506
-0.757656
0.723522
-0.152664
1.308574
-0.736293
0.857549
1.066584
0.832298
1.696368
1.239086
2.361909
1.197418
1.854080
0.947854
1.004514
1.587460
1.468745
0.042459
0.860056
2.085011
1.851623
0.182183
1.738263
1.249467
-0.203790
2.072912
1.300898
0.999525
1.350678
1.618998
1.338214
2.553243
1.571809
1.224463
2.224167
0.577343
-0.298521
1.224043
0.640677
1.709016
0.009190
3.028751
1.267863
0.648667
1.170742
-1.694852
0.028933
0.672287
0.123138
0.804959
1.610529
2.237011
0.245875
2.379681
0.802875
1.522090
-1.170613
1.417324
1.790902
3.001043
1.400516
1.081889
3.592738
0.144763
3.194947
0.460960
0.949280
0.890145
2.950905
1.363161
0.300732
1.664962
3.156742
1.339609
-0.521783
