1000
1.184189
1.918963
1.374630
1.634702
1.413265
-0.466319
1.646250
-0.809115
2.756727
-1.258347
-0.110903
2.540919
2.085276
0.585575
1.606969
0.380983
1.870711
2.397292
2.352249
2.148502
3.796834
1.672899
-0.706405
-0.192192
-0.717132
2.939555
1.069530
1.003817
2.651582
-0.044827
1.199471
0.448603
1.546183
0.221090
1.343939
-0.765677
2.272660
1.460207
1.812566
0.386474
2.610498
2.069406
-0.467394
0.810288
1.675559
1.226989
0.143899
1.837324
-0.175795
0.926642
2.333971
0.767779
1.022559
1.651151
2.604463
1.611497
1.960394
0.813598
2.492386
-0.316743
-0.435783
0.740242
-0.695638
1.491475
1.052021
0.439817
-0.028151
1.120649
1.474361
0.425203
-1.309247
0.908796
0.543226
2.568942
-0.060203
1.153288
1.375998
0.108819
1.766461
0.754051
-0.149687
-1.427438
1.424930
1.092385
-1.053907
-1.951766
1.022384
0.641886
0.714333
-0.400502
1.327147
3.442654
2.072894
2.277872
0.678348
0.900542
1.117825
0.331002
1.157695
1.213556
2.666452
0.587842
1.162277
3.040386
1.342184
0.405820
-0.524506
0.125988
0.743449
2.715425
0.486859
-1.081699
1.781750
1.535299
1.297820
-0.509343
1.904627
1.662657
1.548566
0.261644
0.752490
0.491527
2.872101
2.730171
0.342053
2.090934
0.320839
1.464747
2.015922
-0.605857
1.247771
1.066911
1.633408
0.248696
0.514114
2.679944
0.771237
3.405259
1.819608
2.303401
0.037428
1.168274
0.828523
0.179425
1.469868
2.258480
1.192687
0.405113
0.711843
1.520617
0.998690
-0.631748
0.487840
0.325244
1.393837
0.165918
1.324196
0.744097
1.057111
-0.386085
2.482586
2.228869
1.746985
0.742047
0.358930
-0.021590
2.350179
0.195916
0.078046
2.039692
0.557172
0.657187
1.932755
0.246377
0.829431
0.756892
-0.498788
2.557895
1.334225
0.464278
1.399463
0.124675
0.330127
1.481506
1.992558
1.196261
0.970542
1.043486
0.404222
2.456513
1.785573
1.550028
2.603104
0.755586
2.591462
1.957292
0.260100
0.905995
0.775548
1.398824
0.321235
1.342533
0.615772
1.124876
1.061480
-0.012618
-0.109879
0.997198
2.271839
0.693381
0.529022
-0.108758
-0.026820
0.518945
1.811572
2.452076
2.307619
0.373577
0.889148
0.891429
1.356397
-0.096086
1.605925
2.199091
-1.205660
1.102068
2.828142
0.022967
1.438720
0.267816
1.948488
0.865641
1.031245
1.632991
0.353606
2.478404
2.252640
-0.514144
0.404216
1.313244
1.320907
0.737276
-0.159540
1.461319
-0.024493
0.223587
1.762950
0.595477
0.926182
-0.666139
2.214883
1.887578
1.474386
2.936395
1.761776
0.068556
0.196591
-0.235677
-0.073637
0.711195
0.002388
0.610856
-0.366314
0.804165
2.910428
-0.435479
1.765032
2.059823
1.098019
0.966376
0.694130
2.674329
1.152857
1.330792
0.962544
1.238879
1.252735
2.156693
1.793078
1.400955
1.480176
2.210354
2.283766
0.021071
2.109926
1.234681
-0.247099
-0.973926
0.843709
0.011468
1.287639
0.623118
1.111188
1.001917
1.130055
2.677903
2.731378
2.546423
0.827991
0.824697
2.743188
2.030968
0.203132
1.441569
0.150478
0.169976
0.737461
2.234495
0.167473
1.525517
1.949960
1.827476
0.515545
1.080736
2.131520
1.057634
1.078827
2.266478
0.493178
2.046372
0.892776
1.779945
1.172300
0.719961
0.419238
0.480915
1.069652
0.226895
-1.402909
-0.615704
1.458475
0.178524
1.867093
2.128790
1.120192
-0.591476
0.896616
1.432031
0.517529
0.630616
0.013881
0.128614
2.125199
3.283781
0.117948
1.948354
1.046385
0.709948
0.926073
0.747101
-0.506066
3.162393
3.643679
-0.068690
-0.071433
0.952070
1.755436
0.055077
0.275462
0.272925
-0.147757
0.934803
1.427291
1.309832
-0.776616
0.725371
-0.307040
0.265052
0.724861
0.656613
1.721544
1.141944
0.084928
2.128975
1.239892
1.912180
1.661459
1.575349
1.125700
2.283083
2.638859
1.350151
1.447869
0.931348
1.776673
2.937287
-0.887404
1.695594
-0.255265
1.368695
1.699471
-0.416574
0.285983
1.223570
0.391010
0.400706
0.490573
0.838798
0.014847
0.968635
1.420817
0.407630
1.874496
0.870522
-0.017541
0.362669
0.000791
1.477193
0.980135
0.887561
1.984800
0.354936
0.389344
1.892947
1.579601
2.375099
1.195733
1.856185
0.859190
0.606008
-0.044599
0.564704
1.807879
-0.912575
0.094512
1.870631
2.240805
1.365650
1.549164
1.963584
1.316558
0.008110
1.747811
0.527755
2.147757
1.750520
0.716477
1.686807
1.614661
2.231289
2.426643
1.227653
-0.914850
1.869424
2.983988
1.079780
0.276034
1.265640
3.261377
1.490404
1.588724
-0.332475
4.097398
0.559449
0.268859
-0.481048
3.508978
-2.418177
0.698293
0.243617
2.470701
1.350905
2.820768
0.202836
-0.507862
1.842361
0.705557
1.019992
2.193890
1.189006
1.726919
0.009425
2.214753
-0.588536
-0.326755
-0.438766
1.588458
0.280484
2.027043
0.197302
0.353752
0.696497
1.229414
0.969750
1.873558
0.946784
0.925352
-0.683300
1.064086
-0.880657
1.612300
-0.821610
2.126468
1.139790
0.062493
0.651289
-0.268756
1.374482
0.038291
2.518340
-0.355156
1.743657
-1.654042
2.435406
1.823687
1.596202
1.302329
1.327100
1.485880
1.513567
0.943093
0.161266
1.688688
1.150685
-1.076352
1.629348
1.365674
2.883979
1.200264
1.880939
0.081331
0.304748
0.543225
2.553740
0.159780
2.413727
0.045320
0.498888
1.327814
0.816376
1.020532
-0.073997
1.985278
0.140590
2.007539
1.118934
1.054427
-0.002226
0.661208
0.498144
-1.745243
0.144687
-0.311714
3.396213
1.341274
0.277278
0.904567
1.222856
-0.201948
-0.150558
1.073827
0.327490
2.117779
1.475560
0.830532
0.667452
0.553489
0.503540
-0.255120
1.855367
1.982140
1.093421
0.718343
0.131639
-0.311732
1.737218
-0.066838
0.270893
0.560680
0.762966
0.247176
1.184146
2.188730
1.008851
0.286743
0.666984
0.695841
1.051505
0.076978
1.412570
0.953104
1.014193
1.416609
0.794748
0.530501
1.804839
2.429580
1.498566
0.890849
1.794179
0.654458
1.617598
1.691809
2.162525
0.345790
0.068517
0.252732
1.974433
-0.032712
-1.198484
2.109510
0.024670
0.210923
0.027140
1.631444
-0.751064
2.260890
0.126131
-0.377240
0.056970
2.663564
2.372031
0.828627
0.651701
0.077237
2.625944
0.858254
2.194279
1.463818
-0.685757
1.082248
1.123448
1.047525
3.092210
-0.032808
0.660436
1.824959
1.082698
0.873440
0.814433
2.267186
-0.350778
2.704950
0.729816
1.085380
1.514513
1.876591
0.840384
0.384169
0.712601
1.200333
0.160761
3.198259
0.613766
2.356743
3.612051
0.354336
0.179954
0.406543
2.339376
0.814515
0.615837
-0.154596
1.414021
0.204947
1.405635
1.995701
4.221022
0.714550
4.065283
1.591389
0.395667
3.623453
0.770908
1.784775
1.587545
1.296470
0.353022
-1.261472
1.567229
-0.457673
0.626702
-0.601532
-0.199050
-0.419490
2.869159
-1.234888
1.155377
0.483257
1.695292
1.506359
1.003785
1.529542
-1.473769
-0.059241
1.253808
1.500338
3.192244
-1.353116
1.193841
1.066050
1.067279
0.254498
1.471185
2.163326
2.188805
1.730443
3.260071
1.149565
0.183574
1.190754
-0.201444
0.878248
0.745663
1.034886
0.368986
1.047179
2.597076
-0.011544
1.021982
0.714136
0.600321
-0.211596
1.947850
0.824394
0.698534
0.810202
0.725671
1.522860
1.263937
-1.106847
-0.524144
1.244721
1.108688
0.837995
1.829347
0.698377
0.982293
1.260636
-0.122217
0.934073
0.695624
2.560106
0.578822
1.687478
1.857125
0.026830
2.698676
1.617025
-0.043759
0.672478
0.697265
1.937961
0.701908
0.465588
0.217809
2.429579
0.256034
1.876979
-1.297214
0.129801
0.556722
-0.334083
1.368617
1.531458
2.247542
1.661440
-0.646729
2.861288
1.484105
0.883309
0.985153
1.047463
1.528723
2.098101
2.316604
1.135438
0.221742
0.057122
1.494213
0.026072
0.660968
0.318076
1.996819
1.845706
2.654834
1.592733
2.704219
1.678359
1.026717
0.691429
1.588527
1.818669
1.576582
1.659067
-1.022637
0.119393
-0.985131
0.470027
0.989250
1.312660
-0.778705
1.433017
1.794225
-1.084773
1.586314
1.273600
1.751949
2.040061
2.959302
2.409898
0.463610
1.362360
1.720927
2.058768
1.313924
0.164700
0.168928
1.236832
1.382817
0.011284
-0.232592
2.267467
2.339704
0.895752
-0.541418
0.683629
0.063301
1.092445
0.151565
0.569120
0.467589
1.460612
1.354961
1.995204
0.515641
1.947486
2.969229
0.932239
1.173300
-0.815004
2.191826
0.428359
0.553500
2.345270
2.091014
1.445326
1.511537
1.367839
-0.086721
-1.569334
0.875791
0.923061
0.992861
1.728820
1.495258
0.723726
2.393467
-0.286654
0.052742
1.125442
2.424121
1.205522
0.074029
0.524588
2.306309
2.766921
1.183375
3.001535
0.299077
0.227784
0.929488
2.298157
0.081142
1.449471
2.417324
2.279257
1.977759
2.869453
0.981847
0.936281
-0.717960
-1.463945
-0.000957
0.799490
1.863901
1.514296
3.507374
0.406168
2.003369
0.557154
2.054811
1.501072
0.727134
1.747943
1.324923
2.159320
-0.914696
1.575174
0.092780
1.373805
2.028846
0.042295
0.550065
-0.520108
2.027323
2.488720
1.869146
3.038415
1.150576
1.277057
1.215124
1.040409
0.933102
0.620401
1.759202
2.794302
0.869887
1.238402
-0.202404
0.356293
1.294758
1.772560
-0.065984
-1.023532
0.947402
1.055931
1.242382
1.406910
1.017755
1.598067
-0.399021
3.160791
-0.891605
0.054789
3.366911
2.214156
1.262064
1.739661
1.706773
2.018670
1.874894
2.799721
2.130045
2.815688
1.802412
1.146505
2.139984
1.582105
1.913772
0.811898
1.796680
-0.273459
2.151314
1.572786
2.050322
2.508221
0.013756
1.269617
1.641402
1.635030
2.046735
0.708279
2.945248
1.857563
0.885868
2.367484
1.452490
2.102740
3.194160
0.881094
1.537369
0.849916
-1.137324
0.947662
2.561298
1.305945
-0.429691
2.247464
-0.393366
0.912858
3.686572
2.024767
1.094080
2.187205
2.051767
2.901713
-0.196979
-0.239654
1.318208
0.357182
0.738163
0.987947
1.149633
0.636409
2.733520
0.587898
1.944999
-0.004943
2.561356
-0.227238
0.344341
1.058447
0.492929
1.191569
1.052266
1.107501
0.396398
0.980326
2.769086
