1000
-0.710948
0.657072
2.897741
0.873512
2.045659
2.017508
1.936585
-0.875026
1.094278
1.047447
1.123447
1.736749
0.339641
0.359627
1.725067
0.277315
0.982493
0.316873
0.616361
1.666731
2.896802
1.421102
1.784423
-1.462221
-0.273631
0.176543
1.167278
-0.341380
1.936864
0.254258
1.370819
0.137506
1.187031
0.762967
1.251587
1.896375
1.890465
0.804399
0.844872
3.902875
-1.188821
0.626951
0.048986
0.532271
1.931185
0.285851
1.513766
1.241925
1.095686
1.308254
1.568344
-0.640514
0.445067
1.406165
0.521308
0.807887
0.070692
0.353228
0.745526
1.246298
2.382189
0.938411
1.847928
2.214512
0.880195
0.946370
0.982606
0.498225
0.734347
-0.424268
-0.254802
1.060389
2.171104
1.290633
2.008841
3.499842
1.060988
1.466635
2.044372
0.807177
-0.086603
-0.065881
-0.046031
1.050104
1.805895
3.840035
0.555429
1.077579
0.693422
-0.151783
0.110165
0.559458
1.158762
0.264192
1.228758
2.291634
-0.238300
0.373660
0.391639
1.059006
-0.415721
2.846067
0.392576
1.527274
2.137626
-0.050230
1.502261
1.092371
0.583997
1.748929
0.117405
0.214433
1.494422
2.059879
0.131758
0.259560
0.390403
1.033842
1.875258
0.265025
1.156112
0.592990
1.451541
0.727565
1.708324
2.344417
-0.069634
-1.032730
0.624893
0.938735
0.756817
3.638357
0.413446
1.098313
1.006983
1.823439
2.601449
-0.105229
0.982279
1.397714
1.526438
0.630130
-0.445262
-0.022221
1.390562
1.980805
1.049611
-1.340786
1.580599
0.172634
1.458604
0.966485
0.807918
1.132426
1.126521
1.943468
0.598456
1.579803
-0.765241
-1.427714
0.483353
0.280153
0.573526
-0.143877
1.471686
1.136590
-1.334031
0.418180
2.329989
0.665372
3.064730
1.777418
-0.078100
0.389512
0.746635
-0.206924
1.000549
2.474279
1.027853
2.002838
0.028656
1.110410
0.170148
3.848697
2.120139
-1.025512
2.668599
1.155919
1.718660
1.686742
-0.136700
0.983915
1.215396
2.105470
1.734931
0.351816
0.220995
0.570243
1.834044
3.366974
0.182102
2.227330
2.770847
1.208072
-1.521947
0.751163
1.784706
1.020671
2.133219
1.828839
2.299242
-0.440045
0.261373
2.128522
1.157405
0.381466
-0.148471
0.154655
-0.573564
0.603249
-0.453148
1.287268
1.042446
1.313864
0.809925
0.293553
0.914351
1.622350
0.880317
-0.325201
-0.305246
1.066576
0.245826
0.216446
1.724131
2.142335
0.996057
-0.025215
0.313757
-1.134273
1.087400
1.168475
2.631440
-0.376258
0.407658
1.080602
2.564036
0.061947
0.465696
-0.511862
2.825774
1.391879
1.599753
1.356559
0.677778
1.580656
1.452013
2.179288
1.643956
0.827259
-0.042392
1.513907
-0.497545
0.043861
0.246239
1.501394
0.619477
0.892129
0.627702
1.470850
1.471411
0.565351
0.311618
0.969838
1.608384
1.043897
2.279354
3.060456
-0.256563
0.196623
-0.768848
0.746343
1.927557
-1.217558
-0.945541
0.658192
0.412161
0.343330
-0.291617
1.350508
2.644980
2.127736
1.127726
0.998458
-0.181411
1.533043
0.849781
3.550340
0.319101
2.381130
0.007851
1.223171
-0.510721
1.040239
-1.233895
0.257575
0.432306
1.755705
0.466543
-0.881076
1.895805
2.152623
1.105706
1.063957
2.761714
1.068546
1.103000
-0.203346
-1.475949
0.372324
1.725314
1.568148
1.120166
1.608929
2.378703
-0.214579
-0.193617
0.766208
2.769527
0.019375
0.662700
2.222901
1.276775
1.023240
1.266731
3.170177
1.708464
0.263654
0.405190
0.475644
1.044186
0.954382
-0.271348
1.085149
1.265784
-0.135435
0.129343
0.571406
1.992594
0.757691
1.566142
1.716661
0.027725
2.606917
1.245111
2.386526
2.449011
-0.065621
1.937581
-0.786149
1.564318
-0.444335
3.758124
3.725152
2.153194
2.051676
1.280090
1.679598
0.713998
-0.137356
-0.522177
-0.472428
0.526391
0.343801
0.556270
-1.482813
0.082688
-0.778568
2.302327
1.054449
0.560507
0.065471
1.020684
-0.231308
0.462605
0.746367
0.803597
0.177455
2.055038
0.284238
0.968809
1.163935
2.267141
0.879663
2.528197
-0.740500
0.566457
-0.196057
0.282053
0.075168
0.829173
1.302725
1.296518
0.422068
1.891482
0.095697
2.369078
-0.444041
2.176958
-0.648963
1.573613
0.794654
-1.115762
-1.329590
1.889789
0.334564
2.641625
1.333894
-0.379373
1.286660
0.980583
0.523899
1.389305
0.078586
0.244854
0.217147
2.284536
0.738834
0.381271
0.776148
2.180362
1.458148
0.039618
2.175172
1.774551
2.553756
0.460962
0.859556
0.804415
2.080294
1.986201
1.285679
1.010733
-0.108603
2.086699
-0.536587
0.194913
0.993183
0.389070
1.824461
-0.159718
0.015427
1.733062
2.324728
2.349735
1.128422
-2.104167
-0.502531
0.431954
0.979992
0.068997
1.256570
1.064324
-0.201452
1.328884
1.613202
1.093257
1.681544
0.759175
0.747738
-0.063049
1.920406
0.498869
1.715626
2.069737
0.783844
-0.007009
-0.467242
1.376917
1.489878
2.317611
1.012453
3.323394
0.637489
1.204980
-0.192235
0.669872
0.487803
1.618956
2.017698
2.461443
-0.236905
0.891474
-1.144763
2.407398
1.441159
2.127958
0.597262
0.745248
1.214601
0.722802
1.870820
2.956523
0.475025
1.950893
0.738453
0.579643
0.348629
1.990899
0.515599
1.441754
1.218269
2.311923
0.637123
1.683658
1.764991
1.132270
0.077249
0.408569
1.777300
-0.476478
2.405506
1.109301
1.058470
1.822915
0.672495
1.062091
0.685998
0.258923
0.141328
2.032783
1.655633
-0.690798
3.025675
1.918290
-0.842015
2.257189
1.573698
-0.450075
0.888669
1.513077
1.451834
-0.559123
0.051946
0.009484
0.334081
0.198944
0.469996
-0.331792
1.136081
0.476595
1.813767
2.257509
1.139177
0.993565
1.164340
1.932130
0.126692
0.920697
1.321437
1.200386
-0.112020
1.746573
1.427014
3.001153
1.149592
1.294815
0.722261
1.070729
3.314232
-0.408783
3.868190
1.508578
-0.122205
1.292968
1.276897
-1.118244
0.110376
2.061760
1.091223
0.152829
-0.013252
0.889405
1.115418
2.912100
4.204116
1.353705
0.308969
0.973779
-0.707023
0.339681
0.698840
1.970274
0.024187
1.861403
0.681039
1.114930
-1.053406
1.150322
2.464466
2.184137
1.293913
1.000809
1.253617
1.280817
2.102331
0.114083
2.082731
1.389223
-0.021182
1.147913
1.536930
0.473859
-0.660582
1.943600
0.855234
-0.576443
1.981065
1.525434
-0.194561
0.923909
1.221057
0.211995
0.521751
1.501322
0.416210
0.927646
1.383715
0.010680
2.741063
2.249563
0.649991
1.313034
2.120460
-0.013998
0.379714
1.096173
1.969920
0.395727
-0.069820
2.001914
3.545840
-0.561210
3.622447
0.758050
2.664778
0.374391
0.387534
1.786591
0.298853
1.524045
1.184518
0.169436
1.160083
1.709766
1.354386
3.628291
1.574707
0.317549
-0.616707
1.053394
0.577929
0.621012
1.583689
0.184971
0.545460
0.312106
0.771147
0.353505
1.523030
0.079011
-0.068831
1.113208
0.455221
0.857021
3.451743
1.990667
-0.799833
-0.857597
1.741517
0.884200
0.842404
1.909305
1.697464
1.096014
1.509565
1.421077
3.196637
3.259141
1.162515
-0.141873
0.364269
0.108814
1.538791
-0.007352
1.408406
0.313641
1.491349
0.551051
0.060706
1.116903
0.894438
1.428064
1.019090
1.125082
1.233999
1.043857
0.866155
0.067916
-1.117396
0.664489
1.810349
0.802093
1.091430
1.058825
1.714036
1.082510
0.554017
0.884459
0.761954
2.199176
1.297657
1.804671
1.220042
1.954884
1.192333
-0.275078
1.706585
1.324745
0.561142
1.866506
2.264998
1.826814
-0.236111
2.012688
-0.142498
0.671580
0.362444
0.599673
1.130054
2.132580
2.098901
2.130766
0.938889
2.170761
0.412253
1.412005
1.794009
1.334524
-0.675828
1.909873
-1.622363
0.296697
1.479066
0.602109
0.803287
1.658219
1.436413
1.364224
1.086581
1.832870
1.665749
0.832545
3.213504
0.110516
0.342139
-0.562034
0.918245
0.807840
1.469483
-0.254261
0.996748
0.337813
1.028714
0.759455
1.904638
1.902117
0.871242
1.033945
1.113553
0.818183
0.951032
-0.384988
0.355189
0.733825
3.089332
0.726133
0.759607
0.896149
-0.011788
2.906628
1.398140
-0.288795
-1.274280
0.942940
2.231046
1.588602
0.213976
1.087529
2.368998
2.048369
-1.301926
2.066251
1.384413
0.357017
2.229330
-0.195398
0.519036
-0.054757
0.290500
1.423153
1.340905
0.437110
2.444853
-0.195963
2.220600
0.834615
0.424249
0.022000
2.759835
0.879222
0.743453
0.072565
0.954492
2.945407
0.777499
1.042416
0.760530
0.319291
1.253136
0.284246
0.910720
0.348633
1.437775
0.863236
1.447589
0.349691
2.084485
0.422806
-0.749850
2.363079
1.201263
0.474680
0.570754
1.245101
0.792225
0.889715
1.363720
1.267274
0.543051
1.140537
0.285410
0.615817
0.647463
2.366043
0.914182
2.649284
0.701883
0.988181
0.462757
-0.539272
-0.222814
0.513875
0.781365
1.006789
0.734663
1.525482
0.693588
1.801386
0.938265
1.145362
0.234228
-0.325106
1.056297
2.307341
0.482042
-0.146984
1.521272
-0.404692
-0.425530
-0.797276
0.523214
1.721398
2.146877
0.391872
0.953245
1.045181
1.538109
-0.887121
1.567108
1.185589
0.953773
1.864604
1.252093
0.998806
-0.117778
0.373390
1.607650
-0.442906
-0.579526
2.545145
2.514084
0.688984
0.206104
0.008553
0.444758
2.915716
-1.785024
1.125437
0.360372
3.250345
0.263525
1.212968
0.087630
0.612024
0.184804
0.680488
0.913121
1.311351
0.353009
1.412006
0.716375
0.594058
0.548841
1.411966
0.836794
2.234774
0.734369
0.060004
2.226274
-0.086492
0.955278
0.415805
-0.538819
1.055482
0.565258
1.102144
2.288911
0.372912
2.264056
0.188009
2.040438
1.097574
0.174382
1.073221
0.903036
0.935706
0.063086
0.415092
1.585211
1.454612
3.388561
-0.411253
2.229194
1.006231
0.257503
1.503181
1.224888
0.802200
1.213035
-0.734443
0.486602
1.567129
1.410740
3.145397
0.074615
1.229229
4.104502
0.962661
2.583528
-0.270528
0.894590
0.463895
1.133009
-1.841398
-0.323243
-0.362285
0.359644
-0.521262
3.540622
0.214549
1.136567
-0.520579
1.795221
0.707225
2.589088
0.238559
-0.203701
2.607517
1.109849
0.334126
-0.011512
1.395250
0.024487
0.414495
-0.184870
1.706844
1.470815
1.057744
0.222031
