1000
0.967655
-0.166107
0.789818
1.828734
2.883314
1.771298
0.495680
1.123123
0.555692
0.753273
0.803033
1.625099
0.494950
1.191638
3.400216
3.126447
0.002207
2.820609
0.586992
-1.218189
0.853902
1.740835
0.736579
1.089555
1.263375
-0.990055
-1.292768
-0.038274
-0.693069
2.275274
1.268321
1.625855
1.586203
1.869840
1.554850
2.489475
3.075516
2.435799
-0.514297
2.095349
1.925299
1.002376
0.180846
2.369074
2.400154
0.849514
0.962039
1.226027
-0.375824
1.069622
-0.284857
0.794978
-1.138033
0.478303
1.023631
-1.016169
3.155691
1.009045
1.959995
0.855364
2.295658
1.318189
1.140341
0.122549
1.467581
2.725215
2.188900
1.037759
2.607959
1.578460
1.521235
2.490023
0.529674
2.212335
1.900747
1.584430
1.580545
2.494247
-0.327824
1.015862
2.277652
1.073917
0.317523
2.596082
0.785710
0.388756
1.009810
0.285133
2.162330
-0.155095
0.446920
2.086599
2.424583
0.989246
0.443765
0.509120
0.820518
-0.056450
1.214231
-0.335185
-0.476510
1.869265
0.671148
-0.100452
0.865662
0.300986
-0.476345
3.896620
0.346563
0.564701
0.922226
1.432457
1.454812
1.409668
1.765296
-2.123747
0.880079
0.694636
1.642329
1.478229
1.153430
2.413115
0.562366
0.942440
1.950051
0.247586
0.008064
0.759646
0.722108
2.893256
1.283372
1.732576
2.145883
0.185042
1.492213
0.645557
0.923237
0.976442
1.831919
0.916947
0.046777
2.299603
-0.256198
1.059669
1.235524
1.859858
-0.438032
2.099423
2.321461
0.992068
1.849785
1.383964
0.948675
0.072674
-0.071829
1.545861
0.832666
3.501224
1.325997
0.653346
2.741468
1.169549
0.164652
0.998253
2.827998
0.373144
0.409064
2.301850
1.281798
0.848080
1.392233
0.759890
0.739821
0.385680
2.486009
2.013049
-0.101922
-1.286086
2.355374
0.232805
1.061181
2.439791
1.170052
2.589094
1.434534
1.597547
2.018207
0.313402
-0.798184
1.379460
-0.953638
2.775220
0.287293
-1.223090
2.736581
-0.013808
1.152791
2.196312
1.220330
0.234724
1.620959
0.747345
1.260676
0.571376
2.706566
0.871292
-0.270621
0.137571
0.204628
2.379173
1.051742
2.457084
-0.385835
0.806047
0.256880
0.500022
0.920332
1.522104
0.350801
2.684914
-0.178435
1.233816
-0.738935
1.068611
1.678098
-1.114709
1.107117
0.790316
-0.026092
0.761153
1.589099
-1.621717
-0.220039
2.221458
1.025027
1.414539
-0.462394
0.500375
0.250347
-0.570672
0.840222
2.199698
3.618048
0.192713
1.753470
0.359971
-0.390494
0.665765
0.251227
0.475435
1.865147
0.873117
2.075810
1.368135
0.856615
0.468401
0.396259
0.886485
-0.817575
1.402311
0.649529
0.789446
1.456266
1.858409
1.251903
1.513719
2.063668
2.647589
1.324398
1.496968
-0.485238
0.260357
0.868321
0.094954
2.404309
3.980533
0.598696
0.044825
-0.076230
3.282814
-1.244712
1.324878
0.448950
0.666557
1.102985
-0.076223
1.873904
1.165697
0.206243
1.196996
0.823237
1.560615
0.677978
1.575655
0.528095
0.755055
1.818906
1.308476
-0.033052
0.378549
0.153104
0.171782
2.329958
1.155621
1.115992
-0.987100
0.835803
0.005531
0.181029
0.682029
1.111335
0.663378
-0.333569
-0.102453
-0.616752
1.058096
0.103279
-1.518903
1.020572
-0.421154
0.035576
0.408633
0.590805
1.180053
0.983160
1.080932
0.721434
0.902657
0.397079
0.029392
-0.101159
0.323907
2.986213
1.287970
-0.070112
1.300673
1.956034
1.706384
0.726295
1.540276
1.208442
2.069340
0.328945
2.797103
1.118102
1.028622
1.218172
1.682391
0.279325
0.629754
-0.129359
1.930901
0.195179
2.199842
1.314678
1.338343
0.467844
1.392325
-1.882639
1.204508
2.135680
1.606419
0.722507
-0.503270
0.793420
-0.029952
2.202177
0.214140
-0.026492
-0.090832
1.759718
-0.422629
1.507664
0.895725
0.926314
0.524305
1.483564
0.553199
-0.177787
0.453440
1.747855
2.388634
0.401234
2.291570
2.516711
1.237404
1.620434
1.208964
1.408063
-0.789689
0.944748
0.447132
0.958734
2.350211
1.120630
0.884974
0.027683
1.991077
0.301522
1.974653
-1.288528
1.615699
1.396330
2.450438
-0.127635
2.031098
0.124692
2.256329
1.399422
-0.962815
0.236224
-0.814262
1.082851
1.400959
0.773841
-0.945204
1.941369
2.833618
0.119937
0.845487
-0.433745
1.108923
0.514323
0.949946
2.194757
-0.119167
1.074955
1.267359
1.231014
2.614151
0.917278
1.693476
-0.275112
0.391291
1.775498
0.587866
1.531918
1.063789
0.261372
2.187896
1.014283
-0.310830
-0.388825
1.574830
-1.247774
0.291227
0.521842
0.255151
1.364883
2.162437
0.140173
1.610495
0.826257
0.776873
1.538289
-0.211780
-0.464029
1.916047
2.145986
1.395659
-0.306431
0.887862
-0.611697
0.940189
-1.077068
0.928575
1.521501
0.601957
0.366281
1.004249
2.227121
0.562093
2.716774
0.001492
0.368347
1.524705
1.035009
0.734594
-0.996728
2.986591
0.517309
0.419144
2.987360
-0.292544
1.609359
0.184448
-0.383226
0.967562
-0.932171
1.625900
0.859759
0.965875
0.019425
1.185544
1.900687
1.190764
0.720676
1.977997
2.765390
1.785101
0.165428
0.269484
1.781257
1.268300
-0.631203
1.355931
2.203506
0.818842
1.157372
0.336290
2.197359
0.633658
-0.115308
0.289074
0.660241
-1.104214
1.278984
1.325773
0.241642
2.630427
0.806486
0.954202
3.154556
1.530531
0.166029
-0.202416
-0.175933
2.778470
0.905704
0.958112
0.121424
-0.816331
0.194970
-0.369238
1.527525
-1.263571
1.334602
1.801525
2.328898
1.679813
0.466087
1.430586
2.021102
-0.315391
1.892295
1.409279
-0.920364
-1.336561
-0.181109
0.607676
1.712914
1.442401
0.446326
-1.236019
-0.254883
-0.072487
0.296550
2.594522
1.869959
1.763654
0.402422
1.215980
0.854374
2.154809
0.892729
0.383136
2.240222
0.150532
1.147299
1.137849
0.804340
0.574362
2.769756
-0.595661
0.481249
0.333260
0.802665
-0.216944
2.424036
1.080201
2.032159
-1.175923
2.451387
1.842517
1.962978
1.652216
1.182564
1.184959
-0.778487
0.549060
0.159795
3.008416
2.138922
2.248358
1.307979
0.852499
1.128174
1.045069
-2.616271
0.986513
0.450751
0.782056
1.443440
1.417334
0.778684
1.290359
0.854483
0.691567
-0.336580
1.144557
0.663602
0.157143
0.590809
1.765842
1.581244
2.633027
0.929095
1.191194
1.009648
-0.150418
2.123563
1.672924
1.278102
2.363018
1.285647
1.835753
0.981416
1.159030
-0.620585
0.225641
2.898260
2.078186
0.770361
3.080711
-0.173603
1.088089
0.301787
-0.595289
1.742211
-1.037180
2.067859
0.889797
1.260325
1.037404
0.752034
1.231003
2.153692
-0.262937
0.972881
1.510246
2.440371
-0.135613
2.004387
-0.056679
0.129378
1.415172
1.561557
1.241936
1.349011
1.656312
0.873164
1.346862
0.367809
2.069947
1.441609
-0.062815
1.214146
-0.018524
-0.013019
0.113352
1.290759
1.865029
0.707239
0.089002
0.958927
1.638716
-0.081421
-0.385744
2.789614
0.516099
0.050311
1.334608
0.591160
0.918174
0.891097
0.416412
0.658612
0.066683
1.000033
-0.038349
0.021211
1.576679
2.053334
0.849840
0.187379
2.330464
1.240908
2.543506
0.510611
0.293400
2.605217
1.503549
1.129553
-0.701179
2.277683
0.264576
0.108940
2.413947
0.283592
1.082979
1.213406
1.071416
1.470240
0.417747
1.313884
2.946036
0.391943
1.158289
1.195741
1.642214
2.112556
1.787586
-0.339026
1.242608
0.033584
2.472693
1.134311
1.609519
-0.807139
3.543519
2.767082
-0.948399
1.496639
1.398997
0.401209
1.895673
2.029673
0.666011
-0.130122
1.589661
-0.165013
0.506646
0.568863
0.608477
0.827377
2.971651
1.302881
0.130388
0.724848
0.843271
0.868662
-0.134710
0.086413
1.694815
1.116316
0.629050
0.658685
0.733797
0.384968
0.378370
2.068750
2.227035
1.833160
0.059398
0.341141
1.593290
0.705449
-1.211939
0.375472
2.643467
-0.850759
-0.371654
1.337000
0.867414
0.146372
0.983415
-0.301887
0.727745
-0.327413
0.924856
0.921135
1.797816
1.571137
-0.461003
0.642155
1.451658
0.550906
2.356035
0.668310
-2.073997
-0.404527
2.341811
2.705338
0.897482
2.041732
0.920861
0.028346
2.132135
1.696290
2.293382
2.271257
1.550944
2.276947
1.576856
2.592672
2.112640
1.592672
1.555777
2.864112
-0.460540
2.526095
0.509265
0.765771
1.588852
0.242977
2.390339
1.793086
-0.175486
0.752430
1.594687
2.351182
1.511313
1.541266
1.837518
0.009952
1.016107
-0.334267
0.446580
3.376230
2.240011
1.475419
-0.571358
1.527800
1.367065
0.037616
0.024888
-0.499511
0.245884
1.746569
1.541813
2.366583
0.898970
0.781830
-1.301676
1.031925
1.035814
1.256066
-0.465798
1.234238
2.308154
0.454699
0.370534
0.298223
0.879536
0.930936
-0.356697
-0.319842
0.844267
0.779770
0.837924
-0.964871
1.039640
1.460367
1.909453
-0.046048
0.527800
3.060523
2.555228
0.386182
0.619797
1.702469
-0.838103
1.730566
0.417003
1.650775
1.056901
0.904499
-0.473913
-0.856249
0.559199
1.551633
0.971698
1.642865
-1.511205
2.638460
2.433215
1.023816
-0.227464
0.735411
0.885113
1.168786
-0.979826
-0.271847
1.326980
1.664680
2.361215
1.247468
0.440234
1.012693
-0.330432
0.047272
2.654625
1.973661
-0.287863
1.870043
1.592404
-0.287297
2.075811
0.652658
0.399421
2.154794
0.530613
3.227365
0.181821
0.931834
1.279412
0.375279
1.692785
2.413117
1.063605
-0.891634
3.001428
0.807343
2.318628
1.179031
3.463453
2.430418
2.762236
2.254336
2.035316
2.734609
3.309386
0.451355
1.311062
-0.575202
1.525008
1.553890
0.672543
1.143411
1.354936
1.632250
0.528079
-0.939491
1.931824
-0.062407
0.883161
3.401333
1.765302
0.936192
3.232955
-0.481648
-0.949537
0.185566
1.513385
1.858015
0.473177
1.385489
1.163245
-0.504954
1.325714
1.179901
1.649217
0.824043
0.754736
0.417013
1.136013
1.098831
-0.536581
2.025848
0.263013
1.918260
1.817488
0.605332
0.599537
1.543175
2.119923
3.026449
2.772656
0.862419
0.971609
1.310935
-0.419351
1.222058
-0.705975
2.044376
0.835994
1.227551
0.690363
0.313948
0.930381
2.489106
-1.094355
-0.530170
1.011125
2.382060
-0.140051
2.014980
0.400603
0.656195
0.293793
