1000
2.177677
0.117719
0.561856
3.071748
1.517238
0.028376
2.226272
0.074070
1.039601
0.344653
1.839851
1.308869
0.530297
-0.684107
1.536799
1.532812
-0.721583
1.638436
0.484180
2.144014
1.054994
0.327089
2.278514
0.464706
1.111382
0.880304
1.223221
1.119669
1.466197
1.434285
0.049738
1.303244
1.768493
0.222640
1.469166
-0.070027
-1.349037
1.882009
0.306704
0.357408
0.650614
0.933662
-1.577765
0.646933
0.941290
1.175722
1.356417
2.802806
2.048501
2.032916
0.780801
0.061929
0.456794
-0.311166
2.183043
1.559992
1.883812
0.944279
1.592226
1.156541
-0.195343
0.575160
0.959746
0.798154
0.866063
1.151284
0.470098
1.352565
1.409968
1.065516
0.412677
1.127837
1.841471
0.803016
1.022160
1.362157
0.895475
-0.021791
-0.036725
0.534447
1.496025
2.583922
2.149840
0.135183
1.720125
2.436267
1.874243
2.491143
0.883091
0.800633
0.046057
2.464779
0.222980
-0.059936
1.173745
3.821761
1.420344
2.297911
1.547877
0.480646
0.050397
1.382280
2.125587
2.924348
1.928566
-0.901023
0.912134
0.417870
-0.009058
1.571820
0.870265
0.386818
0.254707
0.731825
1.570276
0.872394
1.356167
1.362531
0.848729
1.561526
1.246378
0.185436
0.668078
1.016377
2.221509
2.220580
0.410007
1.492246
0.325152
1.187967
0.959663
1.397563
-0.454713
1.593875
0.855038
0.014308
0.299749
1.385498
0.340481
-0.575403
1.589691
-0.945755
-2.470579
0.509344
-0.610839
2.222738
1.042249
0.005922
0.314256
1.646357
2.703074
2.085796
1.144658
-1.698899
2.432567
1.387036
2.273286
0.937793
0.953096
-0.760451
0.327483
-0.892687
1.406543
0.562933
0.400129
0.869420
0.482388
3.168049
1.321156
2.938800
2.300404
1.167169
1.581990
1.880424
0.450686
0.704155
-0.835092
1.431165
0.140096
-1.490363
2.131493
1.957156
-0.275867
1.982143
0.935504
1.361135
0.598905
0.744831
0.554947
0.209138
-0.017661
-0.079189
0.803275
0.482892
0.897809
0.657276
0.405146
1.703221
0.739950
0.776783
1.811372
0.834178
2.598296
2.108547
2.135114
1.543315
0.761134
2.931829
1.617873
0.737915
-0.511814
1.065965
-0.000198
0.719067
1.568319
0.379209
1.231723
0.092088
2.839179
1.029169
0.410017
-0.268983
1.406153
1.481867
-0.598220
2.038056
0.987612
1.186123
0.816803
2.307306
1.611759
-0.685897
2.557604
1.585164
2.127838
1.573088
0.891917
-1.001552
-0.196900
-0.289832
1.403604
0.830637
0.453165
-1.360810
2.383773
0.987638
1.668150
0.825219
2.689656
0.331065
0.217855
1.544079
-0.676377
0.817556
1.601980
0.714226
0.395347
0.172323
1.106797
-0.279335
0.189696
1.995108
0.789896
1.409094
2.033159
2.625638
1.196020
0.896427
0.616171
2.350166
2.292983
0.149741
0.459858
2.456521
1.286883
0.094717
1.903302
-0.199602
0.154107
2.920398
0.284022
0.516221
0.887710
0.783874
1.702459
-0.253105
1.263908
1.749515
1.950248
-0.368938
1.837812
0.681883
1.141439
1.428816
-0.430193
1.481676
0.955587
3.063292
2.050362
-0.235204
0.587927
0.134148
1.751322
2.009611
1.689885
2.496580
0.139436
0.539337
0.488270
1.437972
2.006419
2.873379
1.704373
-0.325364
2.747520
0.418943
2.932269
0.325190
1.310384
1.133214
1.072389
0.531438
0.060146
0.762112
1.168090
-0.396628
0.959763
2.041677
1.837014
0.496843
3.293504
0.560381
0.859951
0.940702
0.842370
1.860992
-0.769681
-0.143222
0.878391
2.800387
2.818176
1.254784
0.846383
2.237221
1.936578
1.952666
2.536450
2.331290
-0.422262
-0.169909
-0.082524
-0.362481
0.951647
1.936648
0.570679
2.592737
0.776553
1.208143
0.136533
1.470248
1.251400
1.635183
1.578175
2.014324
1.192654
2.073945
-0.838645
1.340640
1.060770
0.807950
-0.837531
1.535692
0.858319
2.471371
0.535671
0.921321
3.060669
1.009063
0.540581
1.437500
1.556662
1.442998
1.102762
0.374869
-0.225149
-0.151738
-0.001800
1.874352
0.495146
1.020542
1.959572
1.358596
1.218786
0.373129
-0.564851
1.124190
1.949214
0.384306
1.579322
1.767624
0.893242
1.068559
1.755877
0.149460
-1.193721
0.823739
1.643258
2.140026
-0.362672
2.320022
1.671630
-0.739130
2.315937
2.522997
1.351367
1.592569
0.204716
-0.143756
1.542398
1.298817
0.386336
0.793916
0.389424
0.721408
0.889817
2.159652
1.001713
1.302004
-0.121255
0.895161
-0.207228
-0.123349
-0.907042
1.423633
2.360364
0.598210
3.921336
0.875316
0.623603
1.367370
0.257573
1.375336
1.290138
1.514120
1.097997
2.505420
1.663355
2.976558
-0.757232
0.080884
0.352606
0.802552
0.096573
-0.028041
0.081668
-0.531514
0.453040
2.326299
0.960023
-0.131447
0.424961
1.211332
2.681343
0.904108
1.024725
0.512101
0.304556
0.405003
0.659525
1.315501
0.510415
-1.121529
0.901307
-0.004874
1.816436
0.482704
0.245904
-0.249271
0.619641
-0.311834
1.836547
-1.108142
2.560842
1.159266
3.168300
1.196524
0.375141
1.527945
0.446726
1.994184
1.708968
1.335692
0.545414
-0.622323
2.551714
0.882261
1.367256
0.130149
0.670047
-1.200790
0.963434
2.567471
2.077898
2.185110
2.584882
2.378621
1.265875
0.218110
0.398752
2.378111
0.656053
0.156624
0.688724
-0.173960
2.080220
0.684470
-0.473512
0.627307
-0.114514
1.211893
1.102534
0.405246
0.756170
0.781078
2.145671
1.192096
1.923181
2.167817
-1.307398
0.739540
2.057347
1.552616
-0.096481
1.337113
1.673001
1.131985
2.322599
1.270130
1.882251
0.560990
0.738389
0.695208
2.180199
-0.104319
0.432556
0.404859
1.506059
0.963674
0.922418
0.608973
0.303489
1.056443
-0.087572
1.238919
1.738307
-0.265816
0.462944
0.658625
-0.790363
1.639038
3.201373
0.757857
-0.458961
2.883347
0.815026
0.455716
2.496473
0.394097
0.193032
2.568240
-1.399947
0.810678
-1.343346
0.128865
1.159743
1.675687
2.039442
1.284925
2.808501
0.628093
1.846642
0.367273
0.355289
1.622834
-0.106194
0.646879
2.589492
0.451540
0.441330
1.550479
0.078444
0.080471
1.098512
0.515978
0.689667
1.121218
-1.857737
0.644442
0.302115
0.831114
0.968184
1.130550
0.506129
1.512445
1.777640
-1.144709
1.106133
1.874378
2.011455
-0.898802
2.336463
-0.148669
-0.087983
0.893561
1.621216
0.972853
0.356701
1.403592
1.945299
-0.344123
3.792716
0.123756
-0.787520
0.675739
0.844805
1.191565
1.068444
1.071586
0.569955
2.207737
1.221386
-0.279695
0.060237
1.477843
2.977650
0.536338
0.213778
-0.603996
0.665033
1.287279
0.373881
2.186147
3.025491
1.332494
0.675959
0.573044
1.293344
-0.092993
1.167247
0.255248
2.072302
0.242900
1.760154
1.554501
2.034229
1.435474
1.428383
0.942333
0.653463
1.576079
1.391969
2.092115
0.315104
2.945576
-0.096891
0.091727
-0.065351
0.193775
-0.571675
1.296979
0.723375
2.445326
-1.166618
1.697376
1.080950
0.906833
1.689433
1.727754
-0.382687
2.229559
1.246711
0.605323
2.427685
1.958063
1.339930
1.179155
2.358605
2.220687
0.372777
-0.674836
-0.341014
0.143709
0.218976
1.112306
1.152895
1.772835
-1.333584
2.007108
0.020440
2.129116
0.827250
1.260199
2.355842
1.173026
1.660967
1.699100
1.127649
1.078283
0.934554
1.193141
1.342329
1.302653
2.324402
2.393654
2.521680
0.615754
0.709606
1.701190
1.727206
1.205493
1.239241
1.346844
2.272481
2.104951
1.932074
0.592719
1.470801
1.468686
0.861630
0.726943
-0.750539
0.310774
0.570412
1.356102
1.048617
-0.411235
1.620684
0.930417
0.310368
2.304746
2.156453
1.534134
1.099720
-0.431401
1.851253
2.662021
1.942967
-0.365328
1.038692
0.562539
-0.848143
1.135961
3.864666
-0.891162
1.013837
-0.962294
2.329323
2.381395
2.031656
1.267718
2.605686
1.386198
-0.437013
1.057498
1.066299
1.376753
1.942287
2.559863
-0.044560
0.165162
2.142943
1.071779
-0.447274
0.789220
1.103923
0.370729
1.235916
0.923250
1.276228
-0.205939
0.513949
0.718235
1.893817
1.380494
0.630247
0.264230
-1.406056
-1.075428
0.759763
1.115294
2.206729
1.207383
0.493375
0.240889
0.543512
1.071936
2.400871
0.712759
0.992451
2.293744
1.763286
0.554001
2.471539
0.284056
0.273914
1.011298
0.090469
1.173638
-0.069319
1.771912
1.277008
0.865827
0.370535
2.879424
1.648842
1.304609
0.149585
2.462800
2.001718
0.628486
-0.590859
0.340093
1.860290
0.585621
0.410465
0.659425
-0.316919
1.132314
1.512287
-0.287688
0.910416
2.030355
1.538744
3.476134
-1.075738
0.931706
-0.262302
1.256006
0.361460
-1.524276
1.091101
2.049050
3.469667
0.544857
-1.394088
0.154565
0.470891
2.171295
1.024304
2.762402
1.501445
1.179801
1.508644
0.629605
1.166880
0.029166
-0.445782
0.918284
0.972153
3.652414
0.375650
1.732330
1.373966
1.932555
1.506277
0.882182
-0.380489
-0.026024
2.680182
0.684077
0.034938
1.283795
0.439150
0.796461
1.357798
0.855344
0.411382
0.043212
-0.110434
0.746472
-0.751283
1.921561
0.198703
1.152028
0.511408
0.908117
1.601025
2.106548
2.637336
-0.625033
0.904843
-1.576084
1.399750
1.135236
-0.684139
0.230845
1.111921
0.933006
-0.552990
-0.291633
0.041688
1.721915
1.665184
0.102733
1.560143
-0.551934
2.663636
0.352085
0.989849
1.495602
1.088902
-0.545733
-0.079576
0.535094
0.207266
1.065249
2.523324
1.397359
-0.259305
1.426483
1.496721
0.094160
3.234433
0.076465
0.131176
2.301397
2.307717
0.557589
0.565044
0.744481
-0.664454
1.049969
1.910197
1.521333
2.499439
1.544742
1.296694
0.791773
0.105953
0.956740
1.524064
0.048761
0.120319
-0.031441
-0.269279
0.980211
1.823228
0.377502
1.594424
1.122017
2.580325
4.007008
-0.102175
0.848379
1.185402
0.333750
0.057830
1.707676
1.641909
2.023991
0.052102
0.727127
-0.134991
1.584080
0.115580
1.823870
0.264386
0.416445
-1.068270
0.393154
-0.805682
-0.329162
1.582559
0.181278
1.598983
-0.171848
2.707416
-0.323991
2.237095
0.368499
-0.346151
2.069778
1.392345
0.007766
-0.152198
-0.354279
1.213688
-0.632219
0.076321
1.389961
0.905774
2.739821
0.991134
1.433870
0.947459
1.826960
2.515090
-0.412531
0.855312
0.589622
