1000
1.752290
1.313690
-0.939005
1.631855
1.761860
1.032152
-0.948393
-0.452898
-0.623328
1.737090
0.164882
-0.719857
-0.863264
-0.592419
0.909119
0.113039
0.468546
1.677740
0.221470
1.684491
2.450857
1.331927
1.684678
-0.360695
-0.063155
1.931332
0.591222
0.066033
0.957307
0.303654
0.024415
0.593791
1.236342
0.824127
2.388697
1.507362
0.847672
0.580175
0.321912
1.738345
2.030019
1.546038
1.249084
2.858612
1.608240
1.235288
0.997532
1.435840
0.349420
-0.116136
0.193463
1.562937
-0.287760
1.098945
1.906668
3.334045
1.091269
0.246155
1.693236
0.733386
1.268712
-0.422165
2.513745
0.901257
-0.157289
2.470448
0.143835
0.492558
-0.065156
1.544546
0.837178
0.411450
1.973085
1.462361
1.407774
0.342838
0.425143
-0.166758
0.311669
1.791731
-0.438201
0.863630
0.491431
1.667306
1.989354
1.717451
1.236082
-0.099249
0.529045
1.036127
2.293591
-0.280839
1.644727
0.913710
0.948977
2.072516
-1.074787
1.773129
0.104495
0.534491
3.578901
2.142199
1.153259
1.935536
2.678621
1.407839
1.250817
3.207581
0.164411
3.563340
-0.839431
2.122427
1.059375
0.732919
0.815827
0.867532
1.351109
1.492895
1.307898
-0.144801
2.647162
1.618855
0.828033
2.146375
-0.501640
0.527672
1.985829
1.881575
1.543754
1.685328
1.684184
1.594164
3.315779
-0.174783
1.144524
1.453440
1.661403
0.435162
1.464934
1.110350
1.612853
3.330601
2.824741
1.499736
2.282691
0.275489
3.033581
-0.514491
1.243519
-0.006414
1.709234
1.688548
2.508398
1.866156
1.728739
2.498271
0.640225
-0.207977
1.568385
1.818633
1.203900
1.634231
-0.079247
0.490066
1.428524
0.999914
1.296355
1.182869
1.196409
1.264862
-0.220426
0.478017
-0.085587
2.022742
1.183891
1.787161
0.797946
2.718362
0.100812
1.592371
1.010644
3.272053
-0.093027
1.166001
1.509472
0.351592
1.753000
2.210257
2.132107
1.511111
-0.588828
0.347988
1.570463
0.780416
0.613647
-0.745607
1.018033
1.213737
1.669286
1.033827
0.921303
1.174237
1.250824
-0.515173
1.800006
1.584873
2.039285
1.999800
0.853961
0.869379
-0.660849
0.070044
0.530709
0.914192
-0.878623
0.796054
0.655832
0.836277
0.987201
-0.815863
1.163914
-1.004354
-0.286638
2.404138
1.413644
1.185666
2.137932
2.294802
1.784676
2.153198
-1.620205
1.336356
1.518868
1.323766
2.308806
0.412860
2.647570
-1.079719
0.248922
1.906734
0.078637
1.439973
0.910233
0.845717
2.666430
-0.311997
0.148799
1.129342
0.722703
2.777103
2.151241
2.146180
-0.359362
-0.955869
1.393746
-0.127596
1.384149
0.502696
2.017216
1.015674
2.904759
0.394507
2.976361
0.663680
1.054773
0.311528
2.964803
0.568740
1.109341
1.632511
0.232258
0.766279
0.385458
-0.879267
2.154692
-0.542177
-0.451724
1.238442
0.659319
1.216542
0.257664
1.831639
-0.157738
0.638853
0.071583
2.743143
0.167404
-0.089545
1.767287
-1.711508
-0.750479
0.852210
1.896285
1.421401
2.213781
-0.457370
1.874198
-0.029961
0.164970
1.138022
0.625665
1.511832
0.234933
0.172738
-1.076359
0.586092
1.918586
0.552218
0.020219
0.373961
1.196552
1.846793
2.640242
1.950974
-0.061932
-0.173016
1.378685
0.927115
1.186099
0.562089
-0.174687
0.621352
3.748387
1.833919
2.677661
1.275067
1.331129
0.215335
0.473715
0.900300
0.308457
0.821040
1.712434
-0.109352
0.720061
1.597451
0.699702
0.691857
1.367762
1.128327
0.772546
1.372966
0.860757
1.261820
1.383307
-0.394987
-1.278716
1.550479
1.296696
0.937531
0.348625
0.230732
1.452226
1.863832
1.016476
0.221899
0.483314
1.930762
0.922579
1.571856
0.995254
1.437203
2.107602
-0.352517
0.663255
1.175670
-0.309628
2.143696
-1.975319
1.710606
1.312243
1.235122
3.206343
-0.594661
2.118754
0.319618
-1.014418
2.104318
1.403049
1.987577
1.388729
-0.803485
1.183652
1.783901
-0.564899
1.923716
-0.451026
-0.513108
0.318353
1.706366
-0.606661
1.055764
0.059505
1.444415
1.674026
1.384197
-0.302547
0.858105
-0.267245
1.071587
0.426054
1.961099
0.906777
1.769160
2.841907
0.448545
2.521203
2.232691
2.058839
0.978870
1.257823
2.059341
1.275347
0.663104
2.738418
0.012630
0.128351
0.878168
0.661981
2.809708
-0.491955
1.842011
2.251832
3.028638
2.464884
0.172995
2.527478
0.003050
1.688080
1.893343
2.113068
1.108660
1.737524
2.425063
-0.123152
1.191080
0.196657
1.375177
-0.753347
0.539941
0.724522
0.076632
1.789204
1.566821
-0.705537
-0.261994
0.392358
2.135248
-0.814436
1.350935
-0.158683
0.219554
-0.133519
0.496119
0.931951
1.585751
0.006649
0.608105
1.994749
2.072940
1.208939
2.288130
1.767485
0.772422
1.556868
2.689261
0.600708
0.315328
2.188393
0.875692
0.650804
1.189346
0.383763
1.446133
0.040039
0.079311
0.785485
1.404655
0.447227
0.253892
0.352620
-0.222665
0.488695
1.319900
1.083430
2.175260
-1.198460
-0.768378
-1.773385
1.673561
-0.360383
0.672754
1.479146
0.030342
1.069044
1.009933
0.361824
-0.852123
-0.314522
-0.673559
1.677414
1.348250
1.736218
-0.907858
2.526432
1.892118
1.048215
1.892044
0.389961
2.686340
2.261730
1.060650
1.585187
1.934935
2.293347
1.290132
1.222579
1.508381
0.949772
0.547496
-1.549119
1.602680
1.891328
1.427911
1.402793
1.838959
0.312779
2.297529
-1.361181
-1.801201
1.553396
0.784863
-0.112746
0.653414
1.911733
-0.009226
-2.354153
1.251804
0.761951
0.449476
0.489822
0.092297
1.165863
1.355435
-0.382069
3.370863
0.853501
0.808414
1.699680
1.952473
0.271621
0.037758
-0.349719
1.226640
0.206726
-0.442279
0.936315
0.127314
0.376500
0.895770
0.938321
0.973754
1.150313
-0.304158
1.134891
1.625327
1.962523
2.127084
1.893313
1.620058
1.905928
-0.811479
2.511518
0.797538
1.925859
0.150715
0.773631
0.170433
3.496777
1.460599
0.971194
1.109675
2.289899
2.402762
0.711202
0.935728
0.488671
-0.122273
1.600865
0.713206
1.237974
1.373603
0.604841
2.143072
1.119437
0.262490
0.105236
1.171151
-0.419830
0.539318
-0.153226
1.700970
0.580999
1.239385
2.733509
2.126544
0.260700
2.741725
0.750140
1.122386
1.384130
0.495186
-0.421377
1.287222
2.657077
-0.188498
0.116853
0.860856
-0.463626
0.658349
-0.107615
-0.163747
0.604664
0.618097
0.583398
2.299732
1.516469
0.637004
1.303495
1.143160
1.210241
1.038320
3.117956
1.036371
0.613703
-0.594774
-0.214968
1.245494
1.759672
1.079547
-0.741837
3.053695
1.055540
1.265728
0.707139
0.569805
1.354246
-0.426400
2.467393
1.020448
1.677465
2.232860
-0.293905
0.782284
-1.337517
-0.044996
-0.686129
0.023211
1.377439
0.038602
1.457846
1.960273
-0.152749
-0.522161
0.954243
1.910636
1.053551
-0.768900
2.017208
1.823062
3.247769
0.477422
1.674759
1.085059
1.640602
1.595577
0.844986
0.473679
-0.842049
0.891098
1.392788
0.423071
-0.122833
0.589751
2.966010
-0.917926
0.064806
0.198117
0.213015
1.599307
0.861750
0.537362
0.466434
0.128008
1.797635
2.586106
0.141020
0.835483
0.990367
0.738876
1.994487
2.815302
-0.299168
1.572417
0.620503
0.958332
0.115404
-0.729326
1.374333
1.758408
0.044577
1.110967
-0.636512
0.737454
1.584641
0.607481
0.098319
2.091506
-0.967477
0.660089
0.223397
2.999467
-1.309821
-0.423747
2.590914
1.823698
1.498163
1.571417
0.378633
-0.129219
0.636826
2.088419
-0.391886
1.726821
0.957611
2.192250
-0.458258
1.748062
0.818377
1.043451
2.132566
-0.348664
1.155237
-0.534579
0.743562
0.210779
0.320505
0.383712
0.910457
0.772262
0.770132
0.298661
1.475115
2.334538
0.080369
2.480524
0.237935
1.924167
0.617351
0.612350
0.039981
1.689095
1.195662
1.590304
0.638053
0.248455
-1.163808
0.473212
1.506148
0.796368
0.958643
1.835065
0.235064
-0.432022
0.618569
1.883848
1.269303
0.327647
1.132887
-0.380900
2.213247
0.935330
0.172289
1.882867
0.466576
2.521571
0.433519
0.395630
1.684585
1.890155
0.916547
1.190640
2.474770
-0.356779
1.560666
0.705683
-0.577462
0.738166
2.028001
2.866510
0.702310
1.110829
0.412532
0.971604
1.083731
-0.373423
0.604932
-1.799343
2.108544
1.434558
-0.489230
2.317126
1.421146
1.284693
-0.464131
1.210500
1.478268
0.885751
0.467833
1.263791
0.150818
1.808916
1.801498
1.692692
2.393305
0.926649
2.361863
1.405358
1.193417
0.398033
0.254976
0.321293
1.325596
2.856071
1.360139
1.262289
0.703138
-0.127025
0.284002
0.345825
2.806672
-0.717112
-1.361515
-0.357130
2.106378
1.186329
2.203726
2.053381
1.543998
0.496336
-0.062665
0.833291
1.905100
1.366339
0.808979
0.765813
2.023050
1.519242
1.136367
1.148918
-0.173057
3.263131
0.748165
2.354199
2.754243
1.936700
0.406041
0.790888
0.584475
2.867067
1.261023
1.912136
0.922903
-0.908151
1.546653
-0.002339
-0.830983
0.456627
-0.131031
-0.197900
-0.595534
0.498700
0.585889
0.319200
1.482950
-0.742806
0.965693
2.244292
3.387291
-1.618343
2.326309
1.347313
1.980829
2.004867
-0.401479
0.791819
-0.804110
1.120940
0.987284
1.446528
0.932781
2.097240
1.235462
0.104700
-0.576164
1.095070
-0.223771
0.531603
-0.053935
1.891281
1.020690
-0.176861
-0.047704
2.519808
2.474354
0.504431
1.167869
1.078084
2.010481
-0.274644
2.214884
2.152564
1.924646
0.512562
-0.189263
1.649736
2.691369
0.235443
0.066696
1.889845
2.585726
0.129431
0.176184
0.448886
-0.260937
2.679983
-1.180305
1.231168
0.409059
1.807763
1.878202
0.186603
1.609403
-1.016952
1.684064
1.894173
1.478535
1.769139
1.088842
1.846565
0.964759
1.045282
0.483658
0.861922
1.061810
1.743985
-1.213617
1.949241
-0.139596
0.234650
0.647957
-0.488320
0.590500
0.180308
0.816445
1.959327
1.336941
1.365750
1.673021
2.487393
1.220359
0.767474
1.317173
1.400294
2.787380
-0.481693
1.702028
-0.448314
-1.078184
0.291856
0.876544
2.435992
0.442596
2.382136
0.915305
0.084459
0.129758
0.868370
1.900637
0.996015
-0.656767
2.014570
0.646822
0.794851
2.968231
1.150326
3.701722
0.749710
0.855484
0.888896
