1000
1.303032
-0.507244
2.394669
1.728911
-0.366941
1.200535
-0.493768
1.039302
1.063360
0.252565
0.320157
3.199233
3.368227
2.950579
1.437419
0.930901
1.482459
1.998464
0.704249
1.645533
2.420832
0.724032
0.032531
1.118245
0.982991
1.061484
1.539266
1.919159
-0.744852
1.341881
0.974201
0.201560
-1.497579
2.610512
2.978594
1.439770
0.543299
1.380950
3.168409
1.529046
1.270523
2.231883
1.526522
-0.021445
1.627349
1.859602
-1.276143
1.065037
-0.051791
-0.169689
0.441999
0.919973
0.984000
1.134382
2.027432
0.954971
-0.673219
2.754908
0.034103
0.582441
0.893800
-1.101729
0.336494
0.233904
0.167755
0.262954
0.371250
0.244880
1.226502
0.815023
1.845666
1.571290
0.566929
0.999143
1.918276
-0.577154
1.199840
0.298528
0.730156
1.353505
-0.230960
0.588879
-0.102749
0.355434
1.389606
-0.563012
0.635424
-0.836618
1.145166
0.996118
2.401350
0.794009
1.383009
2.138833
-0.408256
0.179630
0.561620
1.191049
1.381846
-0.593349
1.855214
1.265296
0.320851
1.462877
1.240515
-0.058522
1.985658
0.260554
1.359723
0.411685
0.320279
3.516066
0.987716
1.828749
1.312100
1.173653
1.907876
1.310020
1.288836
0.770796
-0.263602
1.066405
1.561910
1.474895
1.219988
1.577605
1.165467
1.295125
0.169286
1.547116
2.350291
0.659288
0.250691
-1.905375
-0.181000
2.489510
2.157135
0.540287
1.050517
1.612915
1.375275
1.448357
0.487851
0.633265
1.602392
1.549581
0.089035
-0.903047
-0.184399
-0.085256
1.081427
2.370157
-0.837668
1.124304
1.764630
0.649303
2.058907
0.337553
-0.245924
2.056533
1.807720
2.319104
1.068847
1.720064
-0.985128
-0.940500
0.434741
1.115222
1.910586
0.714729
0.493136
0.156426
1.069699
0.852875
0.533743
1.073558
1.410108
2.111845
1.304833
0.989570
1.120755
-0.346492
0.966644
0.462466
1.287405
-0.168998
1.083852
1.589839
-0.358706
0.052953
0.906158
1.714996
0.154660
-1.401414
0.220712
2.889776
0.566371
1.697175
1.295081
3.357403
3.184511
1.553500
1.920104
1.607890
0.662003
1.157692
-0.292067
0.611558
0.999039
0.834279
0.845473
1.407018
0.853859
1.133397
1.775028
1.609179
0.299026
0.098150
1.492891
0.717591
3.114579
3.644594
-0.335306
1.259105
0.326631
0.696709
2.684243
0.331939
0.265492
1.956580
-0.763042
1.744517
1.154984
0.995940
2.478602
1.621247
0.798804
1.077885
1.194177
2.169622
2.009851
0.095840
2.575222
0.141711
-0.216423
2.346838
-0.578085
1.162934
0.723050
1.943566
2.648355
-0.080211
0.450341
1.151232
0.148395
0.930030
0.467608
1.906592
2.041424
0.845720
-0.367370
2.125396
1.142514
-0.067485
1.458519
1.641883
-0.674571
0.580341
2.230485
0.420326
2.028370
2.459990
2.494314
0.258053
0.251550
-0.504316
0.587202
1.724729
2.647553
1.808349
0.236485
1.550149
1.692213
-0.198795
1.084716
0.022143
2.212810
2.193455
3.004861
2.071587
3.610485
1.293767
1.200606
0.559814
0.443342
1.845909
2.440301
0.982197
2.762419
2.349907
0.127505
-1.852454
1.088111
0.613177
2.289295
0.811502
1.036281
2.584610
1.009841
2.136271
0.867333
-1.078005
0.967533
0.950903
1.695753
1.466168
-1.290140
2.753822
1.518013
2.435544
3.023156
-0.074683
1.041255
0.696461
1.352833
1.509226
0.886293
0.690909
2.283749
0.234463
0.216235
1.139046
0.768080
-0.496765
1.903277
-0.976629
0.221645
0.586904
1.021232
2.282122
2.379146
0.777115
1.260368
1.138075
1.432350
-0.777259
0.666620
0.010942
0.985788
0.575991
0.018067
0.356110
1.366607
0.611123
2.586514
1.099724
-0.688378
0.841016
2.586745
1.140861
1.270041
1.811281
0.258304
1.080182
1.578863
1.074235
-0.520412
0.197470
1.416803
0.153251
0.786476
0.788014
0.143071
-0.115498
0.027471
2.318664
1.406880
2.477981
1.401410
1.508770
2.416604
-0.096190
0.948967
1.898517
1.962246
0.870557
0.252557
-0.175151
0.410910
0.776031
0.543354
0.901744
0.941454
0.686372
0.898022
1.311634
1.043222
2.398807
1.212873
0.110492
-0.140965
0.256313
1.416018
1.081872
1.006997
-0.119138
-0.547848
2.423201
2.773422
1.729344
1.361862
0.308816
0.914498
2.243489
1.097300
1.402417
1.253757
-0.216579
1.240400
-0.129001
2.016047
2.030390
-0.333707
1.079542
0.617835
1.049963
0.785953
-0.022849
1.672190
0.468373
-1.375002
3.376985
0.860691
0.408462
0.897638
0.604727
1.801901
-0.095757
0.867232
1.516051
1.622359
0.753899
0.695408
1.213439
0.243016
0.851110
1.273099
1.205852
0.885925
2.024450
1.498139
0.396749
1.392199
0.450627
1.040520
1.822722
2.007091
0.755739
1.217513
1.212276
0.794075
0.607167
0.898545
3.459436
0.692015
0.272732
0.786346
1.047289
-0.158817
2.100394
0.970794
-0.144437
1.931870
1.279669
1.719688
0.871555
1.338615
1.571450
1.389565
-0.116461
1.085756
2.666449
-0.406095
-0.613178
2.588156
1.077123
1.419699
0.244632
0.437761
-0.416226
0.397879
3.003097
3.257685
2.165127
0.220191
1.120822
0.526503
1.175422
0.743412
-0.846413
2.167795
3.097853
1.630411
1.750396
0.130127
0.871523
2.233302
0.393285
0.745399
0.419735
1.097515
1.256718
0.023918
2.523237
1.867710
0.652136
-1.016232
1.010362
1.816511
1.081999
0.779384
0.632743
1.598471
3.797494
0.981531
1.354661
0.408328
-0.278390
0.384065
-0.511159
0.290213
1.604868
0.321360
-0.187356
0.293781
1.496748
0.659858
-1.597300
0.276252
1.243246
1.097133
-0.050995
0.972902
-0.615884
1.357535
0.194462
3.665640
1.798034
0.032853
0.910308
1.656452
0.031330
0.958964
0.264826
-0.197707
0.726889
2.140388
-0.314824
1.508916
0.792438
0.835544
1.100252
-0.376182
1.730182
1.139213
1.070838
1.327094
0.200523
-1.617524
2.310326
-0.122388
-0.582296
0.639356
1.349142
0.850313
-0.170140
2.690608
1.261268
0.489488
2.394307
-0.444987
1.494731
1.961552
0.969605
1.191655
1.018652
1.540065
2.066240
3.022230
0.169630
3.487938
-0.813135
1.994505
1.093529
1.600719
0.468283
1.267565
1.483809
2.057534
0.257810
2.427791
2.297006
1.001128
0.668798
1.575660
0.075089
-0.158183
1.728626
1.195118
0.928538
2.250081
0.215844
1.195929
1.195077
-0.233388
1.882098
0.098267
0.919167
-0.997622
0.280265
0.489466
1.030739
0.876206
1.908831
3.906914
2.488980
1.683725
1.620477
-1.787109
-0.356697
0.989115
0.804928
2.526009
-0.044532
2.774386
2.918203
2.391853
1.896512
0.591490
1.436108
-0.646048
0.438826
2.376852
1.375224
1.301945
1.870881
1.435250
0.387237
1.146397
-0.154326
1.807405
1.725454
1.068280
-0.308103
1.009778
2.282677
-0.995044
1.244009
2.097800
2.923937
1.498740
1.521924
0.292023
1.143227
0.132187
0.643756
0.276889
-0.569024
0.442197
1.056409
0.427823
0.275636
0.268367
1.501897
0.961763
0.390359
0.618923
-0.152719
1.083856
1.053085
0.316356
1.163723
-0.668898
0.536042
-0.535471
2.690840
-0.754407
-0.027099
0.288520
1.349892
1.867842
2.568452
1.398599
-0.353513
0.951008
0.548065
1.363590
1.680776
2.009235
0.231496
1.292344
0.221338
2.023529
1.203082
3.038571
2.794170
-0.784896
1.061788
-0.322100
-1.323629
-0.408094
1.397276
-0.722515
-0.360629
-0.635560
2.258263
1.113138
0.755064
0.640467
0.808255
1.374920
0.422287
3.073877
1.107897
2.374583
2.396280
0.590133
1.776837
2.102846
1.105798
0.232738
1.234325
-1.391293
-0.259352
-0.274493
0.827004
-0.113244
-0.198745
1.577875
2.429456
2.499927
1.095815
-0.009558
0.565385
1.304522
0.614874
1.703279
-0.849762
0.117651
1.475780
0.022527
0.529427
2.260870
0.358965
0.970457
0.342720
-1.450239
1.059196
-0.129661
0.376095
0.683586
0.239568
0.240454
3.343180
0.816779
2.335040
1.158716
-0.411663
2.793271
0.871398
1.128735
1.864345
-0.389712
0.184348
1.340157
0.540395
1.142172
0.958720
0.935249
1.117093
1.224890
0.006068
1.582802
0.224583
0.759325
1.690550
2.674134
0.310865
1.443552
3.394374
0.993193
1.772333
1.843514
0.049020
0.107792
1.186150
0.344114
0.022320
3.004339
1.746030
-0.475021
1.224874
0.133634
0.469825
3.210279
1.723705
2.036070
0.374649
1.135024
-0.022895
-0.111809
0.151015
0.440273
1.250317
1.453291
1.257011
-0.439178
-1.034431
0.540089
2.211925
0.302851
2.531786
1.355147
1.710970
0.433483
1.240396
0.095115
1.894057
-0.091440
1.446745
1.833154
1.354132
0.930617
0.468017
0.737181
-0.182917
1.945666
2.611323
0.563066
0.124098
0.703813
0.329219
-0.123908
1.297594
0.898974
1.148726
1.089072
0.830836
2.047796
1.886366
0.522304
0.577911
0.606827
3.350417
0.141614
2.347299
-0.621153
2.047735
-0.044912
2.354432
-0.940944
0.082478
1.240892
2.420436
0.122487
1.244147
0.658891
0.020707
3.195379
0.493394
-0.191503
0.466575
0.299553
2.197048
0.648951
-0.578705
1.356212
0.314707
1.946922
0.586231
0.672985
2.377101
1.724150
-0.068605
-0.085392
0.113669
1.522366
0.634161
1.202393
-0.369524
1.941334
-0.622057
0.675496
1.463666
2.078790
-0.125330
1.233166
-0.046671
0.645079
2.142911
1.118359
0.345169
1.260888
2.820783
1.345221
2.077515
2.279346
3.284026
0.555157
-0.484719
-0.218559
0.563798
0.413325
0.150903
1.513958
3.239995
-0.091909
2.916810
0.991080
0.466563
0.425118
1.859475
0.279147
1.852770
0.531111
1.088532
1.528708
1.455036
0.168940
2.524063
-0.081149
2.414732
-0.573653
2.280015
-0.066131
1.984950
0.522991
1.301614
1.452118
0.008025
-0.562968
1.214606
-0.273677
2.420811
1.130022
0.462682
-0.685968
-0.772463
-0.307216
1.462770
2.664435
0.760973
1.220447
0.934357
0.958936
1.976901
1.437549
-0.013131
1.313730
1.334386
-0.419053
0.167155
2.675557
0.825694
0.588162
1.008038
1.484572
0.841267
1.713056
0.868156
3.468168
2.628189
2.453449
-0.774972
0.914399
1.614554
1.946370
0.217807
1.772001
1.542405
1.158875
2.012912
2.349221
0.320516
-0.259358
0.640044
1.340358
1.724552
1.216926
-0.415306
0.540230
0.677913
2.461461
1.060835
2.513016
-0.334553
-0.388184
0.946844
1.607356
0.311034
