1000
-0.214405
1.568046
0.893743
0.492018
2.255894
0.411308
-0.086954
1.380125
0.998689
1.595465
0.972756
2.979479
1.951318
0.294477
1.292287
0.820464
1.286793
-0.181277
1.924408
3.004887
2.710594
-0.474497
-0.007447
2.135709
0.335318
3.030970
2.176388
0.862746
1.080875
0.763919
0.622019
0.815395
0.624875
1.288529
0.712182
0.953364
2.604653
2.000550
0.219762
1.109190
0.784848
1.105282
0.635388
2.012252
1.665801
1.900607
2.057697
0.681478
0.206761
0.392862
0.229824
0.686829
0.726744
1.192704
1.475955
-0.551264
0.482786
2.920908
-0.919770
0.701655
1.218102
2.201120
0.075996
0.411370
0.355668
0.414284
0.704582
1.724722
2.099565
1.669440
-0.283474
0.951290
1.224591
-0.135939
1.867575
1.120455
0.317503
1.860473
1.082169
0.058936
-0.134365
0.460066
2.861132
0.861460
1.089199
0.280186
0.200879
0.987664
0.196131
0.283427
-0.569789
0.728373
1.751602
0.446595
-0.360843
3.538867
2.068062
1.879954
2.236738
0.901475
2.723629
0.489364
0.821757
1.933557
1.280017
0.615144
-1.738773
1.035556
1.423986
0.569081
2.196545
1.059042
2.426951
1.106265
1.650229
3.933319
0.622038
0.982241
0.820969
0.703908
1.410168
1.606211
1.074603
0.645566
2.080180
0.458729
2.876585
1.424384
2.314558
0.580363
2.306826
0.932603
-0.025286
1.089871
1.309530
-0.013732
-0.086392
-0.043043
0.023718
0.819221
1.291602
0.495999
0.020077
0.581435
1.848594
1.682650
1.800917
-0.016782
0.880692
2.358112
2.396119
-0.357200
0.743312
0.649077
2.874181
0.672558
0.673669
1.750055
1.481123
0.797726
1.287076
1.306973
-1.137974
0.963692
1.436206
1.218742
1.760307
0.856483
0.727848
0.484044
1.437732
0.717715
1.091086
2.287096
2.885405
2.739440
1.049353
1.525254
1.536614
0.921520
1.690607
0.149660
0.307986
2.032770
0.438118
0.811594
-0.765573
1.245763
1.455325
0.749957
1.518542
-1.207441
0.069938
0.157704
-0.634407
0.654352
1.117320
0.841420
-0.332883
0.973973
0.780489
1.717626
1.834484
-0.451963
-0.779005
0.158681
1.747436
0.903598
0.985955
2.080503
1.826317
1.332700
0.740918
1.780333
-1.647126
1.024890
0.910213
-2.240126
1.596025
2.648770
0.927011
-0.402471
0.137156
0.317200
2.054341
-0.842352
0.297402
2.125765
0.423663
0.936138
-0.068539
0.358262
0.514217
1.763948
0.711887
-0.053140
1.303617
0.660027
0.593577
1.647321
0.933493
1.650850
-0.260552
1.238710
2.322648
-0.635752
-0.065966
1.641247
0.930673
-0.156963
-0.872775
-0.226663
1.088137
0.357768
0.992588
2.594916
0.460335
1.628630
1.965649
0.637849
1.691151
1.289946
0.734118
1.562193
0.860405
0.323012
1.120455
0.717207
1.091121
1.678316
2.076320
1.099792
0.201772
0.968756
1.280195
1.596968
1.104198
0.655025
-1.043622
-0.219295
-0.893283
0.950163
-0.054146
-0.230383
0.364935
-0.120012
0.841551
1.124028
-1.043109
1.490683
1.516016
0.778244
0.385381
1.004145
0.183777
-0.889578
0.358117
1.176781
-0.181791
2.086023
1.070570
0.401049
1.171322
-0.213048
1.938171
-1.552240
2.074815
-0.770959
-0.303352
0.008594
0.824458
0.337686
1.652781
2.654736
0.351576
1.159138
0.736149
0.545335
2.022771
0.529580
1.271453
-0.168529
1.203170
1.366837
2.586889
0.395289
0.688274
-0.999503
1.448622
1.443881
-0.585164
-1.282955
1.373821
0.944851
2.197711
0.768154
0.463588
-1.121327
2.164862
1.558636
1.423770
-0.682061
-0.392506
1.203122
0.877111
0.377875
-1.742277
0.397726
0.956358
0.927156
2.547491
1.712310
1.360796
1.756398
2.885886
0.962544
1.494877
0.336269
-0.422343
1.676084
0.966897
0.979080
1.841563
0.178703
0.837937
3.125489
1.327740
0.143170
2.458432
1.658148
0.821219
1.037389
0.674088
1.929034
-0.838087
1.573398
0.865126
-0.806666
0.016243
1.538041
0.974685
0.113250
1.709494
0.455623
1.989106
1.360740
0.166185
1.447645
0.378466
0.877857
1.415610
0.044707
1.589533
1.771760
1.332413
1.033096
1.302401
0.153075
0.277170
0.020416
0.742483
1.178852
1.365763
1.681190
1.293855
1.103491
1.008724
1.355461
2.478406
0.908998
-1.534427
0.575874
1.328524
0.259532
3.165523
0.812986
1.385249
0.489627
3.192981
-1.279773
0.455139
1.770369
1.749538
1.680586
1.050504
0.804756
0.354910
0.746421
-0.057941
2.083753
1.084428
2.664668
-0.473829
1.347533
1.016896
0.875250
1.558253
2.234110
0.711550
-0.483907
1.857656
1.047866
1.696281
1.455402
1.929970
-1.218783
-0.206379
-0.641055
-0.659551
-0.502447
3.049888
0.272398
-0.760310
1.869351
1.501479
1.320756
-0.186268
1.309978
1.923880
0.014223
1.654919
2.224577
0.677331
1.400494
-0.812279
-0.927654
-1.520523
0.786545
2.370851
0.880970
0.401252
1.468428
1.615047
0.959482
0.885836
0.541081
0.552525
2.572097
0.966955
1.786908
0.303322
1.205855
1.223391
0.764506
1.851057
-1.434282
1.154164
0.693710
2.143997
0.078448
1.553144
-1.465863
0.339848
-0.154795
1.048127
0.878276
1.815051
-0.258315
2.057726
0.145002
0.745144
0.519753
2.274761
1.838866
0.341118
0.139844
1.007553
-0.182595
-0.147107
0.529492
-0.013492
2.563749
0.468818
3.654614
0.235883
0.352665
0.507734
1.162722
1.721094
-0.058856
0.570787
1.677830
0.562858
2.211692
1.766976
0.288756
2.748472
1.907451
0.663569
0.853799
1.634696
2.667955
0.648189
1.990499
-0.540833
0.729945
0.063511
-0.081998
0.939368
1.808998
0.014875
2.044488
0.956721
1.795339
0.223002
0.043252
2.453413
0.812053
1.237068
-0.065525
0.493415
2.081636
1.608877
1.507675
2.192279
0.081679
1.913294
-0.311508
2.285094
0.513777
0.548583
-0.582170
0.908482
1.683759
2.450703
1.152925
2.768406
1.335206
0.505012
1.058418
0.986448
0.882302
2.231107
1.087120
-0.496474
2.400636
1.788770
0.649005
1.725139
0.738183
0.388913
1.447327
1.570276
0.651149
-0.433734
0.474495
1.925947
0.320289
1.988631
-0.447519
1.432750
2.112519
1.732668
2.880540
0.757660
0.932818
1.632584
2.353111
0.839539
0.012016
1.402739
0.472301
1.251034
1.006795
0.057261
1.943434
0.657159
0.590480
1.729711
-0.053553
0.597987
1.522589
0.798090
0.850175
3.201468
0.604726
2.393390
1.153260
1.758737
1.137965
1.340371
2.005287
2.313857
0.641198
1.412414
0.242505
1.839500
2.143284
0.376758
1.161237
1.114918
3.711866
0.898552
2.308432
0.597169
0.617784
-0.308702
1.940191
0.460452
0.567276
0.885130
1.779311
-0.028979
-0.086127
1.853305
-0.022429
-0.941159
1.247964
1.114616
2.138805
1.227586
-0.478256
1.267556
1.889464
0.908913
1.182714
1.145360
0.545636
0.936424
0.066049
0.225204
1.356237
1.301687
0.373115
1.691780
1.003229
-1.010210
1.473253
2.146133
1.521436
0.344911
1.141099
-0.078784
1.198706
1.774469
0.902692
1.952846
-0.471201
1.211462
0.421402
0.627450
-0.159178
3.190825
0.299610
1.775341
1.277178
0.145825
2.383232
2.408449
0.808625
0.850437
0.969235
2.083445
0.703922
-0.222818
0.618863
0.311531
1.963855
0.910881
1.401098
-0.125771
1.208263
1.288841
-0.315615
1.557411
0.452002
1.079469
3.214679
3.812212
1.762210
1.762783
0.697956
0.597762
0.604806
1.609515
1.750263
-0.372202
1.747748
0.093048
2.387769
1.645757
0.284597
0.627508
0.684660
0.298686
1.619820
-0.061445
2.420296
3.518838
0.936015
1.953186
-0.493295
-1.287240
0.257379
0.950962
1.855050
0.978232
0.437274
0.717648
-0.954671
2.327680
0.751236
0.955379
0.291932
0.333608
1.251297
1.478605
0.686883
1.377581
1.637551
-0.783542
1.520164
0.874510
3.189042
2.314450
1.013528
0.207683
1.320905
1.698052
0.780711
-0.063794
0.122107
0.896424
-0.085130
2.878011
1.339552
0.853631
1.181607
1.989847
0.954316
-0.338317
-0.510822
-0.014526
2.032032
-0.133353
0.877521
1.573089
-0.850980
1.106502
0.841168
0.962769
0.859194
1.365449
0.183491
2.615597
2.159793
-0.675596
-1.465950
0.895292
1.508630
0.392062
0.352047
0.795292
-0.268783
1.202151
0.943543
-0.555831
-0.363689
1.080418
-0.085166
2.240109
2.512452
-1.024807
1.961090
0.881895
1.777649
1.297553
1.080345
1.838511
-0.366446
1.603823
1.332439
0.068853
2.184007
1.880902
2.471645
0.791202
2.511191
0.438726
1.640259
1.804648
-0.577172
2.089261
-0.396820
0.953934
0.452573
-0.362530
0.250114
0.675135
2.357089
2.255444
-0.111976
1.420367
0.023141
-0.619566
0.087045
-0.318126
2.158220
1.486978
0.472519
0.026524
2.143612
0.536711
1.549822
0.414168
0.270672
0.513109
0.071371
1.729997
1.148390
3.747438
0.394691
0.674331
0.035899
1.320878
2.954131
1.530469
-0.395489
3.645139
2.418246
0.520055
0.313287
0.326712
1.053462
-0.450899
-0.740552
2.418965
0.962520
1.617380
1.624309
0.152397
1.188562
1.478434
1.756053
-1.020376
-0.830199
0.608655
-1.149334
1.494425
2.051087
1.712946
1.718893
3.032670
1.113080
2.713132
0.010991
1.569739
1.248047
1.446855
-0.186319
1.806446
1.363003
1.760099
-0.317339
2.546216
-0.462578
-0.292547
0.085829
1.160785
1.685236
0.399280
2.756572
2.951108
0.331291
1.217796
0.181115
1.648899
1.491559
-0.631383
0.413452
1.903887
-0.897640
0.818667
1.693990
1.156716
1.199396
0.326904
-0.092376
1.194388
0.952320
1.185608
0.892700
0.404544
2.068879
0.568910
0.844603
0.541914
2.340584
1.609151
2.538566
0.254570
1.227833
0.537511
1.412409
0.500680
1.916800
0.509435
1.832425
1.584684
0.318670
0.002216
1.953550
0.894146
-0.534446
-0.120819
-0.756585
0.594371
0.881266
0.209671
0.696944
1.834217
0.365082
0.411250
0.365069
0.815155
0.190030
1.709804
0.210200
1.400889
0.609607
0.428105
1.443727
0.853953
0.527000
0.938302
2.677689
-0.561463
1.398339
1.347307
-0.478658
2.680995
-0.963079
0.701968
0.874324
0.697360
0.722811
0.292547
0.948170
2.052828
-0.332757
0.711369
-0.184454
0.593198
1.494124
0.317151
-0.207749
0.774795
-0.347355
1.216900
0.314257
0.843786
-0.149981
2.001011
1.062566
-1.913421
1.166371
0.168278
-0.178856
2.577185
1.288504
