1000
0.156100
1.426108
0.351657
1.105784
0.602255
2.064877
0.004314
1.919492
0.742863
0.736578
1.032443
0.877899
2.249155
0.960665
1.665730
0.161960
0.656290
1.262681
1.583574
-0.184557
1.364606
1.099434
0.762772
0.598120
-0.126292
0.828016
1.876277
0.458681
2.446129
0.636901
0.460877
1.095856
0.184908
0.611116
2.674389
0.880238
1.617193
-0.220713
0.713220
0.625810
0.726812
1.381323
1.372398
1.869115
2.721383
1.361408
1.714824
2.272015
0.937945
1.605659
0.876504
0.280872
2.236624
1.618716
0.758807
-0.263708
0.424675
-0.251078
-0.035013
1.436770
-0.424515
0.066726
-1.212635
0.363257
-0.169962
-0.772449
0.926247
3.181149
1.435139
2.508185
0.103649
0.867604
0.603263
0.531158
0.337030
1.887779
0.069770
0.830899
0.624049
-1.155100
2.791404
0.878648
2.123519
0.940230
2.584518
-0.760339
0.226661
3.003508
2.114715
0.264905
1.923064
0.943765
-0.459914
0.210052
0.649780
0.567130
-0.480156
0.478411
2.215480
1.495923
0.482788
0.984607
1.607100
-0.693325
0.083679
2.801415
0.996045
0.781431
1.073474
-0.002692
-0.034671
0.789106
0.884504
1.047982
-1.047259
0.510138
-0.399901
3.240251
0.663384
0.567671
0.201931
0.392193
0.843099
1.270568
1.708413
1.892418
0.840659
2.085782
0.377215
0.382700
1.513181
-0.973981
0.963524
1.152070
-0.908389
2.482088
0.876942
2.403817
0.028957
0.298614
2.561774
1.281003
0.595988
1.186008
1.613335
1.907172
0.375356
1.141370
-0.229188
0.649676
0.893849
-0.159292
1.274486
0.415232
1.281761
0.556697
1.098119
1.185256
3.415442
1.459561
0.290172
-0.857702
1.807458
0.861167
0.492607
1.995857
2.074726
2.524275
0.536788
1.510766
1.667543
1.771452
1.699117
-0.045379
0.630264
1.213033
1.339305
1.348170
1.001613
0.803713
1.885104
0.719174
0.051934
0.705724
1.253498
0.341092
0.831423
2.955760
-0.792867
2.383736
0.932619
0.533952
0.391728
0.599402
-0.196362
0.548913
0.969495
0.565147
2.427033
0.911648
0.810758
2.741106
-0.006055
3.080440
0.733462
0.426245
-0.168386
0.859816
-0.015298
0.929203
-0.429453
-0.588344
-1.330387
0.264160
1.038575
-0.669989
0.559789
1.054452
1.704345
3.809466
0.464599
1.764851
1.159299
3.508077
1.187963
0.655102
0.922207
0.787251
0.737112
1.132162
2.488831
1.491093
1.773114
2.365497
-0.043623
1.797454
0.077576
1.626517
0.445439
1.008304
1.789946
1.183754
0.215952
2.288156
2.224515
0.445258
0.651615
-0.055724
0.142635
1.213453
0.845245
0.860890
1.931827
-0.506500
2.191789
1.673916
0.371960
1.091647
2.941312
1.703059
1.155511
0.702574
-0.004951
0.060179
1.350863
0.220231
1.096947
1.544524
0.229448
2.166220
0.193056
-0.060316
2.625016
0.380215
2.097373
1.906893
0.892044
2.688164
2.015232
2.872030
-0.353711
0.247345
2.705005
0.489038
-0.808710
0.606276
1.239911
2.502655
0.808583
1.659947
1.552117
0.960901
2.314466
-0.082555
1.855903
0.803081
1.238352
1.213286
1.665874
1.866386
0.921982
2.760110
0.297924
0.841217
0.299048
1.715508
0.944184
1.740353
0.624826
1.735887
1.214584
1.836553
1.195641
1.166966
1.342387
1.145321
1.473278
1.459005
0.611284
-0.668252
0.234082
0.481735
0.165148
2.719158
1.019623
1.054210
1.462906
1.340373
2.511085
2.578078
0.745574
-0.142910
1.092539
1.812027
0.545672
0.264470
2.156541
1.583373
1.113716
-1.632895
-0.015278
2.433971
-1.508810
3.358569
1.013718
1.355595
-0.016018
1.187785
0.814706
0.617670
1.969538
2.159004
0.570678
1.410214
0.357375
0.765824
1.508520
-0.105153
0.796394
1.525475
2.203523
1.964786
2.105222
0.716670
1.080659
0.562886
1.635731
0.623148
0.020686
1.336418
0.530510
2.531512
1.083401
1.064720
1.327867
-0.273131
3.112756
-0.175321
3.175562
2.245044
1.652690
0.605448
1.564272
0.271361
0.234186
1.792061
0.626544
1.302509
0.902014
1.074745
0.687977
1.255769
0.930238
-1.402532
-0.309840
0.792877
0.752201
1.087307
2.360516
1.664742
1.867141
0.540470
-0.835569
1.570085
-0.236792
1.102979
0.076072
1.219764
0.559109
1.456918
1.449156
1.365830
-0.633491
2.060897
0.514268
1.569692
-0.373852
-1.433231
1.300435
0.111150
1.638279
0.824123
-0.815918
3.949175
-0.918420
1.856895
-0.133239
1.747789
-0.403445
0.731679
-0.365295
1.709900
-0.193342
1.533687
0.939693
-0.515555
-0.826894
3.155189
1.153086
-1.103563
2.764913
0.652433
-0.573870
2.085221
-0.337740
2.071299
-0.770769
-0.124728
0.441769
1.585340
1.539051
1.848507
-0.263871
1.790948
2.243032
0.044922
-1.832864
1.473783
0.344116
0.620575
1.320448
1.057275
0.781974
0.685054
-0.356661
1.450616
1.463623
0.322019
1.324977
1.595811
0.702652
0.215784
2.035754
0.885676
0.989789
0.210308
1.167404
0.050101
2.913761
0.291721
-0.899583
0.769964
0.498208
1.735609
1.302018
0.826105
2.570538
0.752326
0.603050
1.909275
2.366750
-0.417899
2.480644
-0.248370
2.154266
-0.149915
-0.024266
-0.193414
-0.117359
-0.942929
-0.475604
1.988824
2.174642
0.401986
1.848439
1.597445
0.285056
0.719069
1.876370
1.234660
2.207837
1.330287
0.759441
1.464478
1.799008
0.815346
1.322889
0.443913
1.484765
2.450369
0.824744
0.378541
1.036816
0.072026
0.535699
0.909907
1.801510
1.642330
-0.663106
0.756559
-0.861534
1.847717
0.765565
1.094268
0.636240
1.100545
2.504262
1.353839
0.002502
-0.832727
1.532089
0.794054
1.333544
0.440169
1.184965
1.327660
2.375668
-0.275294
0.195108
0.795685
2.410289
2.119561
2.481830
1.236439
0.917226
1.229329
0.699231
2.505967
2.407379
1.697638
2.285464
0.191157
3.161597
1.127077
1.534146
2.514699
0.602912
0.414538
1.702335
0.326348
1.080491
-0.123468
1.179540
0.842935
1.340081
1.327675
0.724487
1.722066
1.457308
-1.335570
-0.232288
1.016109
0.958515
1.100792
0.915802
1.864507
0.033113
1.480046
2.303949
2.227194
0.561169
1.308855
1.828227
1.002115
0.921256
0.247294
0.787450
-0.348916
1.730783
3.003145
0.875325
0.382877
1.408286
-0.125148
0.578758
2.576432
-0.115328
1.234832
0.256116
0.038267
0.002545
1.311496
-0.031453
2.678891
1.015308
2.274359
-0.748634
0.124502
1.235699
1.529902
1.218384
1.192299
-1.073318
2.239897
0.301175
1.051068
0.868777
0.342931
0.250592
1.079125
1.218035
1.551437
0.129992
2.296540
2.193183
0.347753
1.194354
0.627366
0.430601
1.051495
1.126347
1.588778
-1.239714
0.911594
0.336128
1.515459
1.956654
2.348778
0.328320
2.242182
0.921767
1.168081
0.709548
1.901364
1.869568
-0.005375
1.679239
-0.587421
0.510949
0.458450
1.431525
0.377490
1.838876
2.503532
1.144909
0.681022
1.585115
2.004174
0.565062
1.337024
-0.451633
3.641709
0.641359
-0.214937
0.748993
0.158141
1.292050
2.093623
-0.431469
1.140121
3.765123
2.938940
1.429608
0.780601
1.980430
2.231272
1.872721
-0.178148
-0.339467
3.090113
1.607065
-0.461437
0.402917
-1.005454
1.137350
1.761764
2.251598
0.253727
-0.082867
2.678563
-0.321477
2.370160
1.874153
-0.540252
1.254531
0.811946
1.570921
0.305197
1.527490
-0.150858
-0.336019
-0.356970
1.273894
0.660461
2.157455
1.851679
0.841289
-0.634721
0.862289
1.296287
0.740049
-0.997465
-0.235404
0.683967
1.929211
0.063021
-0.300886
1.418418
1.990666
2.411350
1.044622
1.413021
1.269900
1.555505
-0.290499
0.828568
1.441147
0.413495
1.336938
1.685836
1.818406
1.002972
0.057221
0.742507
0.975948
1.104272
1.317211
0.963718
-0.144391
2.831553
0.510962
2.844902
1.065343
0.396525
0.704735
0.604007
1.920568
0.353545
0.314484
3.182370
0.235126
-0.397594
1.502634
3.725062
1.496261
0.573264
-1.173910
0.586469
1.181726
0.141442
0.814531
0.938670
2.551122
2.632849
1.411301
0.114985
-0.176557
2.431650
1.293323
0.774813
1.345463
0.507857
1.564418
1.030851
2.687461
-0.701413
1.591434
0.602890
2.493285
0.265442
1.321421
-0.758576
-0.236738
2.484588
-0.628729
0.808886
0.550506
-0.498717
1.350883
2.709024
0.993166
-0.464678
2.686453
0.924887
-0.561026
-0.256261
1.383616
2.440160
1.119633
1.104820
2.189034
0.820794
1.617645
3.024097
0.752857
-0.075035
1.667193
1.053721
1.860979
-0.155338
2.071777
0.450210
0.628147
0.897773
0.078362
0.016864
2.823419
1.298197
1.389567
-0.510287
1.436451
-0.924205
2.093472
0.964143
-0.525029
0.821030
-0.347263
0.390578
1.142512
0.494148
1.045082
2.259056
0.936352
1.380253
1.463636
0.122316
-0.405552
0.716613
-1.113729
0.061932
0.496554
3.358115
0.021132
1.467985
3.313258
-0.225098
0.472853
2.447435
-0.332206
0.768666
1.605710
1.794836
-0.261319
2.016025
1.598863
2.338796
0.322128
-0.258903
1.989030
1.125601
0.922771
1.424001
2.515315
0.844735
2.705752
0.146688
0.076334
1.842383
1.826317
1.600554
-0.606703
2.279228
1.823307
2.107191
1.185388
0.796504
-0.598063
1.045752
-0.078649
2.158191
1.166142
-1.259757
2.215477
0.535552
0.346916
0.142624
2.425292
0.283911
1.331614
0.455421
0.856946
1.993807
1.670280
1.363904
0.672223
0.560442
1.831166
0.380762
0.544346
0.194613
1.266885
0.401376
1.442990
1.110133
0.962025
0.492985
0.388528
2.379624
1.552349
0.430617
0.865256
1.020538
0.773303
1.597372
0.386690
1.977564
-0.667218
1.706338
0.983016
-0.263684
0.210189
0.794824
1.287778
2.384072
0.145450
-0.652291
0.401924
0.426940
0.446245
1.137815
1.102496
1.117222
1.876254
0.262553
1.238341
2.118934
1.335583
0.986674
1.775511
-1.619849
1.214350
0.589210
2.580561
2.364910
0.491528
2.047506
-0.109762
0.681704
1.060641
0.313162
0.928313
-1.069359
1.662242
1.348078
2.228783
2.883070
0.773967
0.769830
-0.266912
1.170107
1.077883
2.080103
0.615723
1.018681
1.133744
1.762021
-0.594308
-0.174480
1.987999
0.686156
0.465545
1.954254
1.945434
0.628128
2.630530
0.250279
1.674389
0.592496
2.791526
3.349286
0.240812
1.720806
-0.205494
-0.329466
1.755409
1.731486
-1.057738
-0.291508
1.532505
1.021322
