1000
1.527599
1.912711
-0.932916
-0.298450
2.087737
2.688876
1.692842
0.582310
0.272447
1.765597
0.745804
0.519916
1.070350
1.235355
2.092417
0.821332
1.125419
1.538814
2.197215
-0.198250
0.366051
1.256646
1.524743
-0.770478
0.680997
1.476819
0.771581
1.137913
-0.111877
0.490197
1.638883
2.079434
1.433385
-1.071930
-0.041118
0.224006
2.568072
3.214989
0.006211
0.766401
0.124118
1.821882
2.208666
1.768290
0.468167
1.438847
1.829698
1.734449
-0.390108
0.715645
-0.285255
1.634922
2.807903
0.530905
1.287262
1.677730
0.821366
1.424266
0.670297
-0.335499
1.109734
1.338846
0.687753
0.329322
1.593650
2.010174
0.266070
0.465624
0.769248
0.366379
0.969325
0.556527
-0.348529
1.768390
2.544243
1.367500
0.394641
1.504177
1.308841
0.718013
-0.935597
1.644381
2.682884
-1.029811
1.154453
-1.408193
0.574737
2.241078
0.964735
0.167384
0.834306
0.611689
-0.308013
0.938369
3.275202
1.589101
-0.591186
0.805959
1.744045
1.602211
0.832385
3.735892
2.931494
0.958706
2.608724
1.693935
0.695269
2.084707
1.468686
-0.285149
1.244815
0.133973
1.825211
1.240142
2.535093
1.016172
3.333993
0.365331
-0.647424
3.070045
0.005689
0.703138
1.673512
-0.667131
0.427839
1.302860
-1.067322
1.559267
1.261476
3.000497
-1.037725
0.192295
2.435411
1.630443
2.935202
1.900933
-0.353803
1.673349
-1.186862
-1.248065
1.038815
1.353232
0.431207
0.884315
1.235980
0.757751
1.110330
-0.177243
1.372716
1.295217
0.876180
1.457977
0.494816
2.950054
-1.533593
1.717689
0.983162
2.459187
2.324163
2.793778
1.931132
0.807537
1.986578
1.736107
1.027706
0.901242
0.069201
0.741859
0.680951
0.955319
1.048510
2.100202
1.610887
-0.480966
0.244467
2.309510
2.571286
1.760287
0.482538
0.330135
1.535927
1.320266
0.863332
0.116791
1.721513
2.263662
0.553695
2.006242
-0.336769
1.338402
-0.988577
0.332139
0.408437
0.237488
-0.653103
-0.263023
0.622275
-0.458151
0.718403
1.895989
1.615690
-1.488225
1.096216
0.386338
0.964849
1.325711
-0.511811
0.911867
-0.106301
1.779463
3.688008
1.756528
1.781770
2.057366
1.158157
1.987976
0.101967
1.172989
1.779168
0.105478
0.786077
0.957797
0.216841
1.031370
0.777279
0.431498
0.705179
0.130960
0.711201
0.400415
1.616419
0.776457
1.268938
1.693007
2.717606
0.878328
0.073769
2.990619
0.990828
1.168977
0.360179
1.946681
0.180866
1.406233
2.789796
0.803168
0.500763
0.914608
2.016665
1.217472
1.585332
1.886614
-0.003014
1.245113
1.384422
0.984468
0.429868
0.749976
-0.653371
3.200446
0.278880
1.242125
1.740862
0.862205
0.232632
0.719940
1.967743
-1.268057
0.231444
1.485468
0.651007
0.407299
2.296021
3.162751
1.270093
1.098186
0.907795
0.999258
1.390715
1.855727
0.984648
0.069124
1.053416
2.388925
1.021446
1.262850
0.660529
1.071387
2.035715
0.269453
1.310039
0.798287
1.016264
0.739830
0.639295
0.832577
2.046813
2.852318
2.826169
1.622688
1.152093
1.208783
-0.392603
0.432321
1.027424
-0.390980
0.201684
2.540795
1.218535
1.952662
0.157312
1.023469
0.656264
2.147493
2.185014
1.444798
3.302329
2.431620
0.294197
-0.521491
1.374836
-0.946414
-1.341526
2.140317
0.584445
2.733071
0.362113
0.610296
1.452381
-0.608470
-0.539718
1.222851
3.485356
0.352503
0.031652
-2.171877
0.955499
0.840018
1.155219
0.345993
2.098196
-0.360845
-1.723158
1.295809
0.775489
0.183279
1.935494
1.505419
1.308951
1.277541
1.345181
1.227959
0.819149
1.035514
-0.108310
1.518223
1.029572
2.987663
1.828749
1.843917
1.231327
0.562465
-0.758949
2.320792
1.203455
2.014550
-1.648646
0.890530
2.103456
1.096686
0.590078
1.891082
1.765985
0.680411
0.312015
0.180940
0.656794
1.741610
0.151474
0.833586
0.561764
0.383744
0.816826
0.248049
1.674246
3.439413
1.958593
0.113446
1.751233
-0.093457
0.979752
2.248352
1.455686
0.483428
2.875596
1.400579
1.895364
2.102249
1.851290
0.393246
2.593848
1.767186
0.719790
1.416586
1.732968
0.552947
1.085267
0.393926
2.165646
0.906516
1.452728
0.028027
3.093390
0.357139
1.706815
0.204393
-0.418130
0.794970
1.973329
0.551923
0.153268
2.941382
2.023371
1.001634
0.596480
2.044185
1.026749
0.167457
1.516437
1.006327
3.213680
-0.056959
0.547968
2.366403
1.412980
1.612431
0.258768
-0.599871
2.179069
1.231038
2.764092
1.453900
0.764215
1.644392
0.764168
0.313391
0.883575
1.713507
1.956809
-0.789807
1.546475
1.508450
0.715815
1.467363
0.358429
-1.639826
0.076548
0.835974
0.895679
1.655115
-1.742970
1.896783
2.443353
1.538806
1.006367
0.798995
0.774287
0.865611
2.334877
2.966643
2.408935
3.251026
1.024372
1.990640
0.212715
0.318356
1.286907
0.343019
1.672495
-0.970953
2.719668
1.219708
2.240671
-1.146437
-0.350984
0.540701
-0.106164
0.943811
1.083391
1.732302
1.023678
0.447288
0.689577
-0.981803
1.392649
1.653550
1.003281
1.080198
0.370887
-0.042383
-1.302237
-0.015832
1.971873
1.135463
1.333463
2.480933
1.312855
-0.141773
1.570834
2.336750
0.914106
-0.507291
1.367421
0.882277
0.382858
0.746999
-0.127729
0.830084
-0.106181
1.714753
2.060920
1.308819
-0.061227
1.409680
1.733724
0.364377
0.950540
1.721812
-0.442382
1.622005
-0.947896
0.635135
0.323244
1.734390
1.597579
-0.246075
1.617663
-0.286574
1.177855
2.496217
-0.858075
-0.016099
-0.696941
0.748733
0.125944
1.017870
0.460790
1.422536
0.960460
4.115983
0.315553
2.966323
0.794185
0.564824
0.975745
1.309984
1.172077
1.332758
0.821028
-0.305674
2.988689
-0.085345
0.854700
0.290817
2.626034
1.539472
0.504898
0.644109
-0.076668
0.858921
0.135912
1.597974
0.716597
0.376128
1.224894
1.023763
0.127179
1.922150
2.960666
0.620421
0.929963
0.715652
0.634387
-0.925910
2.132516
2.724543
2.570936
1.376211
1.144288
1.515723
0.881037
1.376003
-0.156700
1.753011
1.883933
2.694496
1.471630
2.574325
1.396529
1.576484
1.607360
1.251499
2.079230
0.483341
1.958243
2.638556
0.010163
0.878894
0.995344
0.858125
1.665518
3.119253
2.257839
2.514222
1.169009
0.889731
-0.184184
1.484124
0.041652
0.344440
0.741795
0.122099
2.675310
1.501209
0.923524
-1.103137
-0.027107
-0.674450
0.855486
1.750387
-0.322172
0.988055
2.506914
1.641703
1.388493
0.243410
1.854579
1.581982
2.273192
1.040773
0.706719
1.110068
1.477837
1.723708
0.133043
1.861039
1.045570
2.160633
1.133834
0.390608
0.613285
-0.101568
0.961032
1.550047
-1.180551
0.492271
0.565651
1.025451
0.705042
2.122036
0.731496
2.175322
-1.277194
3.822883
-0.059954
0.792917
2.716757
0.333641
1.425709
2.082700
1.520580
0.392907
2.490097
0.308431
0.932114
0.731914
0.072785
0.901885
1.539256
0.984499
2.010019
0.879120
1.057763
-0.729214
1.383233
0.625129
2.115971
0.343559
0.916864
2.052894
1.032024
0.934972
0.841721
1.343608
0.903873
-0.203698
-0.822157
0.526484
0.416845
0.198898
2.557408
0.781143
0.837025
1.831637
4.110001
0.754506
1.625385
1.002174
1.189947
1.051017
0.421002
1.430703
-1.713503
2.738457
1.426459
0.903425
0.196223
1.232790
1.728220
0.553022
2.524966
2.210073
1.514442
1.193678
1.985404
-0.312931
-0.375339
2.007984
1.681864
0.227527
2.360911
-0.528384
1.661263
1.160069
2.758439
2.006642
0.039524
3.165515
1.268925
1.277213
1.606313
2.485472
0.337426
2.338698
1.189928
2.423848
0.653746
3.342172
2.712572
1.780179
0.343850
2.042712
0.505964
-0.762991
0.343861
0.051043
0.931806
0.850653
1.685284
1.727904
2.004934
1.235184
-0.156531
1.732278
1.094802
0.929956
1.823479
-0.316733
1.388489
0.065940
2.728500
-0.482881
0.132529
2.588384
-0.104491
1.887498
0.695338
0.359547
1.271147
0.745951
1.586098
0.584446
2.023171
0.520327
-0.170749
-0.367818
1.286489
1.673282
2.141678
1.326559
1.738628
1.468171
1.346524
0.241403
0.736297
1.019715
-0.090784
1.939560
0.847683
1.670984
0.664671
0.525784
0.425715
-1.247845
0.828684
1.245052
-1.924670
2.224237
0.809120
1.467200
-0.468967
0.573010
-1.603963
0.135981
2.338589
1.548878
3.138970
2.097628
0.490239
1.175222
1.345983
0.235213
1.070762
2.422336
0.586920
3.130857
0.943877
0.742747
0.851170
1.027995
-0.509122
0.961467
1.133223
3.411046
-0.396053
0.981174
1.102945
2.147133
1.369870
1.987582
1.098364
2.209064
2.643167
0.303728
1.179130
0.104609
2.149150
0.175998
-1.054349
0.976634
-0.271758
1.092494
2.298722
0.332335
1.475564
0.814027
1.535233
0.708409
-0.084912
0.384086
0.354350
2.374237
0.634556
1.996023
-0.403915
0.255466
2.215631
1.503303
1.118529
2.197542
1.902684
-0.009965
1.452231
1.079498
1.533085
1.769647
-0.822618
1.696928
1.791693
2.868193
0.632438
1.659771
2.679966
-0.989854
1.256653
0.012333
3.399251
-1.165526
1.357550
2.043969
1.129823
0.142668
1.509141
1.350225
-0.706485
1.979160
2.502681
-0.541925
0.808905
0.705028
2.643413
1.137070
2.040719
1.269591
0.854740
-0.047664
1.021742
1.851552
1.000812
0.014210
2.546285
-0.254415
1.150579
1.470134
0.078172
1.297920
-0.142509
0.417635
1.754630
0.975891
0.167991
1.676436
-0.163446
-0.796606
-0.585479
1.425994
0.928166
2.293655
1.046879
1.215539
2.150457
2.494092
0.247947
0.137292
3.032977
3.477125
1.273991
0.644186
-0.913598
-0.190014
1.645981
2.290103
3.622576
0.189654
1.567436
1.071612
1.716665
1.789612
2.251524
2.232042
0.056603
1.416729
0.690648
0.525402
1.962376
0.836767
0.904200
0.713356
0.316987
0.147721
1.062671
0.948572
0.602018
1.708441
0.821998
0.608733
0.237409
0.678859
1.749482
2.836270
1.232004
0.070121
-0.983634
-0.482483
0.436083
0.074557
1.014414
0.648760
-0.668192
0.876569
-0.351793
1.985458
-0.968287
-0.271077
0.853636
1.555203
-1.485681
1.684050
-0.482165
0.660738
1.215816
0.578859
1.217544
-0.075176
0.178673
1.202607
0.156753
-0.002067
1.220791
1.378345
