1000
0.931455
0.955682
0.697663
1.080997
0.514838
3.361938
0.662836
2.349376
-0.543178
0.157813
1.353747
1.608821
1.907607
0.551986
2.894529
2.507006
-0.981480
1.278916
1.065109
1.711922
-0.158661
1.000490
0.121628
1.238915
1.346075
0.948702
1.694695
0.308287
0.919439
-0.661704
-1.156749
1.066463
0.351474
1.751508
1.909953
1.891037
0.959452
2.602276
-0.333391
-0.491485
1.625620
0.995972
1.447663
0.465694
0.794199
2.195007
2.420464
1.965518
0.970739
-0.940233
-0.113983
0.155361
2.160931
-0.492882
0.305236
1.664583
0.784804
1.113523
2.277430
0.536885
0.674384
-1.229707
-0.118023
1.242838
-0.577413
2.166989
0.273062
1.193206
1.098663
0.704088
0.740597
0.694183
1.946801
-0.251129
1.688594
1.855425
2.074652
2.026600
0.668736
0.845199
0.041927
1.649303
1.544778
1.760908
2.044200
0.208963
2.527007
2.758699
0.874423
0.699648
1.037226
0.603687
1.038216
-0.972460
0.929555
1.065200
0.605899
1.439140
-0.945426
0.126233
0.852712
1.244923
-0.232460
1.437192
-0.264992
1.623053
-0.077803
1.106466
1.675596
0.353936
0.989170
1.195657
0.442891
1.167313
0.790598
2.210994
0.197156
2.494037
1.628358
1.461412
1.930742
0.944052
2.185643
1.340702
1.640748
-0.391103
-0.511754
2.009762
1.309307
0.542564
0.775393
1.790734
-0.586806
1.882737
0.867087
1.160065
1.326952
1.007279
2.154279
1.076685
1.276168
-0.233892
-0.439389
1.217155
0.603417
2.131663
1.746450
2.451398
-0.231963
1.891816
0.247356
-0.188399
0.737723
1.142547
1.079120
1.509817
1.884392
-0.267521
1.522997
0.263676
2.013811
1.297106
-0.428033
0.242665
1.986040
1.926613
1.142483
-0.161177
-0.129287
1.351319
0.720489
0.926107
0.575070
1.603702
-0.211489
0.287301
0.507083
3.168102
1.653653
1.268107
0.451983
0.227858
2.122295
0.122224
1.267158
-0.438672
-0.014005
-0.648912
0.410318
1.643394
2.019471
0.073697
1.821806
-0.209824
-0.054655
1.584195
-0.257483
1.592505
0.669939
0.895153
-0.791990
0.841565
2.251689
1.312073
0.897142
3.019666
-0.036530
-0.604007
-0.033793
1.989551
1.314781
0.684695
1.675250
2.234787
1.795298
-0.530336
0.267482
1.108106
0.069188
-0.183351
1.716454
0.718198
1.974700
1.015183
-0.655229
1.513191
1.563730
1.838751
1.338744
2.046027
0.885884
1.240250
0.997180
2.488478
0.305199
0.621004
2.872223
0.394688
1.994395
0.167372
2.001688
-0.803651
1.142137
1.919558
-0.165292
0.468575
2.256253
0.560457
0.803715
0.782054
1.460176
1.985050
0.918911
0.395438
0.673007
2.202647
1.445050
0.472206
1.885944
1.124894
-0.810934
1.758035
1.863509
2.462499
2.588877
-0.645416
1.593130
1.948885
1.748856
-0.326751
1.606864
1.305857
0.084963
1.732232
1.347768
2.275558
-1.395781
1.110951
1.829667
0.647837
1.797621
0.993813
0.199321
1.254143
-1.008330
0.364870
1.269868
1.753308
1.598516
-0.213242
1.221317
-0.799815
0.650166
0.726120
-0.224848
-0.063075
2.018657
1.400434
-0.984382
1.263595
2.789237
2.453610
0.659567
0.465855
0.818216
1.353267
0.671877
0.741246
-0.444992
0.455575
0.961634
0.813943
0.369051
1.544636
1.254956
0.911542
-0.652918
1.838090
1.848874
1.336435
2.383626
-0.180650
0.562523
0.839433
1.315221
1.240445
1.170441
0.524339
2.027775
2.940486
1.316290
-0.774215
0.506977
-0.288079
3.039705
1.959168
1.093223
-0.911151
1.570529
1.187112
0.505713
-0.415753
0.365430
1.342043
1.392019
1.327963
0.759192
0.264429
1.577958
0.749087
-0.262802
1.100510
0.645768
-0.378498
0.785206
1.376913
1.957204
1.580324
1.429897
-0.971007
2.200104
0.680304
-0.936203
2.269265
0.229068
1.146410
0.897071
1.302300
1.378656
1.284945
2.835382
1.287691
1.091645
1.129250
-0.177593
2.476912
0.761577
1.280359
0.592850
-0.062258
1.988448
-0.250826
2.477872
-0.501579
3.134818
0.619274
0.542410
0.030781
-0.042263
-0.772215
1.248756
1.750351
-0.414232
0.326015
1.165765
1.413896
-0.810252
1.055213
2.003957
-0.471542
1.801937
0.140909
1.202045
2.003995
1.049611
0.157717
-0.839129
0.958206
1.679297
0.287833
1.264743
0.124254
2.187254
2.205334
2.382345
1.318595
0.968382
2.133543
0.826957
0.718908
0.709253
0.691658
1.988464
2.061802
1.418064
0.223058
0.819209
0.445563
1.847149
0.904148
-0.645216
0.816470
1.155654
1.601221
0.371330
0.620607
1.539194
4.111427
2.104684
1.085557
0.875300
1.725051
0.431324
1.243005
-0.133871
1.417114
2.593823
-0.322462
0.245198
2.084490
2.041328
0.814999
0.630466
0.019786
0.626616
0.483039
1.671744
0.728508
1.255230
1.491578
0.665321
2.300546
0.346362
-0.667511
1.641503
1.166125
0.303562
1.972026
1.150229
0.380256
0.682372
0.212845
1.455216
-0.132821
1.551796
2.360336
0.663501
-0.148524
2.111857
0.653383
0.008312
-0.306012
0.315080
0.121140
0.602548
0.996544
0.804159
0.890398
1.888448
1.516096
-0.416223
0.884221
-0.290122
0.285930
0.657968
2.126558
2.042034
1.337984
0.068559
0.918006
-0.936079
1.719229
1.839594
1.049959
0.761576
-0.438463
1.574569
0.649413
1.940301
1.441821
0.523119
2.197214
0.136702
0.291439
2.099643
1.303804
-0.384021
2.167518
-0.567017
1.754213
3.294241
1.475064
1.093443
1.977446
-0.317268
0.215874
0.500577
-0.110979
-0.266172
2.620328
1.191982
0.196215
1.796160
-0.084567
0.333524
1.336248
0.102582
1.006241
0.713418
1.415136
-0.373856
0.200492
1.847591
1.989060
0.116636
1.572904
1.358308
1.905867
1.981400
0.263331
2.005631
2.611854
0.516261
0.998741
1.647584
0.080452
1.743457
0.411927
-1.119471
-0.106585
1.232459
0.896269
1.464929
0.087193
0.246810
1.524197
1.533752
0.654270
1.222343
0.977411
1.237747
0.598782
-0.225524
1.520254
0.656107
0.307038
0.499606
0.629539
1.231977
0.387902
2.092017
0.015996
0.937547
-0.089361
1.542980
1.962413
2.760474
2.229206
1.098157
-0.054922
0.878233
2.770297
1.127492
0.321619
-0.686837
1.022770
0.239590
0.647792
1.934574
1.224349
-0.300993
1.929806
1.127212
0.610747
1.829347
0.871492
2.997750
1.010510
0.095828
0.561563
-0.148435
1.156144
0.693050
0.584624
1.715495
0.548353
0.394461
0.396039
1.794410
0.202174
1.649912
1.532226
3.203135
1.987321
1.017274
0.653780
1.125245
-0.476484
1.216410
-0.470184
0.633097
2.072181
0.854065
0.913296
0.116401
2.298482
0.063234
-0.357542
-0.198569
1.399350
0.342332
-0.497060
2.146957
2.453719
-0.930344
-0.397305
1.168918
0.177330
-0.387940
1.523446
1.852351
1.141743
1.638566
-0.075313
-0.103826
1.304355
1.711643
0.667886
3.750685
-0.220523
1.696386
1.107012
0.012355
-0.431515
1.425981
0.952634
-0.253543
1.181909
0.900297
-0.036829
1.939567
2.062208
2.098321
1.027426
0.647959
-0.633801
2.055164
-0.911407
0.214911
0.528465
0.756728
1.397420
1.607967
1.500444
0.244382
0.640248
-1.330023
2.558724
1.009135
1.686094
0.756192
1.369383
0.638640
1.429070
-0.166926
0.326348
-1.328996
1.734534
-0.304163
1.014627
0.360137
1.181697
2.036667
1.192313
0.398366
0.874875
0.240288
3.050782
0.714895
2.342669
1.515328
1.083414
0.944165
0.948411
0.326815
1.310235
2.878640
0.766670
2.232672
0.493855
0.347051
1.507200
2.067728
-0.543851
1.873113
-0.791878
0.624426
2.385846
0.968014
2.858164
1.275765
2.724536
4.639527
2.159477
0.425999
0.868575
-0.033080
0.473601
1.615354
-0.106488
-1.018348
-2.194738
1.628525
0.731889
-0.094544
0.193715
0.888628
0.521609
-0.983528
2.403891
-0.422594
1.893187
1.709566
-0.965703
1.512815
-0.003803
1.533495
0.365911
0.884198
1.924111
2.724377
1.206907
0.560340
0.102593
0.413328
1.563650
-1.036203
1.915515
1.113223
0.004947
2.052271
-1.132655
2.121204
2.166836
-0.245430
1.302186
1.300039
0.095083
0.246734
-0.721268
0.669491
0.047686
1.621522
1.504339
1.891762
2.372644
-1.239711
-1.005705
2.259584
1.424438
1.688142
-0.661771
1.754698
1.883976
0.763730
2.332541
2.596117
1.271651
0.188473
1.876318
1.025111
-0.383657
-0.163652
1.382593
1.745001
2.015083
3.193981
-0.599742
-0.049247
3.207456
2.419777
1.393705
0.760125
-0.417448
1.047495
1.463663
0.581914
1.048391
0.649145
2.097883
3.310916
-0.051241
1.471041
0.297909
2.816403
-0.358788
1.436713
3.196742
0.517554
0.740158
2.444286
2.305428
1.252616
1.378676
1.487257
0.434584
1.674649
0.701338
-0.751884
0.820011
1.221583
0.875414
-0.575861
0.716058
2.091618
-0.043444
2.225143
2.642149
2.780969
1.282883
2.759093
0.266380
1.372564
0.631777
-0.018974
1.195028
3.539764
0.784102
-0.340387
-0.896892
0.301643
1.811980
-1.770978
1.681483
1.078854
0.899394
1.035188
2.765972
1.642349
0.742481
1.496014
0.641389
0.718851
0.031649
2.098712
1.865374
-0.657713
1.199575
2.946985
-0.015357
1.543078
-0.258873
-0.384690
1.561498
1.489786
1.864185
2.036359
-0.657021
0.083145
2.161783
1.149000
-0.891263
1.898391
0.874982
0.470923
1.408599
1.698845
1.233088
0.070222
2.765044
0.780768
2.631624
1.890778
0.401493
-0.281842
2.931423
1.451443
0.846424
0.372394
-0.677947
0.446486
2.442556
0.390766
0.738351
0.272753
2.353822
-0.370821
2.661411
0.395506
3.323093
1.334553
0.893956
0.860901
1.739400
-0.165415
-0.183312
2.265837
2.217875
0.323026
0.330490
1.448191
1.849881
0.651831
1.246530
1.654132
1.795834
1.648669
2.262233
1.550579
0.851436
2.828037
1.998268
1.708131
0.205490
1.891915
2.208435
1.184742
1.096417
0.553089
-1.407552
0.266653
0.154678
1.034868
2.084224
0.623584
2.182089
-0.166584
0.034018
0.996601
1.549680
0.861533
1.144964
1.984313
1.290648
0.453450
2.238492
1.570022
0.243911
-1.247804
0.247251
0.389842
2.860343
2.969345
1.934787
1.349123
0.771415
1.558340
-0.279208
2.479357
1.473910
1.407378
1.813077
0.249852
0.182807
0.351236
0.527483
1.931681
1.297522
-0.159651
0.323767
0.986444
0.194285
-0.666190
2.080991
2.343939
1.602793
1.300418
-0.334245
-1.365332
0.758599
