1000
1.968060
1.771194
0.068103
0.615112
3.242327
2.719571
1.050814
0.385487
-0.189833
0.182515
-0.117645
0.343907
1.217476
2.098504
0.725557
-0.160700
0.826391
-0.355104
1.684867
0.804182
1.131350
0.836847
-0.146239
1.381123
0.706828
-0.278984
0.368140
2.837474
-0.264364
1.046236
1.849350
-0.611709
2.009536
0.870819
1.406022
3.321054
2.066102
2.878571
0.404264
-0.296316
1.177745
0.377204
2.369524
0.410538
1.063199
0.873532
1.723616
0.055615
1.260417
0.396645
-0.358372
2.265955
0.335436
0.740864
2.354514
-0.117271
-0.580026
1.383174
-0.792502
2.519719
-0.141526
1.514292
1.615162
0.949366
0.810141
0.596085
0.057272
0.207486
0.068609
0.160430
1.511556
1.014042
2.052816
1.474465
1.582655
1.354976
0.726503
0.117680
1.634804
1.532342
1.229218
1.657162
1.942938
-0.270988
1.524079
0.598245
1.675234
1.796385
0.597747
1.340208
0.063593
1.510306
1.963916
-0.029829
0.673938
-0.393169
0.158565
-0.455744
0.476185
1.035443
1.681265
2.209191
0.469300
1.679183
-0.347458
1.389916
1.562339
1.284035
1.207068
-0.287748
0.601241
1.474784
0.167745
0.709836
1.629895
1.921033
2.235103
-0.144845
2.090727
1.960635
0.646549
0.579128
1.233356
-0.540076
1.301535
1.874805
2.123420
0.136220
1.297413
-0.109425
-0.452993
1.163472
-0.950531
0.650084
1.209015
0.384981
-1.250516
1.793375
2.207961
-0.339752
2.831504
1.036087
1.873674
0.470224
1.837190
3.432332
-0.262172
0.815858
1.366826
0.145753
0.850598
2.453689
0.203581
0.893366
-1.356501
-1.092723
0.588520
0.416083
1.173466
-0.000618
-0.205706
-0.203458
0.369318
0.830622
1.068562
2.320799
-1.127870
-0.389765
-0.385361
-0.041130
1.379117
-0.970503
1.541369
-0.820449
2.627646
0.495403
1.487756
2.703986
1.376872
0.254516
0.434043
-0.636873
0.336674
2.774588
1.061727
0.601681
0.981243
0.364993
0.473430
0.929391
0.514683
0.586589
0.592373
0.855787
2.421449
1.775319
0.632298
0.315952
1.772077
-0.476373
2.165758
-0.422659
0.697015
0.582573
2.326355
1.832667
1.527674
-0.440288
0.523845
0.466739
0.635560
2.687979
1.386887
1.323630
0.940306
1.497198
1.283229
-0.039478
1.002478
0.801583
0.229712
1.401387
1.213006
-0.034440
1.942523
0.705119
-1.399205
2.223213
2.050579
0.025351
0.863941
0.914723
2.662230
2.144181
-0.922839
1.109146
1.515227
1.475457
2.120297
2.357122
0.182464
0.090764
1.933636
-1.146346
-1.527350
0.823866
0.617126
-0.007615
0.955385
-1.327731
0.519684
-0.637550
1.531509
0.005205
1.535774
2.782903
2.316265
0.446848
-0.850021
-0.418836
1.374660
0.199127
1.619181
2.212083
-0.251893
1.851816
1.097045
1.546673
1.225716
3.449863
0.810508
-0.182871
1.680045
0.914352
-0.056326
0.087066
0.004183
2.602450
-1.191091
-0.211879
-0.337269
0.808177
-0.547025
0.927393
1.532929
3.281233
1.705493
3.023939
0.679044
2.598791
1.527078
0.641737
2.192589
1.101193
0.777119
1.141492
0.745929
0.089532
2.757303
-0.764548
-0.268343
2.248672
1.695263
0.790358
0.445693
-0.875261
0.910619
1.473237
0.355414
0.169646
-0.124391
0.537530
2.212335
0.040186
1.298628
3.278395
1.357053
0.631327
2.984411
-1.682141
-0.957559
2.178442
1.641075
1.650751
2.114868
-0.429839
0.626315
0.033573
2.795061
0.989913
0.559054
1.253349
0.484075
1.619896
-0.192348
1.710407
0.118026
1.065373
0.913919
-0.752524
-0.090465
1.935241
0.751725
1.450106
-0.735542
2.373564
-0.097404
1.571209
0.163789
0.896622
1.366243
1.677991
1.851420
0.813370
1.506539
0.604319
0.889699
-0.280730
1.499659
0.742423
0.906573
0.771053
-0.575403
0.462859
1.826047
1.523345
-0.191937
2.222426
1.333150
0.557839
0.742800
0.618140
0.116992
3.115517
1.130937
0.048705
0.188280
-0.036428
0.960820
-0.345761
-0.266235
-0.411613
-0.574439
1.775290
0.825815
-1.150154
2.301294
1.795664
1.536573
3.171668
1.401671
2.132905
2.419770
-0.335508
0.991296
-0.244196
1.219352
2.042374
0.587624
0.238286
0.486605
1.138712
2.197562
1.384492
1.916141
1.376302
2.575149
1.505582
0.234885
-1.789456
1.003061
1.379873
-0.620247
0.731609
-0.019271
2.452205
1.597983
0.657831
1.057259
1.343726
1.137390
1.714938
1.645264
0.721149
1.444131
2.245498
0.725648
0.896496
2.030023
0.420044
-0.039024
2.110506
2.300134
1.220688
0.203213
0.847105
-1.826264
2.731044
1.936295
0.044361
0.693521
0.962048
0.009121
2.101470
2.736710
1.593983
0.631056
2.155381
0.550686
1.573532
1.403369
1.208501
0.237441
0.536418
0.289540
0.998252
-0.149107
0.106175
1.377403
1.659056
1.925329
1.713786
0.772949
1.143651
1.986264
-0.335131
1.603400
1.854312
0.297724
1.006063
-0.165604
1.378532
1.536217
-0.103668
1.287748
0.223930
1.618945
1.152887
0.564186
2.764806
1.826905
2.768841
0.136506
1.403302
0.318991
2.943486
1.812478
2.234827
0.962132
1.731051
1.317816
0.796944
-0.055459
1.237406
0.435112
-0.511255
0.357476
2.022799
2.554956
1.487857
1.682989
-0.614642
1.981790
0.653781
0.999161
1.566624
-0.024937
0.611570
2.580520
1.855896
1.788219
0.359005
0.915294
0.665504
-1.212374
0.398843
0.933794
0.196473
0.323307
1.249745
0.533002
-0.352936
0.666251
1.292047
2.657118
0.733170
1.205648
0.069349
1.052342
2.310574
1.228479
0.829963
1.343662
0.788421
-0.533944
2.414299
-0.261048
-0.681830
1.469834
1.287108
-0.235439
1.524741
1.530472
1.460697
1.559142
0.275317
2.160066
2.225486
1.533985
0.037908
-0.458260
2.883056
1.782635
2.061096
0.973808
1.627357
0.119935
1.099447
0.678060
0.320188
2.617647
1.946478
-0.397069
2.232486
1.391761
0.120724
0.941749
2.312706
-0.266345
3.166456
0.232432
-0.925956
0.912408
2.391304
-0.352058
2.221029
1.661397
0.138795
1.905219
1.440039
-0.051675
2.499528
-0.005547
0.383550
1.540344
-0.452817
-0.265936
0.565253
-0.018455
0.657103
0.065294
0.323531
1.624896
0.741788
0.147200
0.400329
1.291047
0.151912
1.680270
0.735572
-0.471266
0.467619
2.047363
0.970569
1.265444
0.937761
0.845572
-0.159112
1.505797
0.716175
-0.004257
0.972322
0.195136
0.652036
0.022105
1.893928
0.313377
1.905166
0.158790
1.234398
1.125303
0.466030
0.877728
0.975818
0.766529
1.018056
0.391687
0.425675
2.905009
0.855476
1.006266
-0.487637
0.579172
-0.521392
0.838814
-0.538455
1.562551
0.900820
1.432045
2.772744
0.657193
1.553664
-0.370294
3.041638
0.887005
2.358013
1.051651
0.500757
1.508623
1.743460
1.859880
0.716011
0.941720
0.562460
2.292825
0.451984
0.329448
0.696106
1.139745
2.492805
1.800079
2.200636
0.322144
0.414371
0.148608
2.168175
0.164916
1.696877
0.283749
0.659200
1.272930
-0.504807
1.113956
0.247571
1.359804
-0.221867
0.983606
1.306730
2.174760
0.317835
0.724963
1.759671
1.109169
1.914291
0.707875
0.251097
1.967083
-0.079019
1.375279
1.059830
1.058042
1.145786
0.895659
-0.562378
-0.590108
1.582240
1.645914
2.020345
1.305958
0.151815
1.406354
0.753946
1.028777
1.738987
1.755543
0.523831
-0.257435
0.668001
-0.578896
1.910396
0.083731
0.231918
1.844174
-0.619606
0.509912
-0.450884
1.814568
1.632679
2.461621
0.751066
0.788733
0.957428
1.563188
0.462405
0.704628
2.135797
1.594726
1.205378
0.729131
1.534380
0.879915
2.420000
2.802610
1.099609
1.576713
1.380962
2.002684
1.335203
0.024813
-0.158114
0.204912
2.072547
0.685865
1.119133
1.890082
0.825615
1.937814
1.473612
0.014775
0.046082
0.649710
2.070705
0.823928
0.928529
0.632162
2.213852
-0.113032
2.810275
1.457531
2.165780
-0.406566
2.405909
0.826262
0.831166
2.180065
1.676634
1.428221
1.498753
0.176919
0.569729
3.963854
1.086382
1.100530
0.405226
1.391708
0.789983
2.491804
1.472790
1.220123
0.742299
0.802330
-0.348187
0.979869
-0.286486
0.757206
0.943264
1.613430
1.831091
0.540010
1.043719
1.919332
1.585632
1.342989
2.478841
0.840324
1.556312
0.224010
0.612796
-0.994281
1.391145
0.924274
1.135794
2.978912
-1.371724
1.920497
1.718468
-1.027214
2.146899
-0.483531
0.955827
1.503148
0.502940
3.136364
1.673487
2.635059
1.510575
0.181668
0.352217
2.636850
0.567745
2.576992
1.476774
0.656447
3.135012
-0.756626
0.848166
1.596553
1.289189
2.298200
1.789579
0.364658
0.431336
1.136091
0.483562
1.509007
0.919476
2.556728
0.995525
1.578219
1.087204
0.178764
1.066872
-1.113928
1.375605
0.190724
1.763300
0.842882
-0.181219
-1.460980
1.500600
0.111147
1.215597
1.093380
0.464936
0.520638
0.769369
-0.334429
2.166588
1.453485
2.563367
2.271167
1.178802
0.641383
2.502813
1.147178
2.248719
3.309550
1.627962
1.841648
1.806701
-0.028578
1.640199
-0.264915
-0.860034
-0.130297
-0.032026
1.905969
-0.033892
1.933101
2.619317
1.921793
1.027906
1.040824
0.905753
0.425026
0.837426
1.175246
-0.702609
2.921403
0.343657
0.142659
2.452562
1.255401
0.438225
1.851161
1.145534
0.377306
1.319195
0.834484
2.150756
0.539204
-0.134916
0.950408
-1.123625
2.137261
-0.258726
0.629220
-0.680145
0.274779
1.186097
2.699869
1.272533
0.657027
1.547064
-0.926352
0.279531
2.310359
2.614302
1.000322
2.299005
0.524525
0.485539
1.158582
0.763564
1.001540
3.058334
0.740266
0.270282
1.519968
3.205235
0.127554
-0.664437
1.608902
2.191724
-1.398573
1.553708
0.119765
0.080521
-0.147714
1.428796
0.545063
-0.671291
1.444515
1.393485
0.618394
0.320583
-0.192875
0.332198
1.982010
1.188624
1.124615
1.545671
1.248263
-1.168248
1.635439
-1.016578
0.762299
-0.189913
-0.041163
1.614984
1.436154
0.640351
0.889134
1.136730
2.212285
2.319204
-0.632975
0.271638
2.012636
0.680494
2.413438
-0.307710
2.793616
2.646222
-0.191916
1.170082
1.042464
0.769949
1.577853
0.611709
1.754614
1.521674
0.620786
2.027192
-0.673445
2.538441
0.710346
1.093785
1.255160
0.960499
1.164476
1.534939
0.310135
-0.445085
2.755851
1.258933
2.033811
1.424853
0.991628
0.617589
