1000
2.206231
0.781113
-0.728210
1.406806
0.905072
0.911926
2.141336
1.913011
0.494071
1.866833
0.062044
2.197719
-1.671143
2.663040
-0.040106
1.924373
0.247759
0.783220
1.552527
-0.105363
2.391988
0.373511
0.302698
0.018208
-0.003526
-0.513788
1.135734
-0.043317
0.776670
1.416290
2.420933
0.335836
2.034552
1.988836
0.781701
2.869137
0.980646
2.015076
0.417451
0.737910
1.613227
0.885712
1.843064
0.535973
-0.319884
-0.814899
1.293249
-0.475535
0.825017
1.829184
1.065717
0.051450
2.380113
1.287874
0.317513
0.430706
-0.173579
0.103596
-0.722163
1.715035
0.833499
0.509019
0.188288
0.293965
-0.377174
1.647375
2.998579
0.099260
-1.469773
1.069250
1.345580
3.805022
-0.039929
0.782441
0.005968
1.288351
0.683467
0.330874
1.866582
1.109076
1.747308
-0.822446
1.621853
1.128625
1.230438
2.442981
2.228582
-0.970956
-0.248735
0.526447
-0.414009
0.660401
-0.066013
1.468084
-0.325845
1.958397
2.088154
-0.261015
-0.574091
3.525870
2.237962
2.575364
0.412602
1.112559
2.026821
0.758834
0.864927
0.208432
-0.956473
0.853597
1.268603
2.365079
1.351388
1.584443
0.650988
-0.846409
0.654128
1.576392
0.784918
1.455668
1.351267
0.087160
0.982953
2.086115
-1.060399
0.535885
-0.521245
0.490855
1.053548
0.694467
0.944872
-0.915064
3.682198
1.108812
2.052824
2.310858
0.108415
2.107442
0.603075
0.780197
0.400778
0.818830
1.060737
1.703155
1.599341
0.920947
1.882884
1.649324
1.097890
0.257364
1.769849
-0.312323
0.827737
0.596568
1.992191
-0.080441
-1.857424
1.980883
0.524117
0.962798
0.693911
-1.054347
0.867620
1.148288
0.904343
2.164256
0.457021
1.033798
0.585304
1.894280
-0.772697
3.155155
-0.262187
0.151218
1.055861
0.971656
-0.161944
0.627975
1.077894
0.658951
0.764933
1.713019
2.285759
1.835903
1.097558
0.299273
2.929908
0.376607
1.367197
0.758448
1.499370
0.803069
0.711356
2.318154
1.346207
-0.015227
1.389128
-0.758941
3.225395
0.341867
0.921312
-0.069444
1.453278
1.449635
3.308114
0.274252
-1.459673
0.295141
0.075117
1.743244
-0.013670
0.251491
0.978823
2.719600
0.385182
1.072626
1.718539
1.888823
2.217897
-0.510394
-0.943633
0.698436
1.725145
0.717593
0.691879
2.473420
0.972212
-0.069416
-0.244277
1.898932
0.958374
-1.390747
1.502029
0.199884
2.029674
0.654613
-0.390434
1.233839
1.151231
-0.880523
0.244306
0.551372
1.671569
-0.632320
1.272760
2.068071
1.167527
2.106846
0.668020
1.697461
0.254137
1.483398
0.706796
3.196327
1.172294
1.101050
1.594811
-0.699247
1.089522
-1.061562
1.037897
0.130550
2.008314
1.287777
1.184489
1.809446
-0.235011
1.066025
2.900293
1.532690
1.213116
1.340718
0.717815
-0.231337
0.261518
1.617279
1.929661
1.310617
2.946278
0.428909
1.048803
1.975216
0.540947
1.323843
1.760920
0.538255
3.014081
0.358084
0.194005
1.588345
0.285836
1.846967
2.270500
0.655929
2.205753
1.697296
0.646099
0.021513
2.316650
1.650044
1.606564
2.612713
1.537055
2.494618
-0.723203
0.263393
0.666684
-0.330171
0.297849
1.694909
0.781565
1.018996
-0.427048
1.195259
0.185894
0.297326
1.922450
2.569393
0.150547
1.306647
1.763835
0.451241
-1.040731
0.235842
2.814462
-0.503133
2.578006
0.333226
2.182126
0.865016
0.999209
-0.609003
1.110869
3.910231
1.593552
-0.184895
-0.406008
-0.068631
3.232398
-0.399649
1.618313
0.101338
0.811916
0.212941
1.346373
0.997954
1.336880
1.275694
0.873159
0.047388
2.667170
0.775027
1.040592
1.468495
0.857437
1.374105
-0.709092
0.418459
2.921697
0.613402
1.168576
1.589749
0.050953
1.098818
1.043631
1.941660
1.856989
1.982121
1.204786
1.858465
0.201057
1.762655
2.601611
-0.440732
3.328998
1.297318
1.850545
1.532785
-0.510529
0.996086
2.402961
2.597515
0.596910
2.652257
1.820604
2.220078
1.750728
-0.832924
1.982085
1.123177
1.893595
-0.307441
1.961155
0.617887
-0.175000
1.201180
1.841007
0.800805
-1.433099
0.904816
1.321673
0.685964
1.321838
1.117948
0.676803
0.760501
-0.180678
1.875702
-0.169464
0.556609
1.939501
0.556659
0.913534
1.417039
1.325300
0.609048
1.061797
1.627574
0.408926
0.280539
2.644140
0.660748
1.864379
0.803265
-0.062273
1.783622
1.825590
0.865454
1.391150
0.137395
-0.771836
1.918913
2.223832
-0.198528
3.209662
0.969637
2.440538
0.822545
0.357505
2.834864
1.223338
1.955400
0.028787
1.079890
0.710643
3.435505
2.482690
1.486990
1.403912
2.840024
2.664779
0.729022
0.404514
-0.168276
1.273708
0.110690
-0.490145
2.290835
2.478122
1.026300
-0.772391
1.426666
0.289240
2.272162
-0.076429
1.214702
1.834879
0.837267
0.701143
2.755756
0.643447
-0.630128
-0.139471
-0.512118
1.220137
0.614770
0.150059
1.661739
1.228816
1.019888
2.575592
-0.222876
-2.887215
1.313690
-0.303048
1.249305
1.960098
1.247195
0.697835
-1.499974
1.027813
0.093252
0.746591
0.750522
1.554642
2.057087
1.987982
0.541205
0.123592
-0.068116
2.037624
1.456929
-0.035913
0.918000
0.995758
0.678405
0.895755
0.424480
1.183234
2.241846
1.366632
0.577139
2.194016
1.541924
0.764012
-0.404384
1.169717
0.623561
3.501296
0.507613
2.460529
0.475679
1.757808
1.447380
1.137513
0.828667
1.046275
-0.236686
1.729078
2.422450
1.391451
-0.050229
1.984526
1.881998
1.945282
1.932830
1.063810
1.555562
1.271615
-0.106202
0.591384
0.052569
0.722264
-0.406913
0.351160
1.587345
0.490151
1.439407
0.998558
1.373097
0.819790
0.373738
2.886191
0.618379
0.097038
2.635176
0.974522
2.520120
-0.478514
0.259900
2.652223
1.569655
-0.055372
4.309145
1.488089
0.673578
-1.121628
2.032212
0.592281
1.599423
-0.470673
3.233228
2.750845
-1.964189
1.639579
0.372206
1.315672
-0.582667
2.037183
-0.459238
1.676304
0.596486
0.687684
3.120785
0.433239
1.407779
0.504990
0.382834
2.784029
0.944603
0.223509
1.677399
1.744064
0.255740
-0.034293
1.529265
-0.271425
1.419519
0.700559
0.459693
2.512916
-0.284254
0.024424
0.241588
2.031693
0.744987
0.897325
0.917214
1.481550
2.816549
1.032439
1.179282
2.622568
1.186165
0.363242
2.139419
1.152915
1.302825
-0.783833
1.319888
1.463952
-0.779927
0.683898
1.441864
3.366502
3.823549
0.031166
0.342216
0.995680
0.557771
0.461154
1.538059
0.365066
1.609394
0.731226
-1.058347
1.469093
1.410783
0.935888
0.997633
1.977664
0.769110
3.312906
1.107898
0.940305
1.039432
0.396657
1.143765
0.357527
2.296616
1.499979
-0.364819
1.453284
0.030096
2.628116
0.078133
0.595550
1.801859
-0.257294
0.935636
2.312374
0.128800
0.863710
-0.092742
0.286704
1.860224
2.461958
1.395377
2.792200
0.772748
-0.461046
0.960647
0.716347
1.879152
1.736638
0.203450
-0.287190
-0.300159
0.228174
1.412300
1.200663
0.250379
2.257494
1.195443
0.274394
0.827862
0.105041
0.601329
0.497977
0.984005
0.917861
1.241210
0.789683
2.727907
0.434184
0.279863
1.870129
0.458000
0.190994
2.137839
1.074240
-0.064605
1.379293
2.831633
1.861076
1.347377
-0.621566
1.708019
0.266599
0.359114
-0.859292
1.295726
2.153775
1.228354
2.038824
-1.066660
1.688072
0.785110
1.380600
0.438744
-0.168846
1.513341
0.719626
-0.951297
1.920016
-0.054503
1.134431
-0.627858
-0.059281
-1.046928
1.784927
1.410647
0.282444
0.243602
-0.173036
-0.766283
1.070976
1.024652
-0.148209
-0.024281
1.109264
2.153963
1.739662
2.409729
2.075982
0.525421
0.344041
2.101351
0.806269
0.737554
0.568935
1.210331
0.742214
1.393871
0.761156
2.738976
4.058270
0.393110
-0.085780
0.976629
1.849928
0.475161
-0.516876
0.624383
0.614719
1.542836
1.844369
-0.593632
2.917048
-0.816563
0.983869
0.383690
0.399075
-0.084095
-0.064333
-0.319406
1.267967
2.557143
1.795492
1.315060
0.876460
3.580072
0.779610
0.777646
1.062273
1.146917
-1.227400
1.599960
2.101400
-0.489353
-0.382186
-0.064009
0.062834
1.281679
2.126259
-0.227946
0.717678
2.802359
0.508789
0.910035
-0.056645
0.146457
1.723257
0.886262
1.231428
0.218628
0.708858
1.799661
1.925367
0.343706
1.716936
1.637402
1.626059
1.184128
1.510083
-1.578733
0.519095
2.874476
2.911719
-0.137456
1.293078
2.217860
1.678182
0.680363
1.158934
2.222455
0.747152
1.135242
0.943639
1.189171
1.020355
1.534394
-0.535637
0.967086
0.501700
0.786344
0.597059
1.441402
0.572342
1.423819
-0.121701
-0.643651
1.959271
2.328092
-1.448687
-0.224961
1.214556
1.449035
0.361275
2.022410
1.857455
3.234457
0.457656
-0.133374
-0.968135
0.639402
0.090622
2.231781
0.101280
1.530351
-0.464856
-0.177656
2.660674
0.329867
1.499788
1.232046
-0.069842
0.856987
2.129802
0.389956
1.785533
0.523189
1.646948
0.278264
0.133778
1.203616
0.021157
2.415848
1.474502
0.984376
1.367824
1.173047
1.571316
1.629408
2.171686
1.219496
1.310025
0.346034
1.063290
1.732972
2.348612
0.956538
2.304460
1.555137
1.270944
0.465696
2.060331
0.611397
1.919778
1.130530
2.281365
2.363363
-0.395668
0.538328
1.386736
1.571732
1.149384
0.484889
-0.561138
0.866410
0.692119
0.731319
1.019290
0.029122
-1.219970
1.573997
-1.183028
0.648564
1.754614
1.179882
1.913409
1.859518
0.823566
0.550507
0.843191
-0.106388
1.936993
-1.336756
0.722579
0.653314
-0.237993
0.782609
1.907931
1.256749
1.126857
1.397834
-0.171213
0.088060
-0.095356
2.134355
2.063749
-0.457734
-0.582625
1.554812
0.252636
-0.800253
0.665213
0.522355
2.432797
0.156611
3.058246
1.949581
1.231588
1.010058
0.876208
1.395703
0.520573
2.707309
0.447162
0.577610
0.458786
0.722530
0.299376
1.228933
0.235418
0.134510
-0.534461
1.401029
-0.005604
3.044782
1.527737
-0.295136
-0.913411
2.477605
0.150024
0.689291
0.243170
0.969088
1.147759
2.802099
1.944576
1.718435
-0.114194
1.133709
0.527314
-0.927593
0.256719
0.964316
2.555125
-0.148132
0.163572
1.724100
2.663945
0.695412
0.401444
1.705709
-0.231320
1.134203
-0.137216
1.010303
