1000
0.926748
1.913965
0.762341
0.922832
-0.787984
1.933410
1.563043
0.886408
-0.242806
0.598650
1.383598
0.921307
0.384935
1.803005
0.995176
2.200132
1.189251
0.362319
0.999049
1.495146
1.441433
0.630069
-0.730663
1.774147
0.223574
-0.966097
1.383905
-0.150181
1.620460
0.726302
1.856353
-0.330982
2.128643
1.916071
0.368272
2.117966
0.600706
1.731058
2.468897
-0.897103
2.678924
0.833421
1.639500
-0.652057
-1.145608
0.231574
0.376660
0.681748
1.688957
-0.192209
2.950159
2.056055
1.409685
-0.097681
0.097633
1.281686
0.106798
0.119579
0.394696
-0.009038
2.816586
0.714760
2.344517
1.553775
1.032792
1.484871
2.865471
0.272943
1.741409
1.505202
0.546822
1.690345
0.405017
2.595526
1.071047
2.282546
-0.332026
0.699350
-0.000231
0.845744
1.701880
1.974334
2.089287
0.843575
-0.509364
0.432662
1.452935
-0.725752
0.893522
1.991487
0.372141
-0.894735
-0.550491
0.785459
1.968629
0.309048
2.321761
1.024200
1.700841
2.511687
0.651051
1.826192
0.841102
-0.468765
0.321500
2.845755
-0.506932
2.109618
1.264897
0.402712
1.564437
0.996783
1.721083
0.091128
0.489885
-0.389716
0.676425
0.942659
1.688914
2.563099
0.794942
1.540140
0.455388
0.063761
1.048003
0.808853
1.435530
0.755512
1.690538
0.493612
-1.225054
1.154745
1.156715
1.753338
0.925915
2.248807
1.115502
0.055066
1.889953
1.123664
0.195849
1.472130
1.279759
0.722573
0.859523
1.564031
1.062714
-1.615729
0.900654
1.705709
0.982781
0.887919
1.059650
1.583893
1.339390
0.422411
0.796519
-1.529594
-0.173381
0.202914
1.575460
1.846701
1.903948
1.608035
0.670703
0.728666
0.303517
0.467342
0.340797
2.099134
2.678748
0.919285
0.089451
0.741218
0.277823
1.502439
0.996869
1.352721
0.741479
1.761931
0.768406
0.071396
1.475501
1.712522
-0.308003
0.183344
1.498233
0.068884
1.229592
0.655133
1.451043
1.495167
2.769852
1.198136
-0.104994
1.365607
1.599407
0.491816
0.230622
2.317840
1.446542
2.031451
2.158129
0.870169
2.864293
1.130565
0.083760
1.804156
0.515410
1.073635
0.971227
1.227810
-0.046359
3.183276
1.911297
-0.125152
1.690393
-1.437995
0.637362
1.799496
2.138396
0.564363
-0.800819
1.465038
2.271374
0.332685
1.334703
1.613313
2.515952
1.134346
0.999599
2.251192
0.812335
1.645784
3.029025
-0.025764
3.046412
0.741304
1.132883
1.490726
1.583830
0.409150
1.278565
0.037372
1.376902
0.959360
1.700809
3.026462
1.162985
0.720322
1.922465
1.002541
1.226461
-0.069710
1.096976
1.505316
0.336649
2.538012
1.546676
2.361511
1.512469
0.925957
1.028654
2.310396
0.148697
0.298593
0.239987
2.223666
-0.078077
0.471424
0.547525
0.882720
1.007223
1.263937
1.006047
1.526226
1.451980
-0.598762
0.992856
0.664065
2.550620
0.064289
-0.085696
0.981841
1.016182
0.966309
1.395432
-0.058979
1.663415
0.594390
1.214325
3.269255
1.528807
0.221934
1.672890
0.974800
0.882981
0.443290
0.559902
1.200542
0.977886
0.765049
1.953161
0.350938
0.837100
0.996562
1.863942
1.853680
0.846218
0.066197
0.963747
1.278622
1.407963
0.287998
0.895121
1.732936
0.072704
2.694729
3.237157
-0.404367
0.522434
2.136559
1.578355
0.396546
1.017143
1.694546
0.325478
2.555628
0.223775
2.670874
0.989996
-0.111793
1.577834
-0.492140
1.510688
0.349246
2.331196
1.969888
2.603946
0.638875
1.509317
-0.412248
0.907504
-0.305306
-0.364265
-1.165185
1.952302
1.741437
1.399654
1.386549
0.212247
2.533026
-0.032302
0.542802
0.957313
0.875079
0.968775
0.034735
-0.560020
1.165323
0.415137
-0.425959
-0.718750
0.996425
-1.280191
0.739609
-1.731780
1.454954
-0.642124
1.049029
1.492181
3.060303
0.756839
0.560411
0.620711
1.759988
0.704248
2.301310
1.831928
1.179997
1.702439
1.344768
1.013279
0.867817
1.220693
-0.768805
-1.027071
0.577784
-0.038206
0.913425
1.034396
0.486792
-0.298310
0.568830
-0.064023
2.383538
1.663771
1.208575
3.268190
0.655539
3.299765
1.630398
1.294187
0.802662
1.253678
0.527591
1.185066
1.162676
1.890569
0.460847
1.228476
1.004852
-1.104823
0.098825
1.872188
2.246754
1.003211
2.345272
-0.056629
1.119543
0.536797
-1.261290
1.080762
2.262493
0.221545
-0.814225
1.304198
2.238613
1.077278
2.314153
2.095564
-0.088090
0.031870
0.817740
0.252976
3.042185
-0.236685
0.332765
-0.328855
0.035481
0.468209
1.202819
-0.696021
0.682906
0.581031
2.280908
0.805515
0.107542
0.678487
1.157750
-1.043773
-0.588796
2.156153
1.997935
1.828630
-0.059642
2.676867
1.184034
0.517861
1.460223
1.208357
1.170820
1.319719
-0.562588
2.150879
2.198432
2.131155
0.571936
0.845631
-0.170432
1.592512
1.315827
1.899856
0.539355
1.759323
0.963692
0.236942
0.980278
0.220884
1.019285
1.593666
0.491316
-0.595432
0.661044
1.680554
0.889820
1.594416
0.721574
0.650144
0.700253
0.692956
1.484206
0.170075
0.935909
-0.900303
0.475280
0.848796
-0.829730
1.401111
2.076639
1.601854
0.715428
0.889349
1.139903
1.436987
0.418511
1.143150
1.060855
1.925048
1.069964
2.789752
1.657271
0.905527
2.865631
2.129563
0.758961
0.820433
3.150123
0.056403
0.626682
-0.013841
0.948368
-1.203926
-0.707135
0.501484
2.577461
1.194738
0.065861
1.148752
2.352726
-0.675220
3.383604
-0.573056
1.672834
1.363651
2.103091
1.039463
0.613782
-0.061717
1.008229
1.737433
-0.762882
0.507209
1.485927
0.337225
1.978598
-0.546917
1.611579
0.912493
1.437534
0.244623
-0.048758
1.925292
1.865838
2.521146
1.691074
0.795780
1.725139
2.298302
2.003537
2.463454
0.629032
1.304225
1.172103
3.062989
1.039364
1.219923
1.338088
0.863487
-0.362303
0.289365
-0.449167
1.239443
0.809191
1.205354
2.006053
1.383752
-0.640714
2.279791
-0.268768
0.081225
2.855582
2.016552
0.993977
2.039686
0.845243
0.055140
0.925352
3.149532
-0.455117
0.813067
0.645131
1.190916
3.601684
1.769247
1.299240
1.414347
0.981461
-0.394364
1.301004
2.315210
-0.227610
2.352637
2.067531
2.054037
0.280648
1.179651
1.148709
0.049233
0.281811
-0.337842
-0.019684
-0.028149
-0.289672
1.454083
1.245343
1.205164
1.508608
1.643081
0.017842
1.754646
1.913523
1.489101
0.958809
-0.456892
1.191835
1.240136
1.096461
1.112000
-0.681944
1.061453
1.492649
-0.161379
-0.783743
1.588573
0.665303
1.440091
1.074442
-0.028821
-0.722599
-0.379937
0.997987
0.078797
0.974710
2.733067
0.797791
0.839163
0.283030
1.223733
0.105144
2.988988
0.276771
-0.018839
0.708614
-0.270529
-0.280545
1.435181
-1.454042
-1.391633
-0.769699
-1.044988
2.139371
0.732346
-1.331562
2.623596
2.543871
-0.038655
2.031738
1.732781
1.706213
0.077633
1.553925
1.318937
0.359104
2.015696
0.805048
0.403467
-0.343102
1.002803
-0.311800
2.668911
2.089073
-0.112568
3.714509
0.557320
0.340392
2.981640
0.315653
0.894261
-0.121450
2.656165
1.565182
1.459358
0.649927
-0.742273
0.318252
0.965709
0.393625
2.038732
0.186588
1.465901
0.750938
2.256922
0.590492
0.499393
1.015155
1.446522
-0.836152
3.218015
1.149068
1.792245
1.495504
1.029774
2.013640
2.789630
1.470288
1.174300
-0.360282
2.486708
2.471617
0.206194
2.826925
-0.275758
2.137652
0.388498
0.464269
0.982427
0.515504
0.381010
0.704369
-0.482403
3.112463
0.836385
0.291084
0.115336
2.296454
1.772375
-0.275204
0.508753
0.284028
0.692045
1.608443
-0.182854
1.931954
0.550213
1.567889
-0.321049
0.494610
0.534850
0.253878
0.149213
0.875049
-0.074629
2.389830
1.120838
0.879222
0.430401
0.453668
0.562165
0.083962
0.648309
0.213766
1.068809
1.935575
1.225028
1.783739
1.287440
1.157646
-0.687288
0.346991
2.726788
0.911192
1.633046
-0.310563
0.291921
1.388053
-0.252907
1.183229
0.548521
1.526885
0.778725
-0.621560
1.931403
1.629951
1.029610
1.189075
0.667244
1.390436
1.136041
1.321639
1.844948
0.973000
1.192905
1.360012
1.873306
0.241319
-0.476329
-0.434797
3.083830
1.609624
2.477217
2.112272
1.545950
1.575586
0.105780
1.386194
-0.257830
0.249014
2.694132
-0.078363
1.818268
2.399370
1.755621
1.717632
1.239004
0.410023
0.089893
0.280832
1.468020
1.904256
2.133654
2.130580
-0.489014
-0.629170
1.129456
1.028422
1.150589
0.781925
1.630256
0.050442
1.377700
0.893520
-0.188835
1.409366
-0.074244
1.390132
0.482727
0.538127
0.169831
0.879891
0.860719
0.911639
0.601173
0.411917
1.450672
1.837580
0.617473
2.241845
0.995598
0.418123
1.092722
1.358734
-0.051310
1.034682
0.866370
-0.183926
1.857420
1.067163
-0.189850
2.635500
1.949137
2.087655
1.130510
1.699748
-0.086679
-0.355029
2.070260
0.427414
1.391792
1.929110
0.748213
1.428432
1.054502
3.930883
0.478170
2.200374
2.759978
1.134216
1.145162
0.224823
2.861522
-0.556726
3.131513
0.859440
0.341648
2.712636
2.322713
0.299255
1.796041
1.187416
1.569341
2.566679
2.427532
1.036702
0.186461
0.960740
0.092470
0.901341
1.659217
1.829541
-0.276985
0.214452
0.680381
1.646759
0.439091
-0.828255
-0.033125
1.627018
1.866965
1.590016
-0.613541
3.145792
0.242155
1.231787
0.131034
1.091134
2.142016
2.801638
3.225036
0.760707
2.146299
1.006910
-0.210268
0.312730
1.159182
1.234407
1.043277
1.510255
0.601461
1.544343
0.350494
1.173161
1.758209
2.065371
2.285259
-0.896457
2.456424
1.949582
0.961423
2.146751
1.615789
1.798677
-1.315363
0.303807
2.024377
-0.100030
1.730169
0.732866
1.684732
1.677002
0.189498
0.270504
-1.108325
1.705637
1.537280
-0.814111
-0.699799
1.667288
-0.443830
0.765148
1.238336
0.871635
0.369323
0.473080
0.627311
1.224923
0.971791
1.218481
2.096038
1.273235
-0.434400
1.585241
1.607977
0.267766
1.436732
0.621985
2.059170
0.175502
-1.763432
2.289910
0.626390
0.864796
0.949921
0.933316
3.041261
1.689780
-0.267283
1.532631
0.902594
1.809614
-0.310629
-0.054638
2.478915
1.029778
0.705510
2.170201
-0.492985
2.358244
2.703830
1.611468
