1000
2.083176
0.017406
1.970365
0.521584
-1.107904
0.144424
1.854140
1.608144
3.648347
1.524813
2.317774
0.299172
1.841864
-0.961252
-0.588836
2.713142
0.996199
0.813773
0.630311
1.557480
-0.755272
0.920274
2.335721
2.087790
0.481080
0.676113
1.498585
-0.292810
1.594448
0.629855
0.191809
-0.122270
0.647775
0.326383
-0.137376
0.745763
1.270640
1.789374
0.648018
1.519995
1.032777
0.059327
-0.981011
1.491742
0.634844
1.058888
0.434836
0.622410
2.243735
0.381740
0.574543
-0.044149
1.844891
0.385042
1.072831
0.143847
1.674830
-0.031159
2.066104
1.128415
0.881385
1.248847
0.352184
1.907847
1.600206
0.568103
2.215558
1.197817
1.001063
2.244587
0.185660
2.483658
0.156531
1.858255
2.450541
1.494369
2.025672
-0.190957
2.962212
0.827980
1.422829
-0.188104
1.163867
0.151925
0.114934
-0.236859
0.916145
-0.294755
0.828005
1.478809
1.854038
1.502064
0.911833
2.756137
0.112479
1.334727
-0.217202
1.508601
3.788757
0.827673
0.571402
2.250025
1.098565
1.607867
1.745839
0.058051
1.856576
0.298973
0.208813
1.648351
1.468918
2.086550
1.505181
2.259283
1.413408
-0.709351
2.487386
1.822124
1.311189
2.467440
1.057910
1.328305
0.564114
0.542665
-0.015565
-0.048027
2.745090
1.840619
1.217513
1.563974
0.309659
1.083824
0.824592
0.652857
1.552328
2.273017
0.551245
0.869233
2.621759
0.052576
0.463040
-1.312021
1.133295
1.628138
0.182264
0.631784
1.536302
1.781004
-0.429060
2.510583
1.428444
0.024361
0.881531
0.749118
0.783652
1.030220
0.587415
1.627010
1.047090
2.158155
1.245034
2.033244
1.657589
1.241622
0.634330
2.329120
1.219348
3.050141
0.100344
2.318713
0.323400
1.134286
1.346811
2.637219
1.260880
0.134854
0.266666
0.193361
1.216085
1.702108
0.228095
1.564263
2.326614
0.419049
1.638829
1.397550
1.431376
-0.063832
0.445193
1.028948
-0.166958
2.102308
1.498384
-0.939729
0.174174
-1.328025
0.990062
-0.718445
2.208921
0.388750
1.251054
1.330087
1.210236
0.759395
0.095369
0.665721
2.231148
1.134532
1.299444
2.486581
1.918501
2.328174
-1.328812
1.493801
0.330385
0.705627
2.956264
0.475158
1.633782
0.995281
1.963696
-0.101010
0.159152
-0.998409
0.499563
0.628574
-0.303653
0.091273
0.269921
0.914195
-0.667391
2.095085
-0.729964
2.242234
-0.605739
1.796266
0.309204
-0.070934
1.089400
1.727687
-1.373826
1.280316
-1.537829
2.937743
-0.773488
0.066067
1.949350
0.100699
0.476040
0.804703
0.175667
0.857927
-0.072024
0.487236
0.167631
1.020450
-0.259191
0.896280
1.062617
-1.072465
2.297369
1.868701
0.917233
2.094761
1.002742
1.000936
-0.082469
2.108479
1.268426
1.936976
0.643319
2.023501
1.675942
0.054470
1.720153
2.307243
-0.129009
1.518939
0.385007
0.692712
-0.477368
-0.253690
1.235948
-0.869140
1.107512
0.775967
1.566840
-0.550805
0.202456
2.355820
1.926535
0.788702
0.545109
1.495642
1.636836
0.282721
1.430844
0.472712
-0.323016
0.342707
1.581459
0.770310
-0.476655
0.809168
0.146966
0.748313
1.298853
1.477807
-0.426481
-1.106490
2.046561
0.109335
3.609145
1.565847
1.135141
1.630089
2.618272
1.008510
0.512229
0.733972
2.775418
1.217094
1.226961
1.152606
2.394766
1.066374
1.466444
2.336376
1.054464
0.506294
1.593033
1.087562
-0.203556
0.613076
1.459652
0.623561
-0.631848
1.781647
-0.689215
-0.126745
-0.027625
1.758396
0.975729
0.136261
0.546262
0.061364
0.046412
-0.653565
1.365144
-0.427090
1.513133
-1.331546
0.366062
1.247330
-0.062064
2.892270
1.265781
0.585719
-1.734777
1.708207
1.448681
2.135591
0.024738
0.347363
1.702802
0.709781
2.120202
-0.330597
-0.629204
0.791433
1.233990
1.056558
1.255982
0.602780
2.990175
0.551459
2.730747
-1.284123
0.428470
0.043329
0.269757
2.803857
1.000065
0.620239
1.541656
3.032635
1.317211
0.144114
1.987589
0.608271
1.124924
-0.197788
0.831652
1.295658
-0.609059
2.692823
1.094615
2.347140
-2.683635
0.267107
0.660010
1.399882
1.289104
0.696301
2.166371
1.255910
-0.147960
0.328544
1.950977
0.897387
-0.078389
0.012044
1.590955
1.340686
2.642528
0.051248
1.341393
0.209589
0.412745
1.839413
2.061918
0.546933
1.075950
1.637325
2.764057
1.715600
0.551245
1.048604
2.108020
2.523944
0.558741
3.545741
1.269598
0.154437
0.502575
1.568888
1.615459
1.674778
1.146430
1.015021
0.935140
2.062910
1.044567
0.276176
0.341369
1.129086
0.074382
1.170337
-0.506574
0.412953
-0.248192
0.268837
1.099509
0.552068
1.499889
2.497389
1.185894
1.575513
0.462377
-0.376627
1.412145
2.000332
1.217875
0.735740
0.622521
1.416635
-0.176843
0.359078
-0.072601
-1.316394
1.666656
0.800481
-0.472190
-0.702705
2.773331
1.589729
-0.033957
0.894940
0.869406
1.800429
0.155762
1.446657
0.698959
2.489805
2.160551
1.229891
1.159733
1.709379
1.708143
0.987293
2.296419
0.842877
0.904970
-0.023149
0.728039
1.219875
0.350612
2.348544
2.772353
-0.613140
1.959783
2.906343
1.430620
0.763529
1.183769
2.724011
1.953411
-0.671816
1.263349
3.356711
3.668329
1.388687
1.702039
0.877454
-0.745753
-0.647429
0.107688
0.677682
0.143824
0.116443
0.149329
-1.241544
0.698495
1.965142
2.595276
0.619943
0.221020
0.099676
0.931356
-0.413839
-0.149528
-0.072995
1.530845
2.182151
2.699549
0.992987
1.013887
1.383648
0.309524
2.745885
-0.044948
0.477751
0.103516
0.314801
1.846572
0.635392
1.594379
3.096845
2.113227
0.522850
1.121020
0.414452
1.357958
1.141553
0.836349
0.459360
2.662070
3.162849
-0.317957
2.026145
-0.265064
1.444387
-0.021363
0.784582
3.109834
0.778061
-0.968767
0.525474
1.434338
-0.171748
0.034007
1.241287
0.480442
0.949816
1.359062
0.370757
0.444918
0.502011
0.877188
1.044182
-0.706459
1.916624
1.882598
0.971250
1.132120
0.866225
2.199695
1.668801
0.999744
1.657941
3.221467
0.012506
0.999245
0.393834
1.718369
0.533270
0.750444
0.994515
2.017811
0.487390
1.410806
1.552643
0.983673
0.268084
2.400595
2.406027
1.460489
2.165368
1.298908
2.448832
0.379359
2.655784
1.993625
0.515141
1.527949
-1.412575
-0.305330
-0.484858
2.138012
1.992126
0.234206
0.260498
0.666458
1.553835
2.100168
-0.003625
1.396372
0.363027
1.657665
0.688508
2.352621
2.526337
0.933470
-0.442838
0.478942
1.474853
0.104053
1.214609
1.053440
3.031518
-0.118415
0.356416
1.591020
1.505201
1.386846
0.833324
-0.924632
0.896203
2.599005
0.258293
1.631827
2.112706
0.233607
-0.449039
1.711631
0.287289
-0.165267
1.391048
2.227987
1.730489
0.577267
2.477196
1.401227
0.971442
2.081257
0.186417
-0.052986
1.548395
-1.282395
1.178486
1.893822
0.704819
0.625768
2.346592
1.172789
-0.268114
-0.331215
1.644583
1.705815
0.191765
1.439182
0.532096
0.835703
0.966736
0.386479
-0.066834
2.261197
-0.102515
1.828209
-0.592527
0.046180
0.521910
1.275845
2.768995
1.822404
-1.181234
-0.032551
2.033719
2.343309
0.438120
2.848809
1.595080
1.390898
0.357942
1.542904
1.736279
2.067990
-0.785347
0.385140
1.055959
3.850842
0.662881
0.376040
2.407416
-0.050255
-0.151841
-0.419281
1.621021
1.161340
0.730436
2.552205
1.163045
1.382630
0.233995
2.657967
0.660556
0.963657
0.254825
-0.730855
2.629144
0.868803
0.301625
0.163245
0.700776
3.082563
2.176726
1.036878
1.006127
1.433587
0.789325
-0.605943
1.255969
-0.589731
0.038432
-0.664379
1.668903
2.435116
1.260224
1.039574
2.364633
-0.371816
2.125723
0.794463
0.080900
0.078578
1.466858
0.542500
1.621033
1.536360
1.556624
1.540308
1.175884
-1.881036
3.250796
2.161970
3.006802
1.756764
-0.438066
-0.498195
-0.103093
0.675314
1.873780
0.653833
0.354902
0.524892
2.131609
1.062328
2.171610
1.507548
0.812404
1.060288
1.549895
0.284010
0.326542
1.163475
-0.022536
1.759974
-0.331281
2.031033
2.611937
0.120803
0.799727
1.119570
1.716401
-0.517436
0.569442
0.269865
2.388169
1.229584
0.950640
-0.991739
1.400921
-0.413303
2.627884
1.119763
0.446580
0.380457
1.663869
1.946639
0.989570
0.017728
1.765317
1.485959
0.790907
0.417952
1.613500
0.449997
2.342465
0.551732
1.337838
0.356608
0.381795
0.453135
-0.014476
1.495700
1.768054
0.111126
1.135043
0.118649
0.817671
1.153677
0.030453
1.215232
1.368970
1.398601
0.830440
1.867309
0.781248
2.922365
1.601432
1.081488
-0.891269
1.925687
1.624889
0.565670
0.574048
-0.012789
1.136955
1.227779
0.397860
1.981792
0.436767
0.140092
1.623793
1.964586
0.404366
0.658883
2.054690
-0.650440
1.786690
-0.224937
-1.840054
1.582743
2.348888
2.108664
-0.519134
2.914243
2.664226
0.436159
0.865874
1.686819
0.754235
1.889873
-0.632244
-0.480415
0.383772
3.180362
2.866960
0.456378
1.905406
0.521498
-0.677397
1.283127
1.489560
1.574402
1.704252
1.633868
0.762071
2.175262
0.972150
2.529673
0.847022
-0.163014
1.913499
2.083667
0.633389
1.733228
0.367754
-0.401235
1.127144
1.061868
1.306650
0.474134
1.527434
0.917646
0.477549
-0.660163
1.841303
-0.230755
2.448600
1.631850
0.486617
3.047347
2.173026
2.731624
0.034354
3.289170
0.891942
-0.680776
2.142701
1.595964
-0.600356
0.824738
1.286365
0.052328
1.730419
2.292563
-0.345361
0.148791
1.445098
0.528896
1.147945
0.471560
1.479058
1.205734
2.931188
1.395906
1.899965
2.039653
2.534421
-0.006475
1.064533
1.227108
0.863058
-0.038037
2.101647
3.520725
1.302198
1.460282
0.647405
1.009945
0.662839
1.615803
0.741574
0.834378
0.910272
1.547516
2.885885
1.352120
1.464940
1.107741
3.276186
2.320513
1.118298
1.303289
2.062969
1.252512
-0.030658
1.430795
1.703692
1.105682
2.102582
0.362641
3.108566
0.551665
1.632678
2.099938
0.063676
1.338322
1.508683
0.479220
1.264205
-0.072420
1.578918
2.168470
0.102919
-0.341360
0.897634
0.117328
-0.154647
1.290282
2.933392
0.552169
1.286665
0.248085
3.168837
1.365218
-1.286483
-0.667588
0.422682
