1000
-0.231471
0.380018
1.928240
1.382485
-0.997347
1.781971
1.728224
0.845582
1.731867
1.264614
0.931566
0.359118
-0.935869
2.237898
2.644276
1.161541
-0.190259
0.933125
0.629395
0.214370
1.623610
0.282512
-0.459143
0.476010
0.114406
2.322144
0.723451
-0.308502
0.799736
2.204561
0.246776
1.317968
2.008555
-0.487508
0.489982
1.609808
-1.029213
1.045511
0.927986
0.664665
1.079742
-0.314889
0.482295
1.062415
1.439124
2.992262
1.478438
-0.070007
2.791922
0.957185
1.498957
0.451852
-0.918714
0.614990
1.691951
1.237749
1.444664
2.992047
0.360713
0.375267
-0.782372
1.854808
1.244717
1.017213
0.031769
0.292367
0.834906
-0.671181
1.280536
0.937420
0.741449
1.456257
2.744623
3.622098
2.351868
0.588585
1.293542
2.696338
1.309493
1.527814
0.340248
0.444397
2.061633
2.709376
1.947485
3.038590
0.637598
0.251330
0.989142
-0.237561
2.203496
-0.337565
2.031017
-0.528134
1.246571
1.016939
0.568120
0.015019
1.324105
0.915762
0.718962
0.971185
1.672802
1.675997
0.495216
0.202518
1.957536
0.161632
1.420331
-0.169377
2.242415
1.302893
3.022890
2.253278
1.621549
1.858157
-0.463460
2.079790
0.959018
0.296705
1.523780
1.095865
1.380686
0.644189
1.054839
0.104709
2.872884
2.684534
-0.160148
0.702988
1.994183
1.869270
0.486001
-0.093994
-0.805817
3.042028
-0.799711
-0.429348
1.702860
-0.230453
0.834071
1.025758
1.149497
0.599721
1.225829
1.143347
1.179032
0.501169
1.489475
-0.119053
2.323345
0.960905
0.484999
-0.548233
0.943776
1.505078
-0.081243
-0.221798
-0.118171
2.386628
-0.764392
0.817886
2.017286
1.428385
0.708342
1.524851
0.491221
0.147114
0.009640
-0.169355
1.892629
0.966834
0.734558
0.352846
1.230149
1.416148
-0.479847
1.504486
-0.690298
1.004349
0.608953
0.210374
-0.868138
1.656095
1.419100
1.397578
1.867112
0.420139
2.230129
-0.119279
2.619314
0.198589
0.144185
2.101807
0.099927
0.640209
-0.108845
1.479427
1.664363
0.657144
1.908015
0.032283
0.752929
1.287043
0.120748
1.022521
0.541945
1.406853
1.254736
1.204941
0.389840
1.083188
1.161497
1.070759
1.914397
1.706599
-0.532227
0.066322
1.406291
0.637500
-0.084369
0.514715
-0.435720
1.863095
1.823951
0.654805
0.986917
0.094310
0.206643
1.321590
0.640722
1.156832
0.935362
1.113589
0.302192
1.582509
0.816375
0.991658
0.239398
0.035314
-1.110142
0.010788
-0.057805
2.105316
1.227015
-0.013216
-0.650143
1.302730
0.076714
0.823742
0.429692
1.029636
2.127554
2.575504
1.008633
1.373876
1.148328
0.378429
0.879587
-0.156022
0.876975
1.540834
1.718606
2.054697
1.767315
1.876164
1.274826
1.352721
0.101975
0.482210
1.432939
-0.129725
2.456510
-0.333324
0.798445
0.822869
2.671976
-1.952263
1.229568
0.765184
0.511760
2.608603
1.598970
-0.133147
0.323485
-0.064906
-0.804658
2.157285
1.086695
-0.891998
1.666985
2.019990
1.865147
1.530584
1.269380
1.276225
1.531797
-0.599493
0.299806
-0.603702
0.484531
0.561980
1.061086
-0.620550
0.160051
0.618207
0.241721
2.467271
1.485802
0.315897
1.081585
-0.380896
1.477933
2.738547
0.722573
1.101090
0.513004
0.124473
-0.486907
0.043556
0.090594
1.348746
2.295874
0.182908
0.638504
-0.102285
2.817690
0.533742
0.957399
0.507000
1.707763
2.920016
2.750819
1.343457
0.243239
-0.380704
2.082477
0.172560
1.624723
1.647970
1.402150
1.678931
1.765648
0.580084
1.061637
0.836333
0.646810
-0.657424
0.594132
1.908678
1.969133
-0.042380
2.571762
1.170633
0.175400
1.645544
1.854178
-0.122102
-0.003809
1.519098
3.127383
2.172181
0.478704
0.603463
0.054236
0.015364
1.159228
1.700299
1.585809
0.833939
0.954706
-0.604248
2.177936
0.512889
-0.418216
0.600649
2.657157
1.971308
1.204160
0.818548
1.525863
2.030136
0.917717
1.150747
1.438457
1.463694
1.833896
1.094292
2.080349
-0.809829
2.379096
1.496601
0.375066
2.052708
0.257459
1.791147
0.901083
1.756789
1.746368
1.937738
0.049680
1.489917
0.561392
-0.302713
0.437934
2.335632
2.230848
-0.612697
-0.406704
3.269728
1.795632
1.744005
2.210530
0.438534
0.891058
2.230517
1.085817
0.231456
1.379477
2.408571
0.976241
1.844036
0.671220
1.515880
2.055142
1.319078
1.565411
-0.169976
-1.950972
3.172455
0.720450
2.467627
0.133752
1.099291
0.509356
0.602951
1.659939
0.392395
1.517078
2.025023
3.499700
1.697690
0.898433
1.430816
0.542591
2.286368
0.361076
-0.079540
0.074882
1.158262
1.922789
1.899416
2.012021
1.839699
0.319939
1.093845
0.858380
-0.924719
1.232043
2.656143
1.220042
0.613557
0.079104
0.980471
-0.014841
0.756975
1.696328
1.742183
-0.688725
0.759070
0.951764
0.452503
2.725502
3.020193
-0.056846
0.030664
1.979476
1.760716
2.286206
-0.121104
-0.026186
-0.567152
2.699855
1.287499
0.694788
-1.428010
0.095702
1.124231
2.426158
-0.695172
0.982327
1.361385
1.501732
-1.275091
1.232449
0.343486
2.071701
1.066435
-0.112392
0.944118
1.261670
-0.294070
0.706048
0.902492
2.227211
1.287493
0.601164
1.106614
0.458729
1.138726
0.792376
0.834203
1.632951
-1.478863
1.316074
1.174600
1.082866
1.424711
1.084519
-0.152366
2.348647
1.546756
1.495707
0.818570
1.189681
0.917057
1.189641
-1.081132
-0.003926
0.298360
1.359251
1.534693
1.320204
0.281947
2.569197
-1.168694
0.518484
1.389078
-0.710498
1.765044
-0.730188
1.026238
-0.617609
2.056984
-0.032638
0.406044
1.577157
1.936014
0.895821
0.869286
-0.216288
0.374200
-0.078515
2.263568
1.152155
0.137221
1.411272
0.771873
-0.338106
1.066044
0.767884
0.897563
1.155719
2.580410
1.707103
1.723700
1.893147
0.238337
0.727956
2.260745
1.551502
0.505793
-0.207612
0.048870
1.530788
2.193611
0.896993
2.362152
1.952597
-0.544462
1.131002
-0.887622
0.117360
3.249720
0.349976
0.111632
1.994607
0.336338
0.635716
1.932918
0.066397
2.167075
0.941165
0.694604
2.215988
3.200362
0.908629
0.215035
-0.700223
1.436695
2.015911
1.464619
2.208445
1.875625
-0.093607
0.423421
2.636804
0.112912
0.783091
1.290825
0.800885
1.749776
0.540409
-0.087200
0.167272
2.570160
1.314737
-1.055877
3.329670
1.934502
2.687748
2.860571
1.415992
-0.394063
-0.504752
2.097717
0.713158
1.037155
1.090059
1.514631
0.823531
3.812833
0.901879
0.438471
-0.312215
2.108188
1.964377
0.050461
0.453105
0.560453
0.502829
0.085245
2.069656
0.485584
-0.381917
2.661726
-0.768475
0.524007
1.988817
-0.270727
0.725017
0.249170
0.443519
1.805946
2.528520
-0.092350
2.820477
1.105078
1.465795
1.837764
1.902609
0.948837
1.845732
0.577125
-0.298103
0.605493
0.577540
1.782189
0.857568
0.027676
1.851364
1.054249
1.155150
-0.761520
-0.676044
1.849945
0.201878
-0.850814
-0.541470
2.229710
0.998994
1.610890
0.527413
0.800627
1.683395
1.938657
1.454411
1.660244
1.839249
-0.010176
1.362833
0.731317
2.421949
1.764796
0.120398
-0.293340
0.702988
-0.872788
1.209479
0.927887
-0.181945
0.394271
-0.416838
1.779574
1.977716
1.576395
0.446356
1.608900
-0.871192
-0.252697
-0.470295
1.594823
2.105780
0.492060
1.007752
2.082152
-0.249096
2.124552
1.930478
0.654260
1.651531
-0.366548
0.954271
0.775353
0.479672
-0.182622
2.844482
1.614201
2.013733
0.132037
0.817642
0.574233
1.312152
1.053740
0.224021
-0.934613
-0.085114
0.413150
2.553321
1.337288
0.939617
0.931011
3.122935
1.061055
0.451911
-0.425934
-0.235097
1.399809
0.715563
2.484779
0.767713
-0.074317
-0.267534
1.782964
-0.072079
1.951166
0.708262
0.817661
1.651651
1.714805
0.520302
1.567578
0.607295
1.037113
0.432462
1.559521
-1.191634
0.550012
1.333452
1.365426
1.055031
1.913525
0.065460
-0.419205
2.651052
0.783188
2.437065
-0.248026
0.608894
1.393474
1.611923
1.490747
1.310914
0.565244
1.394300
2.676815
0.944197
0.801253
1.310854
0.288060
1.700370
2.392327
-0.676643
2.056167
0.982093
3.293729
0.567922
-0.025261
-1.645879
2.205388
0.483163
1.097730
0.373271
-0.290064
-1.611943
0.845238
1.157782
1.139402
-0.895978
0.219126
0.217201
0.021908
1.237339
0.388817
0.868445
2.190056
0.004709
-0.726757
-0.317511
1.564501
0.659784
0.913858
0.879281
0.085658
2.311214
-0.305358
1.063728
0.532509
2.478032
0.119271
-0.069329
0.357735
1.247678
0.604846
0.787954
0.298979
1.750795
-0.002182
0.405147
-0.958782
0.780607
1.425331
1.577669
1.263189
0.915057
2.702033
1.276668
1.548474
1.330140
0.002969
-0.011849
-0.328683
1.265499
0.936727
0.416491
2.153831
0.683583
0.910105
1.392272
1.483856
1.819305
0.133397
1.865012
0.604008
0.960407
0.014965
0.942108
2.663859
1.909897
0.430133
1.903487
3.223846
0.642396
1.897671
0.287657
2.499819
0.207309
2.180405
-0.006607
-0.043098
0.981041
-1.033617
0.893779
0.450964
2.785616
1.829838
-0.125395
2.358882
0.700014
0.875626
2.643804
0.641716
1.156710
0.677140
0.520100
0.197427
0.035095
-0.395485
0.122102
2.075680
1.604778
0.635956
1.278325
1.511988
1.262789
0.800462
1.761421
1.570035
1.181852
2.988089
-1.347021
-0.096976
0.436184
0.797803
1.846869
1.188993
0.771572
1.315103
0.513601
0.378974
2.064770
0.961973
2.206804
0.604684
2.390322
-0.119644
0.289937
0.992367
-0.230334
0.440143
2.786913
0.618648
0.243405
-0.106688
0.601797
-0.389562
0.582172
1.177857
0.145436
1.347101
1.215918
0.502807
1.558727
1.258125
1.246961
0.242314
1.944562
0.922584
0.134738
2.047812
2.241097
2.338154
0.030560
0.345595
0.497079
2.611102
1.181912
-0.219264
2.636738
0.312644
0.287161
1.405949
1.509928
1.349796
0.611240
0.958716
1.900478
1.269188
0.352638
0.259133
0.633628
0.831839
1.461323
1.665124
1.453761
1.894616
0.660594
2.664287
0.110752
-0.749273
0.403168
2.106361
0.458840
0.401252
0.281692
-0.045058
-0.124238
0.102325
0.911393
0.531642
0.769773
1.169689
1.736531
-0.814874
0.744416
-0.975216
1.677001
0.820081
0.771156
-0.226652
