1000
1.639339
0.836367
1.074168
1.775241
1.694342
2.452015
2.128466
-0.124776
-1.338730
-0.154134
-0.114448
0.602384
2.076286
0.251207
0.585154
0.888629
1.064686
0.817052
0.834503
1.484628
0.863629
2.240471
0.833424
2.469600
0.086798
1.126622
1.491465
0.814221
-0.430252
0.491614
1.472047
1.701514
2.273577
0.587514
1.301070
0.566510
2.101070
3.028088
0.692525
0.279549
0.103922
1.600378
1.708160
0.903852
0.632602
1.164410
3.338617
0.276430
0.488241
0.314726
2.200866
1.049125
1.548415
1.068337
1.561574
1.217348
-0.214438
0.907096
-0.201966
0.523528
1.840677
0.850276
0.340948
0.304304
-1.210265
2.153237
0.766834
0.238275
1.255759
2.864306
0.286515
0.849620
-0.433311
0.271461
1.960891
-0.209633
3.216032
0.008845
1.027490
-0.825981
1.359209
-0.313837
1.326282
-0.235146
0.590557
1.834226
0.490419
-0.224524
0.720197
-0.464560
-1.280434
0.865146
1.905434
2.142353
-0.491825
-0.231876
0.835779
2.501401
2.208148
-1.023985
-0.522940
0.542638
0.162275
-0.104072
2.495547
0.934186
-0.654620
2.166175
0.766019
0.950960
0.010782
-1.210412
0.562983
-0.267069
0.867351
2.347353
-0.551408
0.692123
1.108410
2.653474
0.146542
-0.703965
2.335242
3.019346
1.125047
0.829131
0.443808
1.093570
0.483864
1.410398
1.412229
1.602649
2.109430
-0.615906
1.273456
0.825720
1.467926
2.222888
2.515043
-0.495576
0.283630
1.260948
0.207988
-0.236972
1.269761
1.673125
0.422249
-0.140005
1.119492
1.648433
1.367058
0.716363
3.436378
0.247102
1.028245
0.802211
1.832618
1.219776
1.671122
2.949485
-0.216806
0.959370
0.466700
1.508837
0.242820
1.154490
1.591845
0.968255
-0.193203
1.261745
1.273911
2.297322
0.146901
0.543912
0.091896
0.938778
-1.412399
1.249273
0.924461
1.081332
0.839111
0.983348
2.091614
0.502959
1.251817
1.791384
0.101711
-1.520192
1.459384
1.667076
0.277091
1.920738
-0.884042
1.644060
1.059612
0.319755
-0.190323
1.776466
-0.309117
3.535879
-1.372525
-0.494018
-0.072136
1.039799
0.531900
0.449871
3.081726
0.332085
0.682691
-0.634217
-1.845308
1.708380
0.794856
-0.006110
1.628780
-0.751933
0.003542
1.918424
-0.238439
1.399638
0.890411
1.512812
0.281777
0.989384
1.386518
1.698704
0.952471
-0.274429
2.047285
-0.986558
-0.120228
0.274624
1.502839
0.662120
1.259358
0.486395
0.792778
0.876367
1.518638
1.515008
0.205786
0.669371
1.864332
1.677367
0.170827
1.690760
-0.189265
3.905468
1.666260
1.887570
0.426400
-0.611983
-0.674102
-0.688387
2.830031
0.066812
1.613188
1.520548
1.065492
0.135278
1.541760
1.195122
0.740007
1.247304
3.032247
1.821183
-0.502254
0.991000
1.327447
2.614240
1.146155
-0.526368
1.648730
1.181676
1.423796
0.405008
0.885766
2.378255
0.723830
2.290768
1.117877
1.724401
1.554960
2.319684
2.357659
2.368711
1.080092
1.529704
0.748172
1.797977
0.582062
0.971401
3.214280
2.177952
1.842437
1.036936
1.147949
0.893629
1.137752
0.473682
1.200683
0.847526
0.320977
1.165886
1.383790
0.688084
2.376046
1.528220
1.825807
1.669294
2.529059
3.456991
1.721244
-0.774253
0.696788
-0.376578
1.082155
1.496266
0.506232
-0.367373
0.606598
1.483053
1.691477
1.255030
0.897252
1.467638
0.371848
-0.282892
1.270549
2.165619
1.010738
0.626963
2.934245
2.177891
1.213464
0.773500
0.940946
1.651254
-0.285129
0.802236
1.315739
1.857380
-0.516508
-0.479049
1.934884
1.710530
3.521452
2.354266
0.370079
0.839650
1.874363
2.570815
0.671222
-0.409419
-1.030523
0.354767
1.399006
1.421390
1.479376
1.428403
0.017526
1.131358
2.249063
0.408792
0.910587
1.263314
2.092966
1.758817
0.579287
0.261185
1.931008
1.391323
0.240794
0.231545
1.575654
0.297994
0.892975
0.438158
0.969396
1.767560
1.263053
3.272974
0.776713
-0.039380
3.474889
-0.695565
0.574147
-0.884249
2.627475
2.108140
1.693510
1.209591
0.920363
0.661093
-1.525070
0.601254
1.021578
0.199783
1.238583
1.554201
0.029042
1.813118
1.114672
1.051850
1.150336
-0.270148
0.567133
0.641112
4.033764
2.748009
1.483595
0.261220
0.669240
0.931309
1.954402
1.475685
1.297155
4.635382
0.363420
-1.346278
1.495192
1.356636
0.897667
0.970170
-0.636314
1.122650
-2.347369
0.512786
0.670184
0.434933
0.527654
1.928275
0.822403
1.889162
2.134361
2.763928
1.187331
1.756755
0.601173
1.745103
0.891577
1.324453
2.137998
2.719037
1.232457
0.907067
1.396963
1.052872
1.129812
1.229893
1.834279
-0.564504
1.659942
0.282895
1.581181
1.649425
-0.450153
0.327610
2.230518
1.334207
0.083076
2.603944
0.439433
2.721424
0.149608
0.387103
1.473501
1.749805
0.742523
2.123137
1.404020
0.844466
0.417889
0.357650
1.645577
0.477699
0.259839
1.148885
3.021700
1.899280
0.340270
1.533315
1.944232
0.624933
0.362088
2.091451
2.571580
2.815805
1.513049
0.189191
1.431715
-0.885344
1.554416
2.008638
2.987553
-0.730714
0.187194
1.507803
0.331747
1.929409
1.808695
1.193398
2.292668
0.331431
0.776862
-0.072516
1.474742
2.413963
0.893581
0.573603
1.678283
2.169829
1.632719
1.466640
1.035018
0.805969
1.704201
-0.013234
1.643238
0.474639
-1.152598
0.344938
2.357480
0.165146
1.147148
0.817193
-0.595149
1.740612
1.688389
0.931308
1.965288
-0.178756
1.462839
-0.505236
-0.518916
1.208480
2.169415
1.237156
1.632716
1.484187
0.568102
1.077152
1.467164
0.629645
0.636109
-1.028246
0.850814
-0.313224
1.535297
1.040348
2.988888
0.300373
-0.261705
1.215675
0.279491
2.006045
-0.321348
-0.242002
0.444086
1.525881
0.154940
0.573168
-0.773274
0.712675
-1.499261
2.523936
-0.481054
1.571245
2.282092
1.208999
0.141840
3.238893
1.956045
1.771676
-1.351458
-0.305238
0.670741
3.305652
1.056465
-0.011475
0.933038
0.920331
3.286101
1.284006
1.821297
0.191649
1.176387
1.327695
1.769668
0.285307
1.390095
1.946433
1.841793
0.405549
1.028694
1.393698
0.736037
0.571611
3.758509
-0.743742
-1.003713
0.807014
0.605744
0.715998
0.273782
1.820191
1.831789
0.867453
1.420357
1.190765
-0.060647
1.682658
1.835667
1.828762
1.376932
3.254070
2.604610
0.699688
0.228434
1.106733
1.918599
0.359738
0.301858
2.269534
2.205133
0.595011
1.141526
1.601363
0.598882
4.397998
0.277983
-0.576942
-0.735063
0.705981
-0.877100
0.667918
2.191001
1.807656
0.680216
0.836689
0.252566
2.196640
0.055678
0.965865
-1.433453
-1.461196
0.563917
1.122665
0.170415
1.858068
0.311507
1.674541
0.486213
1.372563
0.295913
1.602206
0.750498
1.085398
1.685326
1.277102
-0.021920
2.215948
1.608436
0.416290
-0.285455
-0.059380
1.231892
0.749038
1.361753
0.712708
1.864612
-0.005589
1.399401
2.215362
2.006032
0.419744
2.186843
0.006492
2.737580
1.202350
0.371584
0.144414
1.868755
1.752417
-0.528758
0.561874
1.898876
0.288926
-0.673559
1.971298
2.268116
1.128905
2.261332
-0.072594
1.074774
-0.309630
0.595766
1.505884
1.224279
0.872312
-1.471914
1.645246
0.984363
1.517326
-1.488385
0.454270
-0.125395
0.515762
0.442407
0.766274
0.838994
2.895673
0.400189
0.213431
-0.552367
-1.462434
-1.256160
1.410994
1.385594
0.653065
0.422196
1.714848
1.414003
-1.428523
0.046812
0.206692
0.874192
1.433744
1.034670
0.468013
1.718046
2.121028
-0.189977
1.097431
1.693259
0.258018
0.344322
1.819486
0.084965
0.669579
0.226363
1.368202
0.650672
0.514326
0.559123
-0.033921
-0.186479
-0.859664
1.613060
0.925327
1.058142
2.267343
0.986591
-0.328840
0.442061
0.565206
-1.132294
2.444220
2.063879
0.368734
2.381437
0.412290
-0.428284
0.696716
-1.645721
0.416288
0.953112
-0.564544
0.822585
-0.025280
0.787144
0.869991
-0.512594
1.698514
1.318945
0.962083
1.933275
1.340366
2.020602
-0.034059
-0.098845
-0.725131
-1.439057
1.483648
1.954984
-1.520374
0.503627
0.800039
0.876429
0.418571
0.834371
1.560952
0.165215
1.391453
0.690443
0.293790
-0.337437
2.584603
-0.395450
2.240790
1.388985
3.709132
0.888143
1.822364
1.082980
1.894608
0.725542
0.815014
1.698797
1.079891
2.065225
0.619379
-0.175733
0.292496
0.559019
0.230742
1.460590
-0.144895
1.792461
0.824053
1.668895
1.363589
-0.640178
2.029656
0.018914
0.496641
0.885685
1.313831
0.205611
2.254847
-0.167114
0.714742
0.762673
0.642518
-0.081451
2.569881
1.375250
1.395476
0.588662
1.382703
-0.365981
0.687880
0.357767
1.810260
0.550292
-1.057688
1.480751
1.290836
0.267510
0.020617
0.358747
2.399095
1.049822
-0.022700
-0.833024
-0.899640
0.633980
1.747195
2.114013
0.487032
0.646967
0.761308
0.368800
1.243274
1.329339
0.704960
0.331513
0.501008
1.134340
-0.520659
1.951475
1.840586
1.385666
1.448394
1.833880
2.378309
-1.255191
0.220910
1.521870
-0.425159
-0.731963
0.143868
-0.252665
-0.273415
0.854119
0.152534
-0.056575
1.867005
0.661349
1.241410
2.275707
0.506194
2.132772
1.234761
0.185388
2.060438
0.347252
0.098044
0.584479
3.353402
-1.131628
0.955970
0.816999
1.501319
0.864405
1.665877
0.947578
1.569107
0.288935
3.132627
-1.625541
2.159346
0.834526
0.839435
0.396740
1.557700
0.221819
1.552708
0.343955
-0.813192
1.712851
1.391926
0.495369
1.828669
0.169981
1.107738
0.898041
2.094129
1.277832
1.925914
1.577384
0.883746
0.665162
2.044108
0.923344
0.220023
0.470481
0.571118
-1.488265
0.959961
0.797301
1.781384
0.328519
1.914589
1.495070
2.100473
-0.202899
-1.194248
2.088118
-0.354606
1.510569
1.082772
-0.157325
1.793491
0.099690
0.156299
1.957658
1.610000
1.707707
1.739726
0.475893
0.343657
-0.227335
1.017027
2.034286
0.888727
2.256574
2.163992
1.458660
2.567801
0.920079
-0.236127
2.715843
2.678901
1.648443
0.492885
1.676528
1.009178
0.291384
1.286375
1.573592
-2.127742
0.323842
0.860058
1.152739
0.421161
0.376399
2.511398
2.194465
1.236611
0.060092
0.585235
2.019120
1.469584
0.731667
0.150485
1.221408
0.910189
1.853736
1.320820
