1000
1.498694
-0.215041
1.269505
-0.077408
0.554098
-1.027764
1.373835
2.596503
1.181740
2.750440
0.245623
1.812876
0.944039
2.421873
0.718273
-0.810341
1.618829
0.888938
0.809940
2.731326
0.647279
-0.048370
2.557110
0.563260
3.532502
0.478378
0.615492
0.607618
0.667721
1.404856
-0.411783
1.264095
0.544673
1.457577
0.964420
1.364230
2.027973
2.017758
0.582468
0.400155
2.992785
2.093211
1.629957
-0.154973
-1.793717
3.375194
0.227022
1.571176
0.765707
1.932958
0.880780
0.993755
0.008161
1.336356
0.654748
0.586044
0.876906
1.207957
0.555566
0.917242
1.862964
1.338995
2.210556
-0.471865
1.829853
0.724760
1.345724
1.245911
1.828638
1.199286
0.760568
0.611972
3.470529
0.589183
-0.935989
0.821440
-0.004646
0.569458
1.213880
0.255389
1.083404
0.989641
0.887127
0.270372
1.637889
-0.188826
-0.619559
1.257360
2.376394
0.779826
-0.128850
1.580084
0.022697
2.629304
1.741821
2.118846
-1.116000
-0.807453
2.394624
1.241930
1.765003
0.344368
1.923427
1.197951
0.575363
-0.538108
1.344993
1.058330
2.076426
0.839052
0.568685
-0.280317
0.491630
-0.790603
0.912094
2.747432
0.798422
0.641553
0.476792
0.575192
1.217306
-0.209339
1.680191
1.598839
0.720272
1.144023
0.592777
-1.461803
-1.482677
0.079449
1.153947
2.701595
0.662825
1.829082
1.052737
0.623459
-0.652783
2.299297
1.507586
1.273335
0.236888
1.243913
1.725728
-1.220842
0.583575
-0.863509
-0.185018
-0.300054
0.591976
2.675724
2.695684
0.350287
0.465999
1.018808
0.577920
0.179558
0.589281
1.061201
1.811263
0.610513
1.269939
2.554712
-1.455969
2.324136
2.474636
2.818170
3.322930
0.699878
1.701814
1.269907
0.581329
0.279210
0.009012
0.530283
-0.362015
0.701488
1.019276
1.307555
-0.051018
1.432018
0.480616
0.705210
-0.280116
-0.742498
0.981561
-0.121311
0.814830
-0.580796
1.237794
0.838780
-0.057849
1.885656
-0.888543
0.488371
1.331400
1.977042
1.703888
1.659594
0.111994
1.503667
1.028942
1.689426
1.632785
1.602866
0.729489
-2.093581
1.070464
1.983211
0.007364
1.342499
0.513522
1.472269
1.812738
-0.540829
1.761509
0.467082
1.751310
-0.154048
1.304673
0.263596
0.753541
1.763161
1.749105
2.539442
-0.180983
2.095203
0.203650
0.936612
0.863122
0.247401
-0.000617
-1.123563
1.418114
0.478092
0.663330
1.057247
0.467362
1.407018
0.089823
0.902467
0.767222
1.206266
0.594796
0.228476
2.134524
1.645211
0.284319
2.341696
1.126630
0.284652
1.515924
-0.389227
1.857187
0.758396
-1.088079
2.322426
-0.327425
1.209360
1.153226
-0.708095
-0.331651
-0.811894
1.262150
-1.056609
0.936793
3.229864
-0.590846
3.616980
2.822280
0.901920
0.006659
0.896138
3.043478
1.881486
-0.571045
2.737656
1.839889
0.794883
1.635808
0.767407
-0.924503
1.125016
-0.082660
1.360154
2.260558
0.511316
0.245943
1.396497
0.659162
1.497663
0.989142
0.253761
0.975762
1.512024
1.181822
2.071980
-0.895679
1.377386
-1.319943
2.502751
1.463954
-0.319721
3.247302
0.016710
1.423023
-0.082185
-1.005383
2.039829
0.465825
0.700782
0.600984
1.150598
0.665608
0.890353
1.076336
1.164143
0.623298
-1.386022
0.499361
-0.551908
1.577702
-0.247728
1.740359
1.897566
1.688900
0.639747
0.882270
0.586673
1.770940
-1.216994
1.051114
1.105747
1.465700
1.063020
1.388684
0.841030
0.478361
0.823571
0.632349
-0.352421
0.681746
-0.557274
1.271331
1.991091
1.177504
0.216238
2.682036
-0.242548
1.138787
-0.845571
-0.068062
1.320194
1.998942
0.725995
1.222095
1.537267
3.076373
0.498961
0.214353
1.635733
-0.173753
1.376882
-0.132305
-0.378242
1.353657
0.996659
1.810924
-0.997088
1.037702
0.142702
-0.675646
1.980374
-0.116054
0.480785
1.600877
0.796640
2.141106
0.819432
0.644689
0.118499
0.660516
1.141085
1.130895
0.414703
1.386412
0.604540
2.837660
1.903070
2.930238
1.013501
0.504692
1.543137
-0.905514
1.417083
0.612060
0.616593
1.346545
0.996312
2.151077
0.418827
0.514082
0.166976
0.351834
0.649761
0.295190
1.091871
-0.854687
-0.226661
1.078951
2.782014
1.012708
0.863731
0.314885
-0.826281
1.643310
1.767600
0.042096
1.287310
2.873587
1.537994
1.249533
1.582147
2.641644
-0.049042
0.955955
0.051997
0.186050
2.200500
1.555322
1.792612
2.462039
2.098037
0.808341
1.464823
2.049970
0.325580
0.849298
0.747232
1.495062
-0.260048
1.044510
1.127541
1.555219
0.455101
0.931554
1.687025
1.118052
2.301084
2.171280
1.085502
0.473140
0.420952
-0.099201
1.200757
-0.490000
0.691643
-0.218685
2.237937
1.781338
0.744245
0.036149
0.438720
1.666910
-0.106839
-0.350260
1.596380
-0.532796
1.703480
0.677134
-0.068412
1.395861
0.813193
0.123024
-0.900864
0.037448
2.116312
0.327965
0.449957
-0.448490
1.795379
-0.375317
0.596844
1.735539
-0.508808
0.872229
0.000512
0.796411
0.250803
0.238549
3.047545
0.758732
1.892398
2.849245
0.526352
-0.815830
2.465922
1.673676
2.341056
1.212474
0.093883
2.937403
-0.929053
0.955529
-0.135333
-0.552615
-0.311930
1.860958
2.930102
1.492935
1.743541
1.331740
-0.779192
0.636498
3.046999
1.204256
1.743062
2.180806
2.382700
2.008193
1.973499
2.124018
-0.565702
2.916605
0.636027
1.041088
1.497528
1.923642
1.297474
-0.257720
3.273697
1.573064
1.931610
1.895009
-0.337112
0.499908
3.198874
1.740377
2.417082
1.300776
1.149832
1.250308
-1.038140
0.595100
3.520871
2.031415
-0.171584
1.855943
-0.803290
1.561841
0.828226
1.320853
1.235300
0.982333
0.375147
0.858344
2.411236
-0.048588
0.505319
1.156199
1.748151
-1.384561
2.581354
2.792462
2.022803
3.620943
0.177987
1.559472
0.986331
1.247394
-1.155539
1.068962
1.274581
1.359779
1.501684
1.865362
2.170567
0.989666
3.594201
2.091693
-0.066312
0.920751
0.929123
1.954292
-0.239557
0.432130
-0.681705
1.428854
3.054781
0.713123
-0.379765
3.314926
1.747877
0.226747
0.819967
2.276450
-0.007525
1.543837
-0.990146
0.417022
1.118129
0.838426
-0.930438
-0.420243
2.159348
0.640530
2.209518
1.140581
0.622573
2.389778
0.737497
1.367987
0.898273
0.973774
0.014652
2.879928
0.434496
1.252534
2.250505
1.409637
-0.390851
0.215105
-1.273136
-1.001566
1.390499
0.757621
0.697143
1.317206
0.825213
0.344854
-0.046575
-1.130986
-0.495511
2.130891
-0.711180
1.836187
1.259761
0.942358
1.748765
0.087580
1.472038
1.467189
0.815193
0.035125
1.578579
0.751843
-0.852478
1.148486
2.088708
0.590751
0.407037
-0.421463
1.466232
1.012920
0.761804
-0.172097
0.774123
0.216075
0.201296
-0.755566
1.928476
0.621291
0.563467
0.744456
-0.747789
0.095462
0.240941
0.095698
-0.022913
-0.321897
1.625393
1.884563
-0.176852
0.372083
0.274976
-0.838785
2.445683
2.207867
1.485864
1.121207
-0.404915
2.895639
1.613676
1.363653
2.332618
2.999673
0.415360
2.153212
1.932045
-0.532434
0.481183
1.961614
0.806004
0.738033
-0.031087
1.306491
1.268568
0.655369
2.053728
1.614886
-1.211231
2.387480
2.174649
0.174741
1.048650
0.219781
2.664550
-0.342499
1.063216
1.037766
-0.521891
1.691562
1.567114
0.730723
3.305790
2.605114
1.119237
2.049997
0.895681
-0.149860
1.759953
0.720801
0.902297
1.847166
-1.152639
2.204912
-0.139885
1.092509
0.581236
1.284295
0.087394
-0.258946
1.173752
0.144706
0.866787
0.348868
2.231282
0.391702
-0.331096
3.540742
0.729847
1.353645
3.317935
-0.575768
1.443804
2.096301
0.836029
0.464350
-1.219646
0.995304
2.046937
0.789054
0.640312
2.995181
1.873010
1.429734
-1.058539
-0.476237
2.484968
0.414207
0.964393
2.198723
2.071942
0.634672
2.129727
2.424370
1.178145
1.683796
1.091164
-0.080997
2.793275
0.971935
1.640938
0.705086
-0.006880
-0.330857
0.757466
2.167650
-0.828925
2.597526
-0.219123
1.301061
2.207505
2.879138
1.154565
1.941352
1.349812
1.064935
1.586539
0.794142
2.623657
0.425417
0.443720
2.669219
0.834315
1.813557
0.866745
1.638623
1.841414
1.251320
0.785321
0.774060
0.655233
0.684481
-0.268601
-0.631933
0.676166
1.966401
-0.206191
0.769233
0.682063
2.303337
-0.560243
2.026453
2.123111
1.760689
-0.211209
0.625223
0.778761
0.475388
0.485482
1.596260
-0.368792
2.507170
2.765070
1.298134
0.934179
1.101386
0.308956
1.257390
0.285074
1.359154
1.727800
0.213924
3.034021
1.793291
0.295004
0.252839
-0.697762
0.216307
-0.006436
0.449855
1.323765
1.334602
1.133118
1.938674
-0.104725
1.016157
-0.138561
0.818007
0.839888
0.814856
-0.132864
0.882011
1.735711
0.569318
1.124359
0.602221
1.752685
-0.301049
0.566822
1.882824
2.338677
-0.721201
0.068821
-0.130105
1.650914
0.233260
1.500199
0.521335
0.485888
0.862413
2.704958
2.960914
1.746488
-0.020083
1.957597
1.119812
-0.026844
2.743389
1.768040
1.881923
0.492331
-0.266695
1.213918
1.881805
1.581232
1.010008
-0.112197
-0.718030
3.092821
1.440834
1.523372
1.144416
0.304646
1.480547
-0.318031
0.798232
1.591971
-0.392609
1.276877
-2.112607
2.194970
1.127302
0.148704
-0.254579
1.096612
1.426353
1.587695
1.624155
0.264959
1.946804
0.231632
0.808108
1.492364
2.290135
0.719317
3.365255
0.976273
1.830893
0.453387
-0.700828
1.371961
-0.560405
0.811571
1.875170
1.541228
0.600461
1.361599
1.021483
0.540879
1.017495
1.635698
1.535177
1.102685
2.536725
1.487739
0.572980
1.172544
1.104974
-0.477249
4.316660
2.108314
-1.519864
-0.972802
0.879113
0.422972
0.823395
1.392919
1.113663
0.900950
1.383122
0.187339
0.884006
1.013892
1.281322
2.726937
2.459881
0.262908
0.326350
1.691933
1.369160
2.906786
0.544059
-0.538734
1.499133
0.560807
0.423398
-0.106314
0.130021
-0.858598
2.976682
1.284488
1.619990
1.684024
0.357807
-0.151580
-1.242537
1.349841
2.419674
2.361275
1.001418
1.352585
1.729720
2.938565
-0.181875
0.721699
0.614409
1.617087
2.489544
3.769383
1.408891
1.015615
0.873806
1.085968
1.066311
1.542221
2.565322
0.559055
2.216358
1.122926
