1000
0.711226
1.496825
2.358715
1.231155
0.301146
0.312630
1.706864
0.959969
2.114537
1.694705
-1.068921
0.791507
0.376055
2.435282
0.992694
-1.401530
0.929828
-0.410274
0.136686
1.286387
1.517759
-0.707807
1.002077
-0.167477
0.083215
-0.311902
1.060455
-0.175867
1.488382
1.340644
1.358109
0.726318
2.342054
-0.357038
0.606907
0.121520
1.744605
-0.056731
-0.132024
1.004556
2.244118
-1.092851
2.347651
-0.802690
1.531411
0.237831
2.124320
0.865409
0.631392
0.666363
0.283759
2.767341
1.897958
0.147133
0.556036
0.819092
-0.695218
0.217685
1.143180
1.918601
2.548686
0.932564
-0.792201
0.832148
2.132772
0.264240
1.168108
1.207380
-0.262429
1.383180
2.051989
0.410734
2.480781
0.314214
3.210584
0.955607
-0.110095
0.256824
2.225590
1.295154
0.829874
2.707237
0.987098
1.597782
0.448156
0.724515
1.250301
-0.415722
1.771720
2.851119
1.469071
1.277512
1.440147
0.946801
1.614627
1.285766
-0.200009
2.625070
2.499784
0.719184
1.590046
0.980174
-1.370318
2.025804
0.015191
-0.306639
1.882356
1.069834
1.268561
1.485187
-0.017414
1.080833
0.792400
0.044561
0.559866
0.870154
-0.699698
1.336336
0.874461
0.202598
-0.426010
0.165148
1.033267
0.654635
1.678970
0.653060
1.713018
1.867512
1.107518
0.523023
1.231810
1.277665
0.518550
1.940687
3.182212
2.084844
1.265950
2.007434
0.621405
2.268871
-0.221242
1.321227
0.819834
-0.279950
-1.425925
0.630625
-0.482147
0.736375
1.981316
1.923772
2.237003
2.279779
0.523695
1.856969
0.836466
0.994417
0.799755
0.957297
-0.372926
1.524391
1.845471
2.057641
0.096910
1.819114
2.898721
1.129326
2.548185
1.472167
2.549195
1.285251
0.784387
2.051644
1.463153
-0.285777
0.958007
1.254017
3.021014
0.226149
2.657203
2.372015
2.454595
0.141759
2.342335
0.968957
0.496467
0.857209
1.136804
0.208586
2.351803
-1.553413
-0.375355
1.592847
1.664464
1.079967
-0.100533
0.855008
-0.462321
0.330678
1.156359
0.502101
1.774762
-0.743632
2.834985
1.111799
2.774254
1.360389
0.981245
0.191237
2.200496
0.573333
1.170396
0.254999
1.344755
0.129785
0.256564
2.204739
0.986199
0.683941
0.467075
-0.622001
-0.041372
2.681721
0.362241
2.189556
0.897952
1.954076
0.895001
1.779821
0.360674
1.515192
0.497474
2.873362
0.480858
1.035383
1.204433
1.331225
1.277517
0.460882
2.518301
0.296597
1.392539
1.924454
1.766570
0.442703
0.255659
2.123657
-0.694551
1.856019
2.195429
0.628477
1.343024
1.828478
-0.165406
1.155948
2.065840
1.841839
0.029033
2.380810
1.670397
1.451924
-1.216744
1.442404
0.033969
2.687242
0.144524
0.297838
0.546300
-0.248026
0.041720
0.002570
0.460900
-0.006968
1.112847
-0.742331
0.617804
0.275076
2.569241
1.807012
0.564715
-0.090843
1.012124
0.797461
1.981374
0.894208
1.496991
0.929090
1.665556
-0.527167
0.402124
1.007456
1.969281
1.458560
0.572825
0.375501
0.359677
1.557511
0.564327
1.383317
1.886993
-0.457263
0.895439
1.587774
0.825045
1.999552
1.186265
1.694672
2.429981
2.580521
1.296109
0.272380
1.397361
0.292274
0.299072
0.515388
1.612708
2.101253
1.103298
2.917404
1.502563
0.082090
1.560486
-0.212562
0.579573
2.129245
0.901676
0.057050
-1.503590
2.158379
-0.513593
0.730701
2.882124
1.777357
0.356591
0.570313
3.658965
-0.072144
0.132657
1.974454
2.838111
0.113392
1.741246
0.544345
2.607655
1.414160
2.158359
0.762502
0.747076
2.250591
1.418388
-0.254817
0.040345
3.349028
0.100963
-0.108300
0.394696
2.627488
1.509503
0.732464
1.135115
-0.702447
-0.907980
0.199807
1.211151
0.174473
0.696132
1.703880
1.180575
2.699679
1.436144
1.004498
1.821620
2.153393
1.970529
0.089967
-0.408534
0.076377
1.859328
2.143568
1.108474
0.751313
-0.059768
1.833126
0.564430
-1.006148
1.385058
-0.171532
0.938124
-1.082380
0.101721
0.451436
0.952607
1.095989
1.803590
1.204122
-0.716489
1.155799
0.896549
0.650500
0.339162
2.067193
1.479705
-0.756809
0.472642
0.061364
2.922793
1.579673
2.042117
-1.111367
0.126183
1.581398
-0.217609
1.602557
0.329141
2.102475
1.690799
-0.955389
1.061192
0.888337
1.395215
2.045344
0.693945
-0.175159
1.422125
0.845040
3.195330
0.989813
2.030726
1.704498
1.625380
0.893319
0.385929
2.125762
1.858894
1.204511
1.199130
1.902434
1.707858
1.032438
0.695108
0.704502
-0.031894
2.170904
1.243160
-0.606853
1.555679
0.656469
0.782819
1.027026
1.494476
1.125462
1.919891
2.076049
2.092033
1.629142
2.443353
3.026251
-0.380114
-0.383705
1.349275
2.129579
2.400505
2.684845
1.741758
2.222342
-0.310363
1.347024
2.331373
1.301385
2.830162
0.795791
1.266074
0.515093
1.825164
0.391798
0.242278
0.599583
2.247723
1.687301
1.414795
1.085867
-1.176146
0.054347
2.074610
0.166560
0.237705
1.893874
1.388901
-1.090758
1.460702
2.058315
0.962722
1.630987
0.707748
2.581318
2.426749
2.149831
1.269589
1.423453
2.248835
1.221445
2.090364
-0.132785
0.065155
0.023388
1.149706
-0.996038
1.010006
1.949578
0.635013
0.472922
-0.622716
0.796817
-0.384922
-0.232858
1.488397
1.536116
1.680522
0.297914
1.433025
2.294844
2.371708
1.116007
0.300047
2.274044
0.473926
1.658282
1.023082
1.523270
1.454987
0.855706
-0.640506
0.024565
1.772199
0.508972
0.657763
1.281168
2.204730
2.335328
0.607920
-0.463469
-0.434199
2.930810
1.117794
1.095390
0.712758
2.770519
-0.482894
1.542613
-0.337376
1.653444
0.568927
0.151184
0.535903
2.325686
0.584701
0.495110
-0.465794
1.822876
1.352032
0.195375
2.855183
0.063409
0.275769
0.241546
2.853829
-0.497483
3.074930
0.577362
-0.239478
-0.221833
1.198675
1.820780
-0.616226
1.692663
1.633178
1.060603
-1.857601
1.150718
0.723614
-0.461610
1.572746
3.419515
1.598853
-0.226291
0.119013
1.179142
1.202829
1.850386
2.030907
1.668898
1.303306
1.439885
1.494473
-0.455257
2.501714
-0.161997
-0.004078
0.552666
0.516933
0.689191
1.682341
0.965032
0.855031
2.324178
1.067775
-0.841906
1.155859
0.701462
-0.800906
1.641260
1.127533
1.113273
-0.116961
1.699484
2.394799
1.095923
0.671802
0.403972
-0.618823
-0.575713
1.678118
0.562654
1.931272
0.754896
1.976444
0.442517
-0.437586
-0.307290
-0.838057
0.894823
1.364076
0.659667
2.032677
0.850193
0.327875
1.081228
-0.837420
2.399656
-0.313075
-0.082810
2.841550
0.670641
0.450127
-0.002540
2.018580
2.833855
2.233591
-0.166828
1.930494
0.961836
0.523511
0.252470
2.037032
-0.807721
-0.758511
1.589165
1.935851
0.187647
1.231873
1.236908
0.623737
1.342970
-0.027010
1.228382
-0.543032
0.276631
1.357537
1.376895
0.712896
0.690930
1.407631
0.949760
1.179556
0.969505
-0.301100
0.442670
-0.903193
0.013802
2.403396
1.747895
1.330230
0.834439
1.544272
0.597785
0.565555
0.441882
0.779497
2.248961
1.616917
0.782990
0.111139
0.057083
2.316284
1.095256
1.124953
0.441173
1.253964
2.329569
2.010535
-0.012493
0.487294
1.610575
1.316245
0.772316
0.431286
0.243991
2.036056
0.365849
0.123986
-0.509074
2.028153
1.510480
1.636622
0.522526
3.034584
1.823609
0.945215
0.359810
0.081088
1.157285
1.141454
0.732318
1.355615
-0.573421
1.502941
0.873455
1.232506
-0.837884
0.056145
0.638389
-0.260128
0.827906
-1.132980
0.195388
-0.820241
0.934532
1.099318
1.714218
0.178080
0.714779
0.995654
0.304620
2.845136
0.499560
-0.917021
1.740864
1.766039
-0.820316
1.205379
0.920588
-0.180213
0.086135
3.807009
0.499252
1.626171
1.242784
3.222371
0.869272
1.522881
-0.199100
-0.053155
0.928928
1.680012
1.246135
-0.711933
-0.387661
1.800136
-0.046492
-0.245407
0.968912
2.638967
1.834689
1.184786
0.554532
0.666209
1.524456
-0.046861
0.057779
2.440900
0.779681
-0.500296
1.570802
1.487480
-0.115232
0.330353
0.542119
0.483216
0.733887
-0.654432
1.255601
2.242345
1.640171
0.381518
1.641902
3.185771
-0.527803
1.138053
1.220454
1.951102
0.663800
0.916345
-0.730566
0.424165
-0.235534
1.749795
1.691066
0.254231
0.188525
-0.482153
0.370605
0.528088
-0.218349
2.026164
1.640380
0.705834
-0.413031
-0.840603
0.234365
1.349097
0.166498
1.925901
1.308820
1.678996
1.216600
0.384922
1.714213
0.793205
1.183123
1.308999
0.472414
2.658480
-0.024886
1.942605
1.080097
1.792977
0.625779
0.366291
-1.404921
0.510968
-0.565693
2.389314
0.908521
1.968717
1.407664
0.284783
2.155968
1.068737
-0.072754
0.308000
1.503661
1.831150
0.963983
0.914690
0.451786
-0.816380
0.987648
2.552694
2.807119
-0.808588
0.645916
0.044254
1.880791
2.784795
-0.298861
1.309279
0.269976
2.437773
0.937842
2.620217
0.642984
0.621334
0.857198
0.511856
0.777117
4.097353
1.953315
0.492586
1.350354
0.870565
0.495327
1.600862
1.814420
-0.510095
0.221467
-0.217495
0.623024
2.281795
-1.020691
-0.490321
0.591817
1.056511
1.422774
0.436107
1.867432
0.038155
1.213614
-0.451052
-0.037117
1.323626
1.017515
0.827777
0.664097
2.041225
1.261401
1.710394
-0.662581
0.303891
-0.027422
1.671138
-0.388084
0.854712
2.364105
0.684674
1.316329
0.279415
0.925955
1.315478
2.416959
0.231164
0.051305
1.735702
2.015117
1.135267
3.371757
2.197886
1.617768
2.345952
0.204894
0.994414
2.647471
0.539739
0.807034
0.462673
0.634225
1.402630
0.716639
1.183665
1.293653
2.993327
0.410726
1.287494
1.255103
2.088646
1.281356
1.641870
2.127975
0.595438
1.094685
1.138762
0.557659
1.402200
0.121827
-0.325582
0.880329
1.191272
1.296526
1.546269
1.351962
1.473729
1.057951
1.391821
0.249952
2.612554
-0.110363
0.759469
2.815591
1.404796
1.813813
1.909226
1.615448
-1.079019
1.154493
2.274014
-0.230690
0.564052
2.076800
1.983432
0.274872
1.804605
2.380694
0.486143
0.286061
3.382506
0.743842
-1.040868
0.720832
1.291779
2.085839
1.476660
1.049708
1.371493
1.219841
1.464428
2.298713
-2.259867
0.006785
0.481441
-0.436009
1.964486
1.973880
