1000
-0.052687
0.200134
2.124421
1.893266
0.602422
0.655164
-0.205990
0.461728
-1.266583
-0.192418
1.430453
2.287855
0.645629
3.427654
1.294137
1.902925
2.754548
1.422255
0.293341
3.865089
1.267271
0.453725
-0.715733
1.387327
3.299822
0.199828
1.323674
2.196236
1.895923
-0.287750
0.369480
0.326446
0.564067
1.170084
3.331966
1.223648
1.640787
0.371343
0.008864
0.248094
1.424424
-0.090905
0.077110
0.078651
0.207663
2.351756
0.060830
3.238637
2.326842
2.185884
1.285569
0.323749
0.437394
0.523297
1.050478
-0.125165
0.239153
2.169932
0.406332
1.032759
0.159278
-0.164506
1.142244
2.052322
1.402147
2.161716
0.738649
1.594665
-0.188721
2.417621
0.075806
2.596359
0.653798
2.575355
1.393774
0.244400
1.948344
1.280984
-0.029666
2.231055
0.859634
-0.083272
-0.074879
2.511690
0.088369
-0.916169
3.395986
0.074725
1.037789
1.442770
2.031315
-0.394192
2.509187
1.010582
2.126157
0.813799
0.255410
0.794004
1.286310
-0.975957
2.938308
1.434134
1.568571
1.210098
0.214998
0.681365
1.591474
2.271770
-0.436610
1.043892
-0.751323
1.192672
2.516611
1.356417
2.785166
1.521504
0.237221
-0.199803
-0.734450
1.656839
1.828759
1.751685
0.966334
1.367281
3.011725
0.181150
0.094996
2.337159
1.258560
0.328512
0.764951
1.477850
1.476096
1.465849
0.181858
0.078518
0.521349
1.680351
2.036406
3.390115
1.344205
1.474289
-1.003359
0.413936
2.123390
2.987824
0.973070
-0.359714
0.164372
-0.648147
1.159296
-0.562035
1.704526
-1.108237
0.681984
-0.203510
1.176066
1.548089
-1.579301
-1.462752
1.501967
2.011394
-0.184185
0.447785
1.413285
1.291904
-0.576043
0.886702
1.408605
1.161042
0.424748
1.110744
1.307400
0.543947
1.021818
0.367578
-0.084417
1.067330
0.063087
2.201322
1.708940
0.245182
0.215940
1.559240
2.015189
2.161788
-0.990725
-0.245055
1.566721
1.459566
0.781239
0.679511
0.987214
-0.595065
-0.309347
0.183649
3.288295
1.050198
0.800436
1.710227
1.760532
1.451500
0.848683
0.098541
-0.350604
0.456284
-0.503161
-0.417174
1.545764
1.842178
-0.006660
1.030184
1.217157
0.953534
3.365496
1.689551
0.021537
0.899375
0.637182
-0.118367
-0.130709
0.939621
-0.967157
2.520650
-0.045157
2.271081
1.093380
1.725282
1.921754
2.119705
0.601532
0.538325
0.852649
1.602150
-0.301025
1.534495
1.592871
1.718888
1.492404
1.774973
0.491021
2.294130
1.682614
2.211952
1.147971
1.800200
0.419935
2.751142
0.265166
1.759118
1.451334
-0.723944
0.527624
-0.246130
0.355991
0.200680
0.055586
2.020941
1.364902
0.629945
1.255582
0.162935
-1.973806
1.622578
1.524537
-0.296031
-0.307673
-0.332552
2.739865
0.830517
0.170721
2.631811
-0.809610
0.750208
-1.135432
0.077558
1.713666
1.286683
0.567476
-0.020581
1.777444
0.546205
1.934903
2.395392
1.205249
1.178581
-0.423836
0.129052
1.038022
1.393893
2.403185
1.345378
0.623095
0.533274
0.339351
0.789514
0.655458
1.610426
-0.939208
1.538718
-0.069629
1.190815
0.292828
0.730006
1.134355
-0.144117
2.090808
1.680070
-1.420018
0.125391
2.676039
1.501452
1.817664
1.549106
1.408845
0.254598
1.098904
2.099433
2.293936
3.999310
0.687204
1.737599
2.870843
1.516722
2.278571
0.450259
2.300866
2.147128
1.029502
-0.330869
0.974648
0.393999
0.925346
2.283491
0.299058
-0.506518
0.965954
0.732270
1.195936
2.572565
0.792728
-0.148540
2.040426
-0.762484
0.508100
0.076887
0.738538
2.051098
-0.016917
2.312606
0.909812
1.572704
1.647215
0.000214
1.564893
1.820005
-0.285556
1.192947
-1.256606
1.130418
1.982456
0.180258
1.350337
1.468016
-0.766432
1.965381
0.480374
1.385917
1.516838
1.283185
1.074583
2.235455
3.725430
1.705273
0.927642
2.548849
1.368171
0.245299
1.685144
1.580510
0.157724
3.137742
2.033849
1.306846
-0.416598
0.442646
-0.204057
0.952340
1.565617
-0.101982
2.006179
1.515676
0.160115
-0.345397
0.034710
0.295142
1.807106
0.542716
1.266246
1.231732
1.117392
0.650245
-0.452549
2.938972
1.937418
0.169989
0.272844
0.589264
-0.133514
1.313734
0.372337
-0.472423
1.969025
1.525568
-0.235562
1.389087
1.329991
1.681186
-1.242182
1.491168
0.036691
0.789004
1.356602
1.746597
1.403045
2.190651
1.030234
-0.668348
0.097564
1.827572
3.028890
-1.386633
-0.577242
2.659642
0.480391
-0.166489
-0.889422
-0.081764
2.157221
0.086565
1.970098
-0.436886
-0.317511
2.291234
0.737913
0.464601
0.562355
1.643656
1.452156
3.770437
2.045123
1.586729
-0.138242
-0.290021
-0.379299
2.068850
0.083368
0.324467
-0.319705
0.561911
-0.715735
-0.549760
0.251156
1.649316
-0.280821
0.710996
1.058966
0.709392
0.246776
0.826536
1.756856
2.455633
0.050162
1.196102
2.004208
-0.446207
-0.188055
2.992798
0.530595
0.489886
-0.551208
2.291304
0.631179
2.075654
0.617327
0.349324
1.787837
3.221533
0.394233
1.381221
1.097360
1.668828
1.493799
1.889251
0.483557
0.109276
0.274920
-0.291119
1.180895
0.423947
2.376378
1.163689
0.724605
1.117480
1.247862
1.359798
-0.331090
2.111944
1.341491
1.105964
1.514463
2.140931
1.628958
-0.455998
2.523784
0.787509
1.135804
2.817403
1.631100
-0.289297
-0.077223
2.218094
-0.295375
0.583550
2.075050
2.154828
-0.733296
0.096695
2.800827
1.733028
0.339568
-0.619418
3.221695
0.118058
-0.790942
0.020777
0.851282
1.193481
0.703356
-0.779403
0.126555
2.529530
2.027891
0.811790
1.710036
1.070316
1.080834
0.659968
2.348677
1.521254
1.761409
0.741122
1.631327
-0.015852
1.213089
-0.760162
0.629057
1.283425
0.873335
0.633929
1.300660
0.793382
2.486912
-0.055700
0.968226
1.421166
0.977065
2.615887
0.306704
1.783844
0.553355
0.705871
2.914856
-0.143963
0.046621
1.690837
1.209193
-0.934230
1.912389
-0.000783
0.725329
1.392660
1.727637
1.889168
1.546897
0.759324
0.643299
1.311540
0.362583
-0.091622
2.033956
0.652576
1.160604
1.460527
0.290810
0.443388
1.159526
0.603272
0.699706
0.850899
0.805091
2.261483
0.285142
2.171740
1.109685
1.157394
0.266322
1.210459
1.607490
2.568111
2.154032
3.373763
1.427126
1.015268
0.441490
-0.216174
2.831206
1.700542
0.791862
1.243569
1.002409
1.306630
-0.172190
1.535562
-2.442886
0.258997
0.883850
1.927510
2.186767
0.948204
0.379184
2.323714
0.719122
0.944175
0.270136
-0.237275
1.049718
1.992486
1.118351
1.233840
2.218905
2.940383
2.435226
2.307586
0.723846
0.000870
1.378466
-0.622803
-0.155546
-1.244563
0.163873
1.118380
1.620474
1.093338
0.333246
0.108919
0.654371
0.173791
-0.339946
0.229107
1.398951
-0.795533
1.515549
0.660428
0.515758
1.498870
-0.456389
2.394042
1.188868
2.672819
2.499794
0.641711
0.259637
-0.321776
0.269393
1.422667
1.026100
1.792013
2.028154
0.173349
2.769745
2.516165
0.481313
-0.052052
-0.377951
0.156777
0.033611
0.974562
2.663608
0.393554
1.060444
-1.510259
-0.519137
1.461599
1.931296
2.251021
2.620219
2.191683
0.829790
0.441589
2.487293
-0.330125
1.430097
1.285170
0.681976
1.174778
1.250190
1.470308
0.314666
-0.403967
1.987908
0.580600
2.097962
1.222740
0.198196
1.929833
2.399895
0.059967
1.114700
0.472570
1.393924
1.795106
1.025024
1.007208
0.513253
0.272083
2.505782
0.446188
0.204535
1.342033
0.891302
1.648511
2.165243
0.841898
0.012345
1.140149
1.532823
1.813007
1.984797
1.466651
1.172178
1.540391
1.828857
-0.345524
0.330676
-0.530089
0.512482
0.864173
2.796511
3.016750
1.585696
-0.122725
1.207664
-0.786910
0.936852
0.796512
1.699197
0.104486
0.676504
2.707278
2.104207
1.067070
0.510016
1.838890
0.841702
1.172139
4.407984
3.405023
-0.105547
2.508017
1.234941
1.759564
-0.021564
-0.093037
1.294579
1.483509
2.544884
1.417524
2.239580
1.423817
1.204283
-0.275274
0.605248
2.076192
0.066980
0.990186
2.499590
2.032221
0.137770
-1.073294
1.222985
2.515310
1.524210
0.127592
-0.118251
-0.211870
1.387964
0.445153
0.684990
0.626174
0.176164
1.025057
2.527985
-0.868956
1.481418
-0.199530
0.378348
1.112797
0.884523
0.364571
1.351636
0.086202
0.520357
0.526499
2.041882
1.060148
-1.651772
0.348935
0.947791
-2.309773
2.067239
1.767894
0.917843
-0.378834
1.723465
0.603376
0.633467
0.701285
-0.027818
-1.436160
1.699616
0.704803
-0.483213
0.045159
2.896188
1.184670
1.223247
0.485184
0.304474
0.392611
0.835102
2.202809
2.197149
-0.086041
0.936702
1.651340
2.980687
2.513546
0.537959
0.553043
0.304390
2.001337
1.468139
-0.415929
1.659194
0.775849
1.218131
1.637436
0.686214
0.662297
2.937695
1.363063
0.983872
-0.518360
-0.721687
0.018629
-1.596073
0.757600
1.025352
-0.233016
-0.256508
2.332197
-0.123011
0.506147
0.535960
0.470485
-0.339761
0.788509
0.614145
0.568773
2.304926
-0.879552
-0.464730
0.097625
0.135773
1.944370
1.397551
-0.010548
0.082797
0.255367
0.336632
1.710999
1.146072
0.303266
0.865866
0.344880
0.822511
1.690066
1.793019
0.106832
1.860557
1.161770
1.823210
0.586730
1.803672
1.983036
1.296870
1.789684
0.639509
2.324315
0.307017
1.820321
2.157191
0.066823
0.985708
-1.089968
0.436922
0.528878
0.461996
0.458648
2.715293
1.030721
1.360319
1.494202
2.890165
0.438807
0.021569
1.976625
-1.147013
-0.049097
0.213975
0.491537
0.677508
2.980571
2.416911
-0.693297
2.152785
0.682683
1.431874
1.925937
0.376803
-0.638091
1.313405
-0.039426
-0.301916
1.683573
3.103512
-0.110836
1.617126
-0.013471
1.054558
2.542831
1.191463
1.104287
-1.233282
1.272914
2.157403
0.384180
-1.472410
-0.004066
2.013096
2.211716
1.782769
2.504583
0.454018
0.984901
1.718841
1.079538
0.358494
0.259835
-0.164534
1.638207
1.356923
1.365422
2.677664
2.390186
0.483546
0.012527
1.747888
1.809034
-0.318857
2.300694
1.121498
2.990490
1.205123
3.274933
0.587272
1.501472
0.482864
0.212393
0.886158
0.744461
1.358174
0.812091
1.768568
1.013530
2.077736
0.486087
1.305296
1.673688
