1000
-0.148007
1.925249
-0.467745
0.941969
2.596415
2.719263
1.487786
0.255692
1.990008
-1.322285
-0.243582
-0.064617
1.297677
1.229123
0.020861
1.907191
-0.070852
4.029451
0.649119
1.934323
2.539264
-0.343362
-0.441319
1.159475
0.789896
1.023939
-0.256051
0.805879
1.309259
1.077290
1.359881
1.060577
1.295420
0.907545
0.813609
0.928510
2.482245
1.123880
0.910520
1.800475
0.634896
-0.137376
2.659687
0.362204
1.954883
2.050590
0.721682
2.273391
0.948963
0.795052
1.304187
3.765824
0.140431
0.161767
1.888961
-1.161264
0.386737
2.095100
-1.434274
1.731378
1.112787
0.360574
1.218636
1.494785
1.362149
2.890276
0.405820
2.273626
0.038553
1.335487
0.676323
0.208928
1.060729
-0.404212
0.523944
-1.429804
2.161263
1.480030
-0.708398
-0.062876
-0.170466
1.513618
0.249721
0.709758
2.231834
1.033102
0.908301
2.236864
-0.519529
1.011081
0.254236
1.577679
1.280292
0.815764
0.391644
-0.196211
0.752005
0.188209
1.944156
0.387092
-0.489199
-0.334827
1.294279
1.684646
2.576645
0.329685
0.261268
0.562566
3.790053
0.662843
0.825785
1.942305
0.781791
1.019407
0.904337
0.627348
2.378296
2.309144
2.313282
1.524209
-0.496874
0.470856
-0.229636
1.450492
0.656600
0.028996
0.828653
0.300298
-0.374298
-0.390960
1.005373
2.361325
1.478838
0.730081
1.063709
1.861551
1.890325
1.322762
1.829613
0.734476
0.181736
1.509325
-0.098696
2.185629
2.289427
0.583087
0.385316
1.498980
0.846202
2.371390
-0.224712
1.484489
0.312835
0.208213
2.367887
1.056467
0.837415
0.450111
0.693644
-0.555328
1.134479
0.700440
-0.501318
0.469112
2.526187
-0.369519
2.788276
-1.116091
0.097230
1.594371
0.999847
0.868356
0.635271
0.321908
0.022073
2.359129
1.068097
1.834752
2.604475
0.001354
2.491083
2.102331
0.756315
0.362306
0.233422
1.085702
2.144250
2.059845
1.763075
-1.102583
1.879267
1.114601
0.368428
1.062393
0.565042
0.800414
0.835772
-0.891658
1.452569
1.328971
0.025524
0.792690
0.769614
2.467924
1.189776
0.639806
1.376999
2.222700
2.122066
1.173591
0.334113
1.305074
1.628274
1.147395
0.117832
-0.854519
3.936917
-0.436896
-0.632784
0.840468
1.808474
0.692467
0.943489
-0.098181
1.163600
2.410513
1.310860
1.175580
0.327616
0.743650
1.308436
0.861852
-0.407938
0.729941
-0.652116
1.540960
1.063531
1.982255
-0.284553
0.942541
1.127510
0.093271
0.009653
1.344113
1.839607
1.800875
1.218817
-0.541265
1.600336
0.771473
1.501588
-0.575982
1.724172
1.264630
1.438573
1.133834
1.512621
-0.204096
1.200932
0.736752
2.536050
0.118696
1.389536
0.409135
1.314641
1.127534
1.245721
0.878662
1.365762
0.826568
1.072364
2.000828
0.741102
0.230271
0.924093
2.116360
2.147108
1.925779
0.188893
1.583255
0.497303
-0.041796
1.538693
1.219066
2.746883
-0.196530
1.123887
-0.400252
3.593278
0.915884
1.225892
0.189308
0.973238
1.103388
-0.106913
2.293687
0.410559
1.086679
0.639353
0.652078
0.488332
0.871256
1.267974
0.573726
1.645104
2.357838
-0.335061
-0.795088
1.080822
1.875635
2.582053
1.943092
0.327449
1.196463
-0.512406
1.401156
2.227876
1.272263
1.283914
1.586938
1.428367
0.832663
0.972608
1.800886
0.384095
0.805096
1.035784
1.857952
0.500174
1.928047
1.484799
0.564946
1.741470
1.292046
2.033842
0.948021
1.542860
0.800870
2.141044
0.711050
1.812006
-0.164128
1.309251
0.393150
1.782205
0.091983
-1.037904
0.363741
1.797932
1.238485
1.787983
-0.505877
-0.013302
-0.537478
0.766354
0.617496
1.624191
1.321967
0.876239
1.818206
2.901154
1.066679
-1.277174
0.954072
1.061196
1.394108
0.837807
-1.282960
1.275402
1.533224
-0.828734
2.342711
1.094518
1.769572
0.024911
0.207563
2.740970
1.790332
2.093225
-0.031803
-0.397126
0.995109
1.662924
0.898287
0.537540
0.961918
1.652481
1.888767
0.422100
0.131992
0.547932
1.938852
2.271271
0.241156
1.277778
1.726441
2.076712
0.920350
0.816207
-0.235033
2.133613
1.174115
0.889441
0.788446
1.527778
0.165409
0.642023
1.142208
1.053379
1.132840
1.502739
-0.246195
-0.319003
1.294577
0.674665
1.140095
0.988669
1.977412
-0.344154
1.760818
1.008890
1.092838
0.662864
2.250014
2.101467
0.981342
0.471866
1.447173
0.975209
0.863955
1.063922
-0.049394
1.519692
0.668590
1.087157
2.583853
0.821372
-0.424419
0.146415
1.463375
2.173462
1.635258
1.705651
1.321721
1.521785
0.526325
0.493942
3.485253
1.251147
-0.670838
-0.170218
1.428743
-0.078051
-0.630528
1.150901
0.659049
1.245242
0.951359
1.100128
0.955711
2.987385
-0.629460
2.338792
0.851389
-0.488539
2.102396
0.260120
0.096095
0.085216
-0.749348
1.725471
2.406860
1.401426
0.672384
0.291697
1.940176
0.208715
0.541413
0.404064
2.449091
-0.604629
0.578257
1.615864
0.082318
1.772603
2.553911
1.358662
2.036257
0.212353
1.201239
0.680173
1.347601
-0.436756
3.283337
0.738855
0.751084
0.837570
-0.156359
1.075164
1.011419
-0.120862
1.078346
2.361864
0.576475
2.067813
1.491629
1.899847
0.765281
0.906915
2.830862
1.099403
1.484847
1.300446
2.923580
0.690319
-1.352987
1.523122
0.189825
-0.920262
1.677572
1.693459
0.595401
1.668771
2.119226
1.968829
0.378094
-1.457379
-0.501815
1.619814
0.936589
0.229193
0.785460
2.313566
2.777253
2.801944
0.401966
0.693023
0.781413
0.872718
-0.481132
1.289011
2.389794
-0.088835
0.640576
1.061908
2.814766
-0.739379
-0.003765
0.483657
0.769993
1.301067
1.232374
-0.273313
2.553685
1.136270
0.824369
-0.492308
0.453926
1.476435
0.323595
-0.109709
1.505069
1.083402
0.228865
-1.086189
0.563288
0.312268
0.698879
2.868011
0.018489
-0.509085
0.503519
0.435262
0.641175
-0.444711
0.593946
0.647049
0.704191
2.134848
0.317440
3.144890
0.778857
0.153381
1.690302
0.752765
1.578211
0.934922
0.821630
2.123287
1.894030
0.242214
-1.637866
1.208340
0.550580
1.870691
1.208457
0.321515
0.889463
1.483402
0.785358
1.485329
0.536499
0.474858
0.862431
0.672018
2.602323
-0.066878
1.476689
-0.807363
1.276164
1.420944
-0.428944
-0.678461
1.075334
0.428723
2.710334
2.331142
1.451031
-0.458588
1.295256
-1.611886
-0.748592
1.501848
1.445988
2.209981
1.832407
0.090022
2.546713
0.670129
1.259977
1.670308
1.377719
1.882948
0.146132
1.361816
0.871733
0.345126
0.712779
0.303436
1.169910
1.639823
0.225469
0.795285
1.731137
0.675594
1.939050
-0.693233
1.059560
1.353853
1.610757
1.412877
1.254379
1.902765
1.605526
3.057503
0.676661
0.060809
0.624887
1.132192
0.787999
1.178254
1.568860
-0.041844
1.430797
2.784391
2.480226
1.420256
2.499410
1.345398
0.822501
1.117142
-0.484188
0.515708
-0.070446
-0.192768
1.096051
0.458772
2.097938
0.929866
2.139352
-0.116425
0.404151
-0.068094
1.628799
2.302429
-1.135712
1.986671
0.828425
-0.131017
-0.341699
2.671633
2.114195
-1.058314
1.332262
1.490812
-0.757940
-0.219931
1.141176
1.144580
1.051994
1.159452
0.993916
-0.451871
0.791150
0.585951
0.222452
0.496837
-0.399686
-0.358459
1.123866
2.422899
-1.425778
0.691963
2.327153
1.409383
0.946896
1.287251
-1.728153
2.289917
0.591116
1.708829
0.038871
1.149115
0.606959
-0.511021
0.847855
-1.464663
3.100646
0.310534
1.807045
0.995705
0.550690
0.180083
-0.191819
0.347215
3.061305
1.415952
0.680219
0.197358
-0.348988
0.624473
2.533297
2.542724
1.025816
1.932503
3.321303
0.025017
1.926885
-1.208998
1.791722
0.403664
0.805410
0.194026
0.238873
-0.763260
0.484892
1.684000
1.908370
0.041297
0.962357
1.361010
1.156431
1.336239
-0.003586
2.875077
0.096672
-1.056982
2.147815
2.203529
-0.492926
1.372247
0.639086
-0.727564
1.971937
0.564583
-0.940913
2.358168
3.253607
1.791318
2.099310
2.903645
1.962959
2.043625
0.551170
-1.556799
0.642181
2.190072
1.268699
-0.800497
1.680268
1.214771
1.122823
0.765290
1.504772
1.777333
0.885913
0.421836
0.860385
1.371473
-0.433003
0.687506
1.855110
0.885026
0.773868
0.673812
1.046612
0.128606
-0.125707
0.471435
-0.630383
1.970538
0.949970
0.266783
-0.774472
-0.078518
1.065679
1.447842
1.307452
2.196828
1.540285
2.315655
0.966550
0.664208
0.101844
-0.394879
-0.314152
2.828930
1.320813
0.645063
1.322230
0.828927
-0.410145
0.437089
0.025322
2.563877
-0.891100
1.260323
2.264649
-0.577804
-0.363236
1.067120
0.929234
1.966029
0.894327
1.580801
0.623632
1.591223
-1.105153
0.428114
0.456724
0.647242
0.499454
0.662146
-0.139635
-0.356753
0.401769
-1.461615
1.227305
0.731808
0.726618
2.204937
2.961803
0.705712
0.334818
2.081655
2.506751
1.434268
-0.677532
0.369314
2.677780
1.152157
1.881465
1.269171
0.556576
0.501414
-0.149256
0.309384
0.962371
1.316463
0.018160
0.188549
1.518295
0.937190
0.763508
0.820785
-1.772748
-0.153012
-0.080055
0.506070
0.794624
0.688994
1.208106
1.223515
0.758011
-0.535988
2.356825
-0.133175
-0.811365
0.784086
0.964602
1.497938
-0.062682
0.443927
1.508355
0.977319
1.463277
2.845773
1.616383
-1.102232
-0.104515
1.770627
-0.166466
1.619327
0.362344
0.668210
2.995959
1.105021
1.240579
-1.154642
1.725459
-0.028309
1.551011
-1.206825
1.643361
1.024918
0.434230
0.330137
1.156387
2.070948
1.769092
1.769217
1.334402
0.475280
0.564676
0.434077
1.377252
1.895264
-1.053187
1.460308
1.109729
-0.297629
0.192768
1.389331
0.836707
2.096357
1.802217
0.578891
2.018325
1.620776
1.289089
1.624380
2.038268
-0.530507
0.375311
-0.753907
0.657062
2.809136
0.169019
-0.063459
-0.041152
1.544899
1.241715
-1.078910
1.005529
1.037971
2.326262
1.796899
2.513729
0.320218
0.826765
-0.227241
3.581838
1.048946
0.892508
1.195741
1.621463
1.846543
-1.649508
2.602889
0.637259
1.958683
0.169219
1.266211
-0.000177
-0.470389
-0.360605
2.314841
2.520093
1.155615
-0.211900
-0.015486
1.651024
-0.104097
0.676651
1.943160
0.243526
0.549363
-1.408482
3.425364
2.994625
