1000
-0.122425
0.874185
-0.600772
0.983304
0.657959
0.461380
2.680531
1.432018
1.135718
2.863404
0.051180
0.388697
-0.499541
2.301507
3.756911
0.513058
0.730219
1.284839
1.728740
1.742689
0.242190
0.917656
1.613808
2.882471
3.044538
-1.147092
-0.540763
1.616454
0.797021
1.423134
2.131863
1.331558
-0.645605
2.180126
0.796446
2.041275
0.695076
0.281557
2.356545
1.620022
1.278723
0.563957
2.240898
2.024311
0.189941
0.829019
0.095931
-1.172088
0.036516
0.150457
2.042276
3.310608
1.844758
1.587204
1.680269
1.905660
0.955159
2.166701
1.901972
1.246268
1.244237
-0.253669
0.538799
-0.253720
0.769685
2.070592
0.757732
0.597945
1.360515
0.560067
0.793436
1.331737
-0.972711
1.612455
3.138611
0.007945
2.760378
0.612667
0.052316
1.250488
1.383817
0.170297
-0.477178
0.367672
1.065991
2.018508
0.846460
1.983693
3.499337
1.015446
1.820214
2.452914
-0.211400
-0.332265
0.758867
0.388868
1.655001
0.316735
0.388993
1.037324
0.641158
1.208826
1.968049
0.356741
1.456916
2.830091
1.797872
0.209499
1.485905
1.317621
1.182563
1.523793
1.258505
0.742265
-1.261435
2.777795
1.183712
1.321579
2.638415
1.879044
-0.359201
2.474151
1.014921
0.891821
0.527212
1.603524
0.150194
0.808248
0.503461
2.084810
-0.332990
0.997473
1.666042
1.149337
1.854983
0.250698
0.788594
1.461499
2.184524
1.159689
2.021129
-1.267795
0.802582
0.603942
0.885183
1.575727
1.153796
0.241941
0.442961
1.457366
0.541881
1.551755
0.855498
2.299961
1.686777
1.705104
2.434748
-0.031997
1.458985
-0.317255
0.228337
1.213526
2.540927
0.689615
1.491085
2.418175
1.716830
1.671163
1.951096
0.643883
2.779715
-0.036999
-1.212328
1.119701
1.670005
0.750899
2.119499
0.065786
2.170314
1.418321
0.751074
1.347039
1.817445
1.078326
2.288890
-0.063598
1.691438
-0.368319
-0.491100
1.760648
1.388119
0.660161
-0.196389
2.315444
0.036415
1.453463
1.051647
1.557970
0.130544
-0.351527
0.651272
0.958245
-0.718234
-1.478788
0.797271
1.338325
0.552248
0.999545
1.042595
1.102809
0.477447
-0.206624
0.643208
-0.187565
1.143098
1.766261
1.211269
2.535241
1.830130
2.004310
-1.433714
0.980838
2.765670
1.568339
0.056349
1.701785
-0.227517
0.598425
2.230208
1.967303
0.075617
-0.412141
0.370803
1.041471
1.474221
-0.975201
0.160060
-0.672056
0.643410
-0.408571
0.571559
1.405397
0.733787
0.075142
0.774664
1.363986
1.257956
0.447721
3.321569
0.775663
1.474565
-0.329835
2.553474
2.060637
0.359708
0.456107
2.347497
2.209644
-0.020876
1.566192
0.506418
0.265888
1.927808
1.575171
1.343717
1.715386
0.333731
-1.039965
4.391462
-0.499382
1.318288
1.406348
0.084211
2.056713
0.737095
1.575397
2.179318
3.106292
0.117783
0.019349
1.516778
1.625877
1.323082
0.610384
0.777160
2.630715
0.951874
2.875093
1.786531
2.184706
2.320752
0.495552
1.289278
-0.994733
0.234242
1.696535
2.035863
1.937250
1.084993
0.770907
1.113579
0.306898
1.647398
1.793784
1.129202
-0.242139
2.017428
0.306819
-0.278960
2.122738
1.511288
1.426286
0.771918
1.990692
1.801145
1.729066
0.446873
1.316580
0.779557
1.483889
1.260240
0.793157
1.751636
0.500966
1.981578
2.909367
1.321716
0.402241
0.186227
2.001999
0.665884
0.537577
1.832582
2.411528
0.541274
0.663479
2.355331
1.849414
0.104001
0.796694
0.189860
0.132689
1.725699
-0.056504
1.499758
1.405887
2.370929
0.490156
1.055394
1.308043
0.519889
1.055939
2.037127
0.254436
0.792783
2.144537
0.014332
0.035000
1.560764
0.904707
0.193177
-0.985385
2.844011
1.323155
1.303044
2.124369
1.054924
2.023661
-0.143070
1.458713
1.994237
1.330056
0.850885
2.702140
0.804735
1.793575
2.105243
1.441756
0.706242
1.197425
0.424238
2.592683
0.381910
-0.658863
1.078258
0.317034
0.387929
1.773109
0.376926
0.676123
3.065651
-0.400168
1.550339
-0.578238
1.158853
-0.066221
2.370676
2.160822
0.803844
0.476190
1.160274
1.875457
0.057860
-0.037726
0.722915
-0.100852
1.286807
0.378618
-0.996802
2.497645
0.785274
2.915141
1.123930
0.250100
0.456485
2.774714
-0.247285
0.095722
1.680521
0.916695
-0.178714
-0.266520
2.278225
0.558732
1.416896
-1.048557
1.639527
1.230212
0.900388
1.002841
1.440975
0.652815
0.563093
0.543184
1.115162
-0.088413
1.557688
2.539504
-0.810550
0.713713
0.627372
1.494968
1.836465
1.680739
-0.092096
-0.371214
1.218591
0.100024
0.734467
2.816237
-1.370326
-0.290613
1.001758
2.079264
-0.279612
1.563907
-0.159877
1.430159
-0.616615
-0.230376
1.305625
1.272553
-0.373608
-0.089087
2.027521
1.881112
1.942270
2.036976
1.765248
-0.018209
2.052926
0.637626
1.583233
0.389965
-1.250019
-0.235421
0.857636
2.114014
0.672235
2.435701
2.944361
2.454408
1.573664
0.926848
1.942426
0.211151
0.906415
1.511167
0.809868
-0.879943
0.001140
-0.826561
-0.294536
1.542499
-0.235278
0.624345
1.016098
-0.099434
0.540161
-0.225218
0.888675
1.947644
1.323501
0.500928
1.404126
1.356233
1.358472
0.831645
-0.168059
-0.373869
2.067369
0.583817
0.623949
0.500921
1.331601
0.019334
0.688093
-0.364630
1.038943
0.950351
0.911896
0.535797
-1.298857
0.684759
-0.110785
0.698565
1.566294
0.740145
1.278375
1.243485
0.773381
0.527247
0.606953
2.407236
1.261311
2.056912
0.901145
2.579528
-0.043880
0.847664
0.493011
0.357012
-0.096225
2.067487
-0.693655
1.304536
0.582866
2.892022
0.755760
0.835409
0.854121
0.463083
0.901551
-0.112609
1.844590
-0.499587
0.824383
0.934481
1.247612
0.050367
0.785939
2.094016
1.714176
1.562193
0.356853
2.430390
1.284612
0.535842
1.610774
1.545582
0.821489
-0.159165
1.725373
2.115218
0.810194
1.363604
1.542380
1.618124
1.105643
1.902787
-0.370957
0.676951
1.157197
0.995023
0.568821
0.231178
1.363427
2.489887
0.565150
1.307803
0.948471
0.016421
0.566242
0.874188
-0.684482
2.081104
-0.730944
1.639955
0.910354
1.939136
2.620890
-0.489086
2.051361
2.277148
2.291476
1.998496
0.267460
-1.109367
-0.392017
1.440615
-0.222266
-0.270768
2.362336
0.119848
0.888344
0.122729
1.610343
0.501656
0.214709
1.401558
0.754948
2.329550
2.729620
0.792285
1.484851
2.741906
-0.261989
1.318510
0.092883
-1.669016
1.353955
2.235090
0.390127
1.700819
2.069644
0.868433
1.343321
1.269035
0.626972
-0.013157
2.246515
2.468167
0.373318
2.120458
-0.155095
-1.008377
-0.066556
1.001674
0.917753
1.190733
-0.092552
1.629422
1.151377
1.253305
1.308882
0.160148
0.930496
1.241685
2.563823
3.605906
0.344518
2.129199
0.563258
-0.315127
0.332430
1.920541
1.479068
0.685003
-0.268922
0.582298
0.346516
2.448546
1.287071
1.810140
0.597552
1.848559
1.654779
0.160309
0.746700
0.106173
0.045771
0.400605
1.362376
1.598253
-0.497935
1.224345
-1.369830
2.410415
1.196294
2.712060
1.022746
1.065982
1.164676
1.417026
-0.796883
0.970812
0.926802
0.386892
-0.118183
2.637604
0.115353
3.754631
0.867021
0.287491
1.030847
-0.952443
0.967484
-0.674502
1.184900
0.289204
1.918903
1.045577
1.187706
0.230909
1.451321
2.492731
0.760826
1.927577
-0.545023
2.848600
0.650934
0.433647
2.873255
1.503892
1.522585
-0.837362
0.013097
1.364255
-0.109824
1.506649
1.644587
-0.937217
1.160767
0.644993
0.998239
1.419443
0.792457
0.582729
1.148350
0.528913
1.409209
1.565871
1.916253
1.828042
1.048324
-0.185843
1.957331
0.896346
0.310197
0.410777
0.685642
1.022957
-0.479933
1.168320
2.915923
0.668076
0.824759
0.092014
1.229028
-0.152517
2.542377
0.161450
-0.230417
0.831016
0.958234
-0.330457
-0.443629
-0.330049
1.304379
1.261667
0.775634
1.965890
0.836675
1.523607
1.164735
2.987375
3.105836
2.320871
2.257903
1.412974
0.696110
1.083019
0.773441
1.422393
-1.130963
2.679221
1.261546
1.414250
0.528434
0.096550
0.634661
2.074466
0.501181
1.884119
3.299765
1.838515
1.835738
2.688494
2.557075
0.573483
0.903629
0.545034
-1.561992
1.896486
-0.277884
0.927563
0.722589
0.969004
0.721561
1.638937
1.155358
0.166581
1.180512
-0.547704
1.677234
2.566524
0.209117
2.749614
-0.495443
1.562325
0.341972
0.424191
2.349694
0.338064
0.844082
0.663313
-0.249284
1.658767
2.474589
1.014741
1.631272
1.830547
0.699328
-1.050475
0.262953
2.845641
-0.741503
1.593291
-0.078665
2.257504
-0.757281
0.399575
-0.285972
2.433366
-0.400132
0.257376
0.039079
2.602710
1.379180
1.404562
2.682148
0.415299
2.186974
1.630727
-0.097031
1.738364
0.405422
-0.116568
1.787442
3.000348
0.781146
1.185555
0.093440
1.529607
1.026234
3.710504
2.089063
3.241175
-1.320444
1.602265
1.307994
0.884855
1.704884
2.188950
1.034857
1.641029
0.931850
-0.034116
1.525132
0.514789
0.450791
1.734640
1.559447
0.539405
0.388212
0.631206
0.297056
0.122284
1.526125
1.716822
2.084116
0.740865
1.761638
0.938110
2.680140
1.141651
1.344611
-0.861610
0.594116
-0.450018
3.597246
0.997066
0.223656
2.128300
0.134645
1.800578
0.507134
1.205270
0.616245
1.708946
0.931099
1.682959
1.752653
1.276768
2.026066
2.406106
-0.212907
0.236684
1.040289
3.199958
2.473761
2.145105
2.632018
0.960447
1.116441
-0.033714
0.603598
2.393882
-1.616752
1.281276
1.414404
0.244085
1.355600
0.507579
2.265787
1.387116
1.328709
0.931822
1.450011
2.862482
2.467426
0.600729
0.274325
2.011402
3.127235
2.275142
3.311507
0.546439
-0.242460
0.328570
0.697037
-1.258765
1.345218
0.793112
1.466771
1.478122
0.432333
0.600032
1.912971
1.759304
2.380961
-0.220521
1.732471
0.961788
1.386465
0.334733
0.678254
2.276931
0.479592
-0.381639
2.624947
0.490521
0.993265
2.159853
1.312615
1.649137
1.239535
1.510180
0.927895
0.840285
-0.045586
-0.156352
0.818497
1.619719
1.399487
3.265934
2.104853
-0.060017
0.876653
0.191089
3.272160
-0.817620
-0.063740
1.010189
-0.915212
1.024610
-0.230461
2.985450
-0.850752
2.279402
