1000
-0.048500
1.768808
0.865910
-0.969735
0.298850
1.379470
0.261572
0.979890
0.619569
0.112505
2.112984
-0.577598
1.414990
0.749482
0.238138
-1.148038
1.095252
0.742109
3.130640
-1.280544
0.990127
-0.375975
1.745968
0.828772
2.288897
1.375953
0.840026
0.586650
0.583065
0.009373
0.753263
-0.215155
-0.591107
0.854493
1.462158
0.760051
1.298270
1.703205
0.030070
1.491777
1.655136
0.006067
1.822847
1.089643
2.712873
1.348464
0.019064
1.828867
1.557101
0.994493
1.273373
-0.524203
-0.009365
1.050873
-0.556898
0.329162
0.505839
1.707913
1.157759
-0.334649
0.384959
0.155815
-0.399576
0.843118
-0.394352
1.563150
1.306785
0.649194
2.277782
1.297001
-0.368021
1.673068
-0.459556
2.273813
2.179239
1.009165
1.227608
0.429839
1.321603
-0.479146
0.835602
1.461773
0.082355
0.049734
1.286441
0.571412
-0.057513
0.666797
0.761635
0.450718
1.115559
0.737866
0.727636
2.534671
0.253851
0.719735
-0.481474
-0.322645
1.763102
1.686354
2.411115
0.241821
1.614712
-0.046683
3.205636
-0.127833
1.095585
1.908481
0.798735
-0.010090
1.902704
-0.232102
1.940548
2.675828
0.174524
1.864308
0.959476
0.910531
-0.106520
1.728471
1.595673
2.234306
0.655973
0.623641
0.645717
-0.756921
3.282002
0.859826
2.243955
2.990148
2.283453
1.275951
1.313476
0.902002
2.784606
-0.365081
0.635614
1.026859
0.641028
1.550252
0.202030
1.667216
1.433159
0.547888
0.025721
-0.295473
0.516949
1.548944
-0.224415
0.525818
0.964568
1.263780
-0.728091
4.149165
1.775639
2.490628
0.970469
0.299617
0.065058
0.728131
1.880502
0.415719
0.350742
0.516968
2.780304
2.556166
1.247713
1.426822
-0.309817
1.417133
0.333915
0.656936
1.232450
0.372985
0.677466
-0.743151
2.017477
-0.254857
0.878629
1.038091
1.413809
1.844608
0.831519
-0.365940
0.681113
2.872904
1.031865
-1.471153
2.057487
0.294395
1.103096
2.208770
0.951218
1.044905
1.019563
1.826840
0.510471
0.829069
1.829852
-0.980074
1.788926
2.132897
0.127214
0.673825
2.892497
1.402400
0.677435
2.671975
-0.500942
1.031796
1.483701
-0.054064
1.248067
1.425845
2.269939
1.867019
1.395687
1.243284
1.220216
1.357442
1.717582
0.929514
1.482765
1.658928
1.295169
1.214292
-0.232179
-0.232996
0.142575
3.231845
2.007010
1.772484
2.151221
-1.279468
1.805084
2.823396
-0.776534
2.010493
-0.096787
0.616433
1.204281
0.188357
-0.701106
2.139684
0.068119
2.524695
3.470679
0.638971
0.479230
0.934344
-0.409978
0.487708
1.442443
1.082085
0.299078
2.200805
0.177203
0.954571
1.822886
1.824167
0.661960
1.251094
-0.091282
1.708637
-0.582070
-0.775374
-1.166571
1.783522
0.671111
1.078514
0.404118
1.530710
1.589918
-0.486363
0.732150
1.106549
-0.386582
-0.913684
2.802052
1.892258
0.563077
0.795289
0.827154
0.209833
-0.005126
2.943782
-0.584784
1.269863
1.655972
1.461076
1.237519
0.678949
1.921094
-0.804306
2.270335
-0.294798
0.213101
-2.118958
0.468865
1.165809
-1.414507
0.060596
-0.997287
1.802273
0.126501
0.402954
2.269179
1.404405
0.747296
1.981758
1.128979
0.961558
1.866067
2.193772
-0.931708
-0.220876
0.563460
3.324929
0.108378
0.829060
0.326479
0.620521
0.558798
1.936609
0.168899
1.943121
0.394861
1.829771
0.638039
0.603298
0.356857
1.694026
0.792339
0.040460
1.629163
2.138652
0.855461
2.111668
-0.287020
-0.297781
1.705983
2.236874
0.161508
1.560375
1.382094
0.769947
0.658501
0.824737
2.499199
1.319344
2.420457
2.732157
-0.064942
-0.337373
-0.022570
1.434518
0.741868
-0.033316
0.872477
0.236936
1.828647
0.166585
2.237944
1.679853
0.261479
0.696433
4.659405
-0.392376
0.479938
2.415509
1.526060
1.891263
0.509431
2.179242
1.220744
-0.703322
0.242638
-1.166495
1.167119
1.397270
0.649606
1.524870
2.438666
0.391701
1.620987
2.224275
2.587819
1.161504
-0.264896
-0.503979
-0.054787
-0.606249
2.247940
2.201184
1.307607
-0.552950
1.790244
1.153832
2.520936
2.151955
0.543793
2.193071
1.179526
0.526836
2.016465
0.523325
1.403716
0.075847
0.552990
0.918011
1.462894
0.375450
1.291709
-0.133343
0.500414
-0.344508
0.985658
1.404642
-1.413698
0.443575
0.625033
0.944604
1.457854
1.069829
1.949346
0.964038
1.941375
0.350052
-0.815902
-0.882595
2.349835
1.385753
0.699959
1.457919
-0.467792
0.597071
3.195438
-0.039449
0.319573
2.137570
0.513915
2.023786
1.594149
0.248233
1.485583
-0.318524
2.321473
2.212846
2.078672
1.084721
2.232866
0.956105
0.230631
2.458849
1.372353
0.088226
-1.312505
1.398853
0.359514
2.445369
0.689315
1.949725
0.415444
2.284469
1.228617
1.162801
1.089568
0.029205
1.454245
1.345818
0.282868
-0.770264
1.595752
-0.573686
0.351873
1.577002
2.479988
-0.609634
0.967375
0.121758
-0.042831
1.392315
1.818407
1.562569
-0.450854
2.521121
2.056590
3.180169
1.478936
0.005947
1.024115
0.893544
0.796596
1.065428
-0.207465
1.538553
1.337373
0.263834
2.242260
0.234118
0.365937
2.129641
1.160700
2.484408
0.795912
1.852949
2.541869
-0.231686
1.603026
-0.943393
0.242556
0.743876
1.584779
1.612389
1.469684
-0.391739
0.151435
0.149682
-0.476202
0.088586
0.389742
0.808255
2.437824
1.364220
1.470947
0.585279
2.215668
0.797687
0.877198
0.589192
1.165191
1.670382
0.980012
3.112383
1.416680
-0.323693
-0.721898
-0.114946
1.194221
1.000750
2.778714
0.747180
1.254281
1.183350
1.249836
-0.292528
1.568830
1.164527
0.129254
0.043908
0.858177
2.070680
-1.872459
1.577506
1.718190
1.360658
2.367952
2.432661
-0.532176
1.044358
2.050870
2.211114
2.762469
0.202525
1.303927
1.433998
3.709467
-0.121117
0.116895
1.803857
1.505800
1.288852
1.700610
1.158215
1.923094
1.013003
0.284901
1.068728
0.783505
-0.268533
1.603791
1.377624
0.825677
2.858275
1.711720
1.520224
2.754468
0.428402
1.625629
0.079791
1.531963
1.595536
0.717039
0.494920
0.892237
0.836280
1.452316
3.322815
2.335390
2.850338
1.174684
1.655890
0.295013
-0.185502
0.293359
-0.216166
2.155762
1.929026
1.342575
-0.408328
2.746715
1.861377
-0.289238
-0.190855
1.147970
0.278168
-1.328572
1.221121
0.299448
0.546273
1.262751
2.135371
1.333883
1.297219
-0.449915
1.357132
0.439060
-0.445267
1.228343
2.637660
2.363025
0.649664
0.076994
0.452040
1.538565
2.532152
1.494956
1.897456
3.395146
0.336477
1.382043
1.164198
0.205127
3.290828
2.707074
2.211123
0.333021
1.980861
1.224750
1.827509
0.417315
1.532782
0.306585
0.437607
2.691043
0.624002
0.327581
2.117512
1.128215
-0.958329
3.378957
2.342385
1.918928
2.074584
0.944654
0.999533
1.869371
0.432506
1.973996
1.274364
0.972094
-0.923069
1.552001
0.274366
0.415608
1.441496
3.468942
1.906421
1.612875
-0.062428
0.730419
1.487084
0.400283
0.476697
0.118643
1.300866
1.395541
1.618722
1.532640
-0.435341
2.079905
-0.307701
0.095746
0.737742
1.354135
0.266601
-0.034817
1.030959
0.749293
1.391947
2.856862
0.454140
1.621945
-0.957620
1.469320
2.026181
0.500039
-0.494113
1.421304
-0.096037
0.188689
0.540732
2.271711
1.134849
1.790303
1.329532
1.956871
-0.287965
-0.210653
1.804729
-0.448801
0.292263
1.501974
-1.116783
1.438630
4.115503
1.129491
0.193897
-0.137742
4.104003
-0.596735
0.892791
2.070367
2.458922
1.164988
1.195094
-0.654482
-0.147192
1.081150
1.634725
0.895072
-0.507397
0.498154
0.821536
0.019161
0.863200
2.250842
1.183454
2.598206
1.077843
1.441628
1.391724
1.754658
1.494258
1.148695
0.744577
2.120653
1.214704
1.045782
-0.410713
0.211654
-0.022897
0.328569
2.046076
0.988641
0.415489
1.297586
0.865082
0.887835
0.501635
0.098251
-0.341940
0.930448
0.640082
0.692305
1.186273
2.107475
-0.828731
2.146718
2.517819
0.061711
0.787047
0.030000
0.252925
0.818534
0.646626
1.689450
2.162995
1.374929
0.932414
-0.895995
0.264082
0.770447
1.711033
-0.795858
1.157103
0.438438
-0.180210
2.700527
3.114410
2.042112
2.254260
-1.395063
0.508547
2.262061
0.330485
1.856577
1.253537
1.713602
-0.573714
1.216577
0.895293
1.939558
0.368629
0.195539
1.182447
1.049779
1.422915
-0.765053
3.486419
0.702131
-0.370769
1.215651
0.806786
1.500038
0.690896
-0.248795
0.316673
1.340878
2.495929
0.560461
1.475338
0.825204
1.384544
2.674714
0.179659
-1.172106
2.135712
0.387562
1.476379
2.217331
-0.479675
2.472685
1.897639
1.829921
1.171138
-0.030705
2.007922
-0.164435
0.059309
0.641285
2.054089
2.171779
0.264552
1.533366
2.059401
0.182758
1.480234
0.364721
0.612911
1.394209
-0.831786
1.916731
0.058547
0.672764
-0.139300
2.763990
0.584381
0.090037
0.542754
0.666999
0.632528
-0.525531
1.888429
0.822470
0.531790
1.245831
2.246248
1.234618
0.616325
1.098505
0.884670
1.178044
-0.141151
2.645847
0.842985
-0.647029
1.201935
1.161414
2.158311
1.658855
0.080105
-0.686626
0.477554
1.712547
0.460064
1.036306
1.135472
-0.342419
1.542667
-0.578147
1.357661
0.761441
1.085155
2.065307
0.638924
-0.092222
-0.265866
-1.351241
0.840971
2.803012
1.461400
1.696245
0.235912
0.426884
0.533043
0.785039
2.520643
1.730818
0.025199
1.390206
0.793796
0.713016
2.075542
2.674331
0.358255
1.064962
0.249477
-0.300169
1.673618
1.836081
1.728903
0.030888
0.200956
2.539565
0.425808
1.370288
1.594606
0.608809
0.600943
0.884116
0.162225
0.826092
1.850440
0.803287
0.657839
-0.360246
0.704834
0.601826
1.529391
0.809198
0.018143
1.007655
1.016801
0.468093
1.802766
0.264914
2.685489
1.393373
1.752388
-0.108464
0.625325
0.957918
-0.951095
0.296547
0.183478
0.403634
1.485518
0.512701
3.929459
2.022325
1.371295
1.896876
2.734475
0.235253
-1.581444
0.937430
1.115132
0.124393
0.357900
0.865875
1.106989
-0.203260
2.176891
0.243861
1.389936
0.268711
1.039395
1.249528
1.651880
-0.217267
0.880153
1.303511
1.103216
-0.326569
-0.423108
0.030888
0.264920
1.853760
2.121469
