1000
2.849518
1.576271
2.015039
2.014408
2.137911
1.123408
0.334585
0.206692
1.545958
1.195383
2.201983
1.814089
-1.027440
0.859400
-1.764356
1.606763
1.159373
0.591181
-0.979535
-0.113705
0.702894
0.464569
2.963702
0.681495
1.541926
1.472617
1.882054
1.124992
1.710139
0.290857
2.354880
0.382568
1.416527
2.588354
2.413591
1.340987
1.614639
4.705930
1.065621
2.103490
1.850368
1.524813
1.131815
1.070694
0.579857
0.013199
1.875992
0.728905
0.159302
1.334758
-1.097043
-0.119207
2.079355
1.312802
2.084637
2.545161
2.597923
0.798215
2.827036
2.394335
0.636805
0.515225
1.855411
0.958536
1.282771
-0.547490
2.477092
0.031511
-0.006187
-0.913754
0.245983
0.826353
0.195772
0.216980
2.395812
-0.033667
0.989145
2.363079
2.898087
1.959069
2.613834
1.397415
2.371127
0.217651
2.705500
1.074938
-0.048516
2.500906
0.947956
1.235331
1.377738
-0.898285
1.209315
-0.667716
0.898458
1.958001
0.318549
-0.348453
1.691652
0.295567
1.676133
1.024997
0.467083
0.622793
2.440043
1.369209
2.076319
2.226189
2.336455
-0.339758
1.136273
0.282629
-0.083374
0.716629
1.672170
-0.020831
2.310271
1.057160
0.604277
1.332744
0.588416
0.038462
0.955120
0.709077
0.083858
0.503012
1.948111
2.238804
2.461550
0.065750
-1.618941
1.442147
0.992561
1.768976
0.434378
0.134142
2.640210
0.255118
2.787100
2.252584
1.940593
2.203786
1.336028
2.313902
-0.520803
-0.818047
0.093242
-0.792634
1.815009
1.964385
1.581557
0.719780
-0.754961
0.945210
1.387009
1.325509
1.471209
0.591546
1.793828
0.126275
0.345112
2.704335
-1.006496
0.888960
0.537553
1.350905
0.896775
0.910817
1.674482
0.378913
1.149315
-0.986291
2.971661
0.559706
0.707609
2.550232
-0.687128
1.311817
-0.140357
2.194728
1.208841
0.198564
1.170945
1.690916
0.570961
0.782071
0.204670
1.831308
0.857542
1.159724
0.647612
1.369217
2.124886
1.260418
1.005075
1.100164
1.576385
0.802344
0.519923
2.363874
-0.157346
2.870754
1.749003
1.029804
3.020492
1.754442
1.348791
-0.409386
1.201438
-1.008913
1.463473
0.681303
0.662153
0.051069
0.833660
2.132419
0.550232
1.683076
1.806735
1.888177
1.089167
1.750198
1.361291
1.503321
1.379048
0.990247
3.388278
0.223845
2.251919
2.425312
0.765755
1.297591
-0.397401
1.129727
1.582422
0.884560
0.149736
0.782287
1.656332
-0.780054
0.750354
-1.318132
0.744871
0.476173
0.330887
0.580473
1.407858
2.562176
0.477671
1.802480
1.749370
1.270787
0.745441
2.139377
1.691841
1.812688
-0.834641
0.656082
0.887857
1.186881
2.465471
1.151872
0.156395
1.972875
-0.965714
1.512572
0.800693
1.961478
1.084586
0.677253
-0.468658
-2.175185
0.827228
0.398602
-0.649811
2.010104
0.151886
0.597755
0.070194
2.492003
-0.169653
0.235628
-0.635243
0.724844
1.262741
0.240774
0.782703
2.264710
1.439880
1.353952
1.813718
1.298222
0.998502
1.016959
0.395139
1.659650
0.587515
0.950919
0.469792
3.922536
1.770628
1.346670
2.934865
2.529918
2.738931
2.643347
3.722025
1.234207
-0.042903
-0.455242
1.086463
0.440219
3.295052
-0.262769
1.673625
1.810918
0.069087
1.047268
-0.560755
0.534318
0.672182
0.260836
0.002267
1.306939
0.216854
1.351191
2.841241
0.865408
2.313383
2.739970
1.724421
0.565146
1.677732
0.138299
-1.028033
-0.588767
1.998308
-0.901251
1.317297
0.968561
2.418655
2.708022
0.572420
1.727756
1.357537
1.472921
2.581908
0.830539
2.973552
2.782553
0.446077
1.317155
2.091652
2.726350
0.769305
1.442116
0.792486
1.054004
-0.030363
0.480694
2.825570
0.521625
1.767890
0.569114
0.968547
2.169946
1.807906
0.907521
0.507592
2.421992
2.203021
3.263931
1.853147
0.506972
1.865124
1.229365
0.662710
1.021564
1.021188
3.031034
0.700568
1.514042
-0.308090
0.586186
1.754385
0.794968
1.434602
0.323252
1.428511
0.513864
0.787852
1.737526
-0.256741
1.144814
1.007752
0.862756
1.136574
1.704495
0.630835
1.419664
0.121796
0.692522
3.743146
1.993645
2.314263
1.585243
0.360938
1.728463
0.281778
0.292182
1.481099
2.004582
0.752508
1.296452
1.939507
1.067426
0.614487
1.444865
-0.739413
1.390594
0.739018
-0.594056
-0.210444
0.351069
0.354581
0.845984
0.636247
1.244017
0.725049
0.720309
0.150809
0.291444
-0.142346
1.750228
0.653005
0.675726
-0.321048
0.491715
0.426614
0.604543
1.195144
1.054061
-0.031073
1.661316
1.603720
0.436167
-0.167404
2.146575
-0.874197
-0.407829
0.173719
0.800213
1.274669
0.767398
-0.228850
0.565100
0.243093
0.443417
2.021142
1.733025
1.733971
-0.852727
-0.573281
-0.054678
2.545845
1.332056
1.355486
0.251692
0.365609
1.027976
-0.050059
1.348178
1.170970
-0.273757
-0.457863
0.078020
0.160634
2.665702
0.607078
0.847222
1.603962
2.364709
0.685350
1.426779
0.571031
1.508359
0.315409
0.873733
0.528512
1.550173
1.971727
-0.254907
1.551423
0.762779
-0.112834
-0.325873
1.063157
1.536771
-0.619140
0.623309
1.228231
0.394684
-1.220303
1.099087
1.387133
2.549648
1.005429
0.600252
0.241974
0.979221
1.689939
2.383274
2.286884
2.225213
1.766139
1.215614
0.856360
0.738340
-0.999395
1.784484
3.233601
1.078414
0.605662
1.599284
1.368533
-0.467226
-0.202348
1.272741
0.286863
0.960847
1.303745
0.967874
1.286006
0.976077
-0.028315
2.241319
-0.856084
0.666810
1.572247
0.427563
0.750918
1.625741
1.585646
2.311998
0.728412
-0.073406
0.730656
1.065674
0.170724
1.690422
0.759905
0.048470
0.231720
1.026969
1.313026
2.638712
1.642331
3.034326
-0.687754
1.063826
-0.549309
1.861318
-0.278605
0.881666
1.359267
1.027879
1.259976
1.267120
1.804200
1.342148
0.546807
0.437008
1.609234
2.199052
0.403542
0.399624
0.273982
1.672733
1.912024
0.642249
1.598207
0.834403
-0.717618
2.295350
1.208428
0.957922
2.319089
1.885237
0.894471
0.907862
3.127295
0.755330
0.401589
1.255168
2.323644
-0.367776
0.553209
2.700407
2.384951
0.580256
1.360225
1.044216
3.042638
0.339874
0.704098
2.203101
0.108138
0.500972
1.603158
0.658836
0.850374
-0.667916
0.973601
0.464817
2.128639
1.760089
1.190665
1.439339
0.191586
-0.208896
1.588116
-0.037833
2.387422
0.169836
1.385044
1.282318
2.369285
1.282011
-0.659935
0.469738
1.906452
-0.169173
1.289285
1.820382
1.493635
0.616132
1.380254
0.655421
0.665882
0.253324
-0.967818
-0.049626
1.818260
0.587054
2.259730
1.205052
0.540290
0.287214
1.458584
0.801217
1.138352
1.147214
0.399020
2.006026
1.585105
1.892351
1.107635
2.122101
1.026226
0.518138
1.313216
1.635254
-0.541760
-2.717483
0.265305
-0.069122
0.929394
1.603756
0.695492
2.164835
-0.608498
1.022905
-0.861661
2.412666
0.421859
0.305778
1.075271
-0.299076
2.083888
1.921965
1.852803
-0.114358
0.234446
0.847315
1.525199
0.162285
1.360792
0.792868
0.407352
1.104250
1.179044
1.818553
0.838512
0.884742
1.021074
1.731358
1.194515
2.193139
1.208252
0.057431
1.010166
-0.050054
0.691236
-0.947312
0.323241
1.054089
1.956917
1.851019
0.805881
0.733398
1.291001
0.304318
-0.081564
1.027994
2.597615
2.860714
-0.479866
1.542672
-0.062625
0.964130
-0.116395
0.954674
2.914133
0.391864
-1.385517
2.185280
1.319120
1.917577
1.335144
0.129855
0.540058
2.911764
2.518628
0.791205
0.634566
2.211796
0.393740
0.549245
1.545200
0.095771
0.795611
2.152686
-0.000946
2.079907
0.881476
0.335700
2.589704
-0.485633
0.513201
1.433791
1.489582
-0.813778
1.349298
1.447380
2.369350
0.092109
2.964768
1.234112
1.267671
1.802116
1.272285
1.741280
0.549341
1.326214
1.176368
1.870046
0.974115
0.914820
1.647643
1.912468
2.641624
3.068211
1.145976
1.210068
1.759743
1.327995
-0.153442
0.383691
1.463084
0.560358
0.777254
1.181052
2.056281
-1.763120
-0.162582
1.335249
2.339435
2.672341
0.496559
0.362468
0.630816
1.253735
1.148709
3.011568
0.257695
1.972371
2.369094
0.704578
1.037911
0.560661
0.741858
0.125318
0.136345
1.747640
0.680449
1.699438
0.908875
0.136306
2.424883
0.646029
2.626466
1.737881
1.101888
1.271396
0.091728
4.116255
0.831918
-0.905729
2.347598
0.624930
2.037895
2.049899
1.970521
-0.930314
0.144662
0.964397
0.437099
-0.410003
1.220776
1.525225
2.059395
0.400806
0.359176
-0.260229
-2.610152
0.397334
1.899014
1.132756
0.162885
2.903319
-1.030989
1.168718
2.307570
1.098751
0.456692
-0.062208
1.078141
1.361284
0.380107
0.287374
0.101946
-0.645191
1.649511
2.004564
0.463687
2.745280
0.607037
1.449463
1.561579
2.782554
2.911359
0.453910
1.742674
0.489695
-0.667551
1.213318
1.761583
1.972372
0.223060
2.107093
0.268077
1.976150
0.985376
3.407789
0.525956
1.284554
1.126310
-0.533045
0.901628
1.543488
-0.979585
1.466791
0.165265
-0.150466
0.611206
0.692620
-0.710428
0.446678
1.129526
1.220746
1.035929
0.676400
1.090891
-0.541682
1.824819
2.409119
1.274686
0.934122
1.235024
0.498558
1.483642
0.416512
0.968725
1.443233
1.153816
1.415955
1.684686
-0.482865
0.071076
1.565728
-0.267447
2.144231
1.472471
1.293186
1.197387
-0.049700
2.032903
0.994936
1.165349
0.755058
0.848119
0.792765
1.631178
1.878050
1.232019
-0.315881
1.994170
-0.333999
1.333889
1.033680
-0.632158
1.471672
1.329185
0.488889
1.574446
-0.146700
0.304111
0.691142
2.941123
1.868393
2.152215
1.445563
0.383096
0.996833
0.037631
2.218196
1.782131
0.524968
1.590302
1.470401
0.207316
2.154389
0.922549
0.519169
0.998684
1.868229
0.814209
0.854800
-0.935414
0.269503
-0.339915
1.381828
0.057467
1.395607
0.622217
3.065681
2.591767
0.156542
-0.921363
2.178889
1.054715
3.075515
1.478217
1.267583
0.544836
1.868866
1.199841
0.429734
2.594927
0.878263
-0.525646
0.461626
1.152668
-0.562884
-1.294502
0.320625
3.899365
0.424034
1.737013
0.361621
-0.103539
0.633973
-0.017039
3.172098
1.968351
0.679250
0.159463
0.456467
0.181766
0.726669
