1000
-1.246791
1.761037
0.162812
1.483857
0.613840
0.483547
1.309074
1.269890
0.141120
3.182468
2.020358
0.013208
0.394438
0.039535
0.509935
1.641716
1.634076
0.185374
1.753458
1.464922
1.786898
1.009952
0.304311
0.293798
0.986231
0.563412
1.355670
2.235630
3.121526
0.891335
0.759323
0.635453
1.762445
0.102646
-0.031582
2.453895
0.728128
1.231235
0.170057
0.775371
1.351348
-0.180753
1.808924
0.078731
0.415674
1.817867
0.259517
1.823564
1.482196
1.585791
-0.298535
-0.030602
0.950854
1.132027
0.914726
-0.532785
2.039439
-0.076766
0.616310
0.727051
0.744551
0.009776
1.043160
2.720270
4.041664
0.541579
3.384918
1.420163
-1.053507
2.031022
-0.020856
-0.296193
-0.195561
1.935685
0.406897
0.626611
1.916061
0.990839
2.442807
-0.025480
0.182105
0.266425
-0.094643
-0.002406
-0.744601
0.238097
0.902849
2.199675
0.260382
0.792612
0.851431
0.164059
1.089912
1.003224
0.371637
-1.090345
0.474326
1.381053
-0.240570
2.066080
2.340807
0.428065
1.989853
2.282252
1.455056
2.085480
-0.170206
1.964949
2.461620
-0.211928
0.022967
0.451853
-0.203691
-0.671327
-0.311491
-0.345995
0.254942
0.055936
0.712497
2.655215
-0.706244
0.039893
-0.124032
1.481970
2.311722
0.961496
1.478650
1.135196
1.483327
0.900568
0.748523
0.449495
0.286582
0.905038
-0.037868
1.123269
0.828222
3.091499
1.656758
2.203682
-1.136422
0.647793
0.669141
0.773910
1.840568
0.831995
0.943911
0.039477
0.847289
0.294234
1.030630
1.605697
0.039659
-0.472735
0.432221
0.466354
2.661841
0.896598
2.595840
-0.043284
0.328289
0.018943
1.606072
1.339441
1.093464
0.989592
-0.438240
1.348259
1.010870
0.906714
1.995325
0.402858
-0.103527
2.085347
-0.634383
0.514167
1.928199
0.637314
0.879988
2.219027
-0.311913
2.303199
1.735830
0.615407
1.388707
0.352244
0.927555
1.684630
0.431394
0.442491
-0.273655
0.770994
2.353516
1.330019
1.752654
2.404840
1.612524
2.633886
0.067341
0.776555
-0.020655
0.306062
-0.739717
1.555881
0.539112
1.726515
1.510621
-0.610853
1.179866
0.697377
-0.622911
0.651289
2.307832
0.249512
2.646426
-0.015709
-1.453257
-1.170184
1.402184
0.957414
1.464915
-0.606047
-0.792929
2.004511
0.555396
-0.132502
0.621932
-0.490301
0.691112
1.400268
1.851609
1.903564
2.051775
0.781548
1.468783
0.143362
-0.274539
1.279671
2.579233
-0.045274
2.030802
1.109709
1.090556
1.381272
-1.041027
1.879817
0.707981
0.853972
1.049787
-1.881395
-0.109515
-0.821532
1.079683
-0.125752
1.943970
2.045537
1.333490
-0.254460
1.930816
0.851796
0.599187
0.644005
1.703156
1.965074
-0.275322
0.077027
-0.516528
0.806395
1.149595
0.665887
1.073882
0.291497
-0.031181
1.077839
0.787178
0.573550
0.512149
0.816707
0.048867
0.851992
-0.069089
1.771485
2.238663
1.758583
2.739888
0.844711
-0.883712
0.420750
0.540394
0.759598
1.149449
0.612777
1.561434
0.924817
1.382731
0.925231
0.398247
0.773459
2.197841
2.033233
0.494038
0.341652
0.077570
-0.394533
0.725052
-1.189020
1.331411
0.519294
1.859782
-0.459904
1.159490
0.318320
3.235014
0.584488
2.670721
1.863370
1.817928
1.423952
-0.098682
-0.587793
2.565774
1.730924
-1.252860
1.147041
2.268960
1.266759
0.787464
-0.213325
0.962032
0.202918
1.068882
1.797193
0.929359
-0.092913
2.117018
2.714394
1.468543
2.505276
0.593114
-1.494687
-1.039136
2.885020
0.315223
1.842835
2.573999
0.495915
-0.252370
1.968015
1.350625
1.470522
1.421806
-0.546582
0.571131
-1.617160
1.470796
1.400415
0.595676
1.936671
-0.843551
0.798097
1.637289
-0.087737
1.701325
0.782384
0.893112
-0.536916
0.847326
0.775498
-0.108386
1.416635
-0.174969
0.596954
1.513267
1.409678
1.124954
2.095965
1.143792
0.506191
0.597917
2.574679
1.802379
1.464833
-0.677239
3.555572
1.900645
0.939094
-0.657013
0.230615
0.982707
-0.781778
2.088773
2.380519
1.695053
0.379447
1.631698
-0.167498
0.817349
0.416850
1.778184
0.903448
1.434446
1.387615
1.791057
1.577475
0.412188
0.474241
1.010759
-0.298549
1.191575
-0.037854
0.833516
2.024018
1.567634
-0.532578
1.940500
1.563533
1.246133
-0.883306
0.314592
1.266958
0.769197
-0.175974
0.383124
0.955314
0.190081
2.844461
1.396037
1.437151
-0.227967
-0.026589
0.255281
1.103080
0.704868
0.866940
0.235381
-0.787271
0.207511
1.201358
0.866894
1.330347
0.714722
0.589663
2.216747
2.171248
2.494314
2.764401
0.507683
1.764913
-0.498664
0.088312
-0.489383
1.304701
0.374300
1.743021
1.892680
0.765832
0.843794
1.079113
-0.067689
-0.111744
0.794168
0.981409
1.198419
0.983267
1.776550
0.868134
1.145125
0.507685
0.890511
-0.507195
1.921489
1.646296
2.060732
-0.552240
0.592625
2.917197
1.137734
1.599041
1.589892
1.797513
0.626348
0.538570
1.148096
0.854289
-0.045805
1.078972
0.648266
-0.325801
0.193821
0.144851
0.627075
0.373259
-0.056531
0.535364
2.464055
-1.074519
3.482526
1.345006
0.570795
1.835198
0.950041
1.112750
0.032073
0.814645
3.907531
3.473224
0.132091
0.646535
1.387456
0.119541
2.041825
1.249912
1.947044
0.798886
0.732885
1.744521
1.679150
1.732595
1.533503
1.200299
1.966021
0.846781
-1.876864
2.152341
0.020970
1.299404
0.662582
-0.303620
1.449546
1.072538
-1.497663
1.463860
2.435353
0.146095
1.550276
1.948736
2.161124
1.540382
1.206423
0.241230
0.083175
1.003357
2.646206
1.401407
0.755803
1.128679
0.455821
1.877123
4.277343
1.614766
0.842903
1.631373
1.267204
1.989475
2.302518
3.587900
0.577429
0.933702
-0.696961
0.669880
-0.055657
0.026274
-0.801446
1.553481
1.370488
0.485079
1.401782
1.492500
0.941238
1.929544
-0.322346
1.071907
1.282846
-0.146249
0.230837
0.796327
1.942903
0.572357
1.126438
0.661588
-0.224898
2.535850
0.575369
-0.240740
1.247968
1.030830
0.551470
1.268429
2.150891
2.178671
2.328389
-0.378252
1.045101
1.611337
-0.968696
-0.742511
1.005574
2.734196
2.359807
0.170804
1.140198
0.705213
-0.098075
0.860008
2.130795
1.682106
1.465218
1.433338
1.255154
2.221416
2.383293
1.911834
2.407493
-0.326898
0.120649
1.311867
0.282320
-0.286792
1.489157
0.388291
1.034176
2.768549
0.316980
0.766443
0.251083
-0.908657
-0.697438
1.680264
2.150473
0.866244
1.496785
0.755329
0.515461
1.346778
3.657043
1.844792
2.559026
1.333254
0.466129
-0.013027
0.417687
1.733549
1.435282
0.898987
0.097607
0.581332
1.556288
0.604550
2.261458
1.721145
3.387941
1.298612
0.933649
1.009085
1.310798
1.056646
1.975047
-0.293958
-0.074912
-0.114620
0.891363
0.880535
0.289347
1.550997
-0.765561
0.227811
2.015223
2.734103
0.417390
0.632259
2.174168
0.488438
0.870514
-0.119207
1.556010
0.142597
-0.329029
0.138114
1.210212
-0.222494
2.158588
0.288234
0.411042
1.439935
1.352803
0.579170
1.010001
-0.779669
1.630459
-0.258839
0.000203
-0.605194
0.646323
1.214517
2.137820
1.368877
1.415968
-0.081108
2.676587
1.119390
1.315080
1.145055
1.339733
1.676466
3.219346
-1.338558
-1.628318
2.148307
1.363278
0.354272
1.745804
1.881144
0.888261
0.876618
1.110905
1.535862
2.768338
-0.196766
2.093082
0.619103
-1.016848
1.178906
0.900542
-0.232499
1.408264
0.986028
1.724241
1.060267
0.886581
1.863247
2.586686
-1.642549
1.585527
1.191530
0.332884
0.329295
-0.177685
1.901391
0.450485
0.542832
0.988482
1.765562
0.544645
1.270400
2.329144
0.641839
-0.038473
1.746134
1.158033
-0.389342
0.456319
1.763424
2.012617
1.381635
0.085953
-0.287108
0.019777
-1.144781
2.599004
0.572577
-0.206272
-0.664968
0.271709
1.707520
1.962052
1.038901
1.337622
1.551342
-0.285700
1.334726
2.230842
2.533673
1.624319
0.360618
1.887065
2.599025
2.234555
0.049501
0.115608
1.676060
2.449221
-0.864026
0.606872
2.409578
0.858527
2.740629
1.861813
0.568454
1.286498
1.371212
0.595052
0.992108
3.289350
1.324188
2.231047
1.575682
1.637629
0.733382
1.257841
1.956325
0.947964
0.870555
1.776476
1.555400
-0.315176
1.989494
1.618315
2.160711
1.552553
3.217988
1.336943
1.525921
1.137531
0.728848
3.013676
1.833087
0.419500
0.929656
0.858894
2.326268
1.132374
0.839513
2.007263
1.200307
2.309817
0.604085
0.455407
1.866551
-0.512361
-0.619276
0.332137
1.021188
0.605377
1.605887
-0.538694
2.258073
0.529593
0.446311
0.182341
2.374828
0.811888
0.844122
0.168338
2.516435
0.782755
1.168312
-0.204089
0.856186
-0.605807
0.496138
0.980182
1.186291
1.114265
1.495364
1.322932
2.379463
0.804744
0.898221
1.029633
1.726574
0.815549
0.054776
1.393429
1.731497
1.490430
0.629359
0.142640
1.273204
3.059895
0.848628
1.058148
2.527312
1.628825
2.480327
0.634408
1.374589
0.630176
-0.121133
1.039035
0.205221
0.320990
1.822357
2.188845
0.900175
0.947485
1.610903
-1.841056
2.174898
1.092568
1.264265
2.011134
0.904013
-0.642579
1.806838
0.804427
1.022070
0.157629
1.918649
0.715950
-1.216709
3.028138
2.505457
0.667621
0.362814
0.502502
1.270389
1.456473
1.462937
0.315479
-0.011818
1.287915
1.130065
-0.268326
1.299365
-0.308956
1.198406
0.843671
0.386108
1.429782
0.846564
2.386897
0.575402
2.612848
1.106020
0.118430
2.398615
-0.100410
1.230139
1.157335
1.327656
-0.204974
1.738177
1.628226
0.514311
1.455590
0.267865
1.618128
1.512527
2.157705
0.880053
0.183966
1.735103
-0.371686
0.984361
-1.548199
0.742841
1.809803
-1.342968
0.027332
-0.090278
0.729885
1.318501
0.528658
0.261272
-1.046161
1.465033
1.101245
1.642708
1.999986
2.366863
0.012109
0.657868
1.851642
0.072785
-0.539718
0.786066
0.389082
2.050368
2.863173
1.056928
1.065963
1.383385
0.459294
1.346142
1.508933
1.454906
2.338708
1.077825
1.685156
0.693177
1.398594
1.511507
0.997769
2.269235
-0.883528
1.242600
0.923682
0.530226
0.451145
0.903552
1.744763
2.620035
0.493633
2.262606
2.109794
-0.190168
0.301994
1.607461
1.623307
0.460776
