1000
2.075416
1.120049
0.903726
1.851674
0.397084
0.978024
1.110239
2.041989
1.637900
2.747463
1.177554
1.755038
0.138219
1.109113
0.715574
0.101444
2.870245
2.989654
0.827536
0.803987
0.935686
0.955807
1.193853
0.314178
-0.146695
0.926728
-0.198049
1.123679
1.848437
-0.190449
-0.425623
1.281080
2.593706
0.176104
0.253882
1.193879
1.849252
0.383939
-0.718749
0.938995
0.743610
1.361457
0.514206
1.556472
-0.452560
0.541382
-0.869433
-0.095042
1.681655
0.124639
1.838868
2.668186
-0.105379
1.014418
1.517487
0.971279
0.097807
0.226305
2.158866
-0.461956
1.975162
-0.009469
1.222959
0.860530
0.291485
-0.015949
1.766402
0.643620
0.635293
1.325361
1.629475
0.872842
0.835453
0.251170
0.399163
-1.177383
-0.983926
1.257162
0.448446
0.160103
2.935697
-1.146765
-0.336373
2.290060
0.867938
-0.145296
1.673457
0.949444
1.822372
2.560870
2.850153
-0.046388
2.453951
-0.998459
1.330934
1.618771
1.324302
0.000196
1.258948
-0.295564
2.189454
1.326915
1.973872
0.218482
1.592315
-1.185859
1.756272
-0.495475
-0.381920
-0.735630
1.328222
-0.114667
2.601071
-0.397452
2.058973
2.023345
0.906442
1.185551
2.023159
1.476974
0.468753
1.542394
-0.454706
0.869491
1.456045
0.165966
-0.431687
1.108034
0.307229
0.769016
1.143859
2.204355
1.311027
0.466324
0.547626
1.786117
1.364951
1.392833
1.197617
1.039299
1.999908
1.376444
1.497076
1.903794
0.089146
1.273536
-0.519392
0.914219
2.567665
0.388038
-0.785716
0.261267
1.011581
2.368437
0.500580
0.124275
0.548129
1.747090
4.810704
0.892376
0.495165
-0.277719
0.629220
2.676291
1.071336
0.497661
-0.132108
2.049359
1.864399
1.220597
0.457226
0.603885
0.272438
2.834385
1.785791
1.700778
2.154420
1.382178
0.137107
1.101316
-1.260907
0.445883
1.936033
1.651580
0.427610
0.243081
2.848028
-0.357458
-0.114579
1.066863
1.200991
0.076002
0.520893
0.514446
2.376671
2.689055
2.477383
1.237057
0.787644
-1.018207
-0.312927
2.652073
0.896194
0.471018
0.766209
0.813004
0.462009
1.740220
3.008834
0.634532
3.065816
0.593769
2.750243
0.563265
1.085318
1.470454
0.797092
1.435198
1.002890
0.275383
-0.300845
1.622893
0.200250
1.088627
2.252579
1.428697
0.863430
0.850972
0.857388
0.631019
-0.118980
1.146274
2.581892
0.308962
2.366486
2.538611
1.122791
-0.877446
1.488385
0.125925
0.765447
0.241131
1.905095
0.041863
-0.510827
1.207669
0.267383
0.341146
-1.017594
1.077853
1.681431
1.119428
0.099834
1.184834
1.546347
2.276828
1.643704
-0.246966
1.746525
0.602605
2.904371
1.973124
1.221625
1.967789
1.505265
-0.797975
2.084381
-0.306761
-2.174481
0.735798
0.898852
1.645139
-0.510461
1.186612
1.502903
1.393499
1.974176
0.822834
0.910438
1.087100
1.264318
1.371934
0.725884
-0.223735
2.718790
-0.076576
0.892923
1.857181
-0.564698
2.437801
1.691912
2.536863
2.101751
0.376697
0.321671
-0.312719
1.534210
2.434321
0.824504
0.307903
1.317804
0.105122
0.414082
0.321380
1.056298
-0.472904
1.663497
1.574097
1.763560
1.429247
-0.082752
1.060160
0.010112
-1.741631
2.401305
1.860223
0.672734
1.404010
0.869571
1.306196
0.862019
-0.027833
0.179287
-0.234025
1.213375
0.124970
0.654755
0.288810
1.775664
0.158964
0.820902
2.264007
2.008808
0.403442
1.619707
-0.036277
0.986686
0.097626
1.994806
0.999226
-0.844118
1.345969
0.012504
1.941644
0.988417
0.172713
1.133063
1.302498
1.252399
-0.691026
0.986871
0.212314
2.129240
-0.346557
0.694302
0.808950
1.130027
0.213038
0.400235
0.895451
1.991785
1.272046
0.029666
0.999373
1.299611
1.788097
2.130423
1.175884
1.445875
0.831739
0.199741
2.095677
1.777358
0.031276
0.638541
-0.645255
0.640906
1.498044
1.128940
-0.841208
-0.722648
1.756444
0.622372
0.259061
0.642620
0.823394
2.672292
0.506684
0.741239
2.017875
2.869209
1.631626
1.425318
0.098343
-0.200636
1.051289
-0.233621
0.786675
0.859678
1.026496
2.275472
3.040637
1.457009
0.702930
2.004066
0.446262
1.567197
1.683399
-0.344892
0.662003
0.207653
1.139378
1.625404
2.141083
1.171267
2.371674
-0.732252
1.503964
1.002501
0.046321
0.952994
0.962227
0.698642
1.392304
1.732597
0.595607
1.274755
1.284667
2.391265
1.310968
2.220008
1.446230
0.532742
0.540458
1.724450
2.009735
3.797587
0.608543
0.657543
1.300320
1.070476
-0.181536
2.069820
-0.415696
-0.011832
0.330338
1.449864
2.071267
2.682517
-0.719245
-0.352993
-0.233573
-0.543615
3.197484
-1.022138
1.340198
0.216709
1.185132
1.957006
1.600820
1.442288
-0.358387
-0.244299
2.361012
3.135808
1.869156
1.738420
0.286500
0.742108
1.767527
0.360438
1.021655
-0.832534
0.904284
0.984621
1.471126
0.282840
1.369800
0.670844
-0.537047
0.822155
1.410857
3.200256
0.971135
0.873613
0.294130
0.403360
-0.363596
1.251352
1.215338
2.193456
-0.390793
2.282303
1.653380
1.243358
0.678487
-0.020272
-0.442873
0.134724
1.431257
2.298866
2.231672
2.274656
0.469730
1.146736
2.108085
-0.159838
0.651593
1.211160
1.975162
-1.021741
-0.738772
1.870763
0.274294
-0.325096
1.160626
0.487777
2.087310
-0.065725
1.009027
-0.195669
0.770012
0.985228
0.550810
1.665099
1.263183
0.874850
1.018134
-0.632175
0.793591
2.676080
1.895257
0.662403
-0.286023
0.686841
0.918007
-0.419915
-0.579557
1.235481
-1.223561
2.243720
1.897094
1.387112
1.777562
3.961974
1.823546
0.876470
-0.011530
1.007679
2.517574
0.693637
0.825995
-0.833021
1.640379
0.030182
0.385436
2.658178
0.754545
2.319881
0.044762
1.024578
0.886496
0.292273
0.183975
1.594105
0.342285
1.641238
1.147111
1.866816
-0.211055
1.220201
1.181964
1.049418
0.618214
0.830221
1.747266
1.413167
-0.230237
0.616764
0.934898
0.340469
1.007041
-1.065549
1.503028
1.204390
0.777430
1.492770
0.828375
1.053617
0.643196
0.646381
0.172798
0.896515
0.566698
2.172529
1.018487
2.370833
1.257442
2.012707
1.354267
-1.648080
0.975180
-0.064238
0.465738
0.394971
-0.506507
-0.012005
1.674625
1.263818
0.890256
1.097384
-0.232607
0.859182
0.951845
0.682267
-0.564397
1.251995
0.518679
1.058378
2.373471
1.031409
2.446397
2.266611
1.055567
0.689792
1.846127
1.465314
-0.268839
0.782110
1.608707
1.025584
-0.299454
1.081929
0.954789
1.980227
0.486997
1.534655
1.245857
-0.635233
2.391761
-0.649401
-0.687379
0.002671
-0.500830
1.030894
1.399694
0.330206
0.411378
0.854027
1.337723
-0.560105
0.600108
2.223340
-0.014257
0.909911
0.518660
0.977603
0.734854
0.361962
1.693805
1.828512
1.917128
2.074244
1.889111
0.225125
0.316787
1.280485
1.305010
0.176137
0.579339
1.230117
1.782724
1.501716
0.604403
0.808054
-1.556927
0.997911
0.580233
-0.056025
1.097191
2.460570
1.802539
-0.505423
1.523480
-0.376553
1.506033
0.112546
1.091859
0.585513
1.416997
0.739357
-0.329025
2.517972
1.706290
0.192177
1.351869
0.650398
1.028372
1.758319
2.014758
-0.017725
1.109488
-0.317684
-0.618008
0.761281
1.734115
0.348883
1.375822
1.139127
1.718284
2.548907
1.187840
1.491745
1.027205
0.108554
-0.031548
1.647174
1.471505
0.270883
0.242957
1.921659
1.549846
0.780696
0.465149
2.369387
2.127875
1.221058
-0.351557
0.720038
-0.048801
0.598207
0.048453
1.380953
1.837431
1.703348
-0.175190
2.142150
1.883978
0.930615
1.921639
0.953469
1.332611
0.505903
2.233059
1.335352
1.323778
0.564708
2.861795
2.361277
0.795119
3.445991
0.649510
3.292693
0.858442
1.521430
-0.005411
0.412622
0.812092
3.278239
1.674180
1.704304
2.809682
0.182788
0.665106
0.006066
1.309066
2.196822
2.977492
1.872145
0.944272
1.132245
2.749092
-0.550974
0.959513
2.305932
0.208556
1.522562
1.650047
-0.541269
0.085095
0.967639
1.256110
0.676302
-0.247199
0.044786
-0.009892
2.221499
1.216672
0.401690
2.132697
1.599705
0.712475
-0.010926
0.122067
-0.367211
1.417527
1.874823
0.676528
-0.716449
1.366968
0.441578
0.977581
0.776559
2.630706
1.201451
0.765763
-0.996244
0.135630
0.952433
-0.996179
1.262322
1.420997
-0.081650
2.066569
1.173837
-0.042450
1.632822
1.460664
0.937336
-0.506743
0.630508
1.469911
0.264389
0.708591
-0.605507
0.734493
-0.007727
2.488296
0.782274
0.928791
0.009296
0.800221
1.674407
1.326155
-0.965200
1.340818
0.038972
2.506041
-0.587406
1.725970
-0.086381
0.660052
0.950354
0.427207
1.987735
0.415826
1.636489
0.943854
1.033470
0.424749
0.338004
0.311293
-0.174640
0.720925
-0.762456
-0.860683
2.406813
1.352075
1.717141
1.512889
1.499083
1.699945
1.271850
-0.245420
0.697118
0.612596
3.048067
1.654420
-0.300618
1.309101
1.338174
2.218578
1.587514
1.546535
1.564876
1.386627
2.192690
-0.086187
1.296691
1.472561
1.734369
0.233805
0.529532
2.077966
0.671358
1.479522
2.287328
1.773001
1.359955
1.490986
-0.145608
1.834266
1.245636
1.735508
-1.000565
0.618541
0.940551
1.315691
2.188933
0.187510
1.489040
1.542298
0.373190
1.203878
-0.084679
-0.353620
0.528799
0.431389
1.445807
-0.208327
0.995176
0.581828
0.878176
1.135743
1.510132
2.240922
0.118090
0.649584
1.108080
1.288992
1.388588
1.577530
0.491319
2.008772
1.703672
2.458975
-0.661345
1.764892
-1.231937
0.815127
1.930786
1.996029
0.933986
1.146870
0.993960
0.437274
1.888511
1.917587
1.630596
1.387812
0.889115
-0.162179
1.289910
1.789483
0.307804
1.961404
2.146382
0.873887
0.581824
0.834239
1.093358
1.377473
2.183897
2.356243
3.199392
1.106912
2.343798
1.879423
-0.233057
-0.154981
0.532035
1.247295
1.416612
1.817170
1.806068
1.482750
1.480826
2.325908
-0.408058
2.554534
1.001397
1.257124
1.230407
0.908688
1.081761
2.364687
0.511604
0.870060
3.297096
0.193732
1.695891
1.002986
0.844592
0.582250
-0.847643
1.954552
0.586163
1.677768
2.350578
-1.631651
2.224670
0.995178
-0.152498
1.337800
0.384950
2.269013
1.957493
0.215578
0.175887
0.739462
