1000
0.558874
3.887050
0.725215
-0.366162
1.507950
0.729225
1.824948
2.465666
0.908780
1.833705
0.368913
1.541606
0.049987
-0.455499
-0.259945
1.982243
2.782442
0.765360
1.830658
1.505588
1.720336
1.146359
0.757693
0.397210
0.207645
0.053546
1.782924
-0.257259
0.441703
2.145274
-0.848865
0.829669
2.009202
1.096991
3.461738
2.952647
0.810712
0.050287
0.018733
0.667077
1.916385
0.590398
0.728651
1.528282
1.185712
0.624164
1.636661
-0.233772
0.905911
0.229765
2.584580
0.529147
1.738575
0.588019
-0.346015
-0.141162
3.538988
0.082977
2.094870
0.709717
-0.085464
0.760556
1.670121
1.143491
1.561578
0.445276
2.867010
1.274825
3.529427
0.792173
0.606250
-0.072558
0.831386
-0.498279
0.981401
0.048323
-0.065131
2.214865
0.885135
1.793268
0.772202
1.152764
-0.188126
1.071539
4.056003
1.910765
0.846480
0.894831
1.238163
-0.904074
0.552186
1.493421
0.148740
0.217620
1.387318
0.582682
2.726137
0.601910
1.764107
1.415496
1.429668
0.020014
1.464588
2.106061
-0.989157
0.254919
1.266024
2.759660
1.656674
-0.830497
0.021979
1.919567
1.189200
1.278441
0.056609
0.865244
1.110232
0.185478
0.662723
1.416509
1.332546
3.095495
-0.630056
1.330641
1.748284
1.340835
-0.717377
-0.552225
1.429071
-0.641143
0.501808
1.444233
1.505390
0.482129
2.471410
1.392194
0.744712
1.064345
0.450700
1.231562
1.100859
0.772937
1.090285
3.077932
1.561099
1.148337
1.589416
0.511773
1.743258
1.299213
1.414264
1.235904
1.858192
1.149532
-0.029456
-0.680988
2.232984
1.559330
0.120680
1.211214
0.241972
-0.266538
1.469014
1.055380
0.351457
0.538454
3.492280
3.059932
1.267271
0.917189
-0.175035
0.055230
1.855550
0.328040
1.413278
2.985113
0.722905
0.883739
0.014881
1.727697
2.262960
0.321659
0.754219
3.961433
2.685256
1.844765
0.087217
0.825352
2.642808
1.126963
0.912983
0.683786
4.063567
1.227383
1.647147
2.540659
0.975968
0.555398
0.648466
0.286121
0.607462
2.324022
1.971685
2.122465
2.320045
1.530623
1.256911
3.530592
1.144567
0.770822
2.690782
2.723629
-1.820344
0.153080
2.996290
0.156617
0.842133
1.606697
0.622293
3.449664
1.600841
2.125201
0.190552
0.795082
0.518871
0.741020
1.252710
1.431506
2.171292
1.146852
1.634209
2.750858
0.191410
3.917154
2.698455
0.310634
1.569938
1.125416
1.356827
0.540759
1.363201
0.196685
0.736832
-0.363259
3.071831
1.238466
0.360495
0.238799
1.920416
1.710430
1.462498
1.163641
-1.123499
0.705018
1.582277
1.844284
1.817821
1.823496
1.211197
-1.008322
1.200831
1.413804
0.408677
1.653550
1.529813
0.921665
-0.097521
0.484477
1.531893
-0.274616
2.226454
0.171431
1.141480
0.018187
1.514051
1.636257
2.654739
0.859832
1.608383
-0.398813
0.791718
0.569653
2.242499
-0.446517
1.541613
1.360647
0.688172
0.078722
2.646115
-0.901745
0.845434
0.343877
0.984136
0.416283
-0.091176
1.328297
2.365096
1.722861
0.867838
1.986910
0.782506
0.894062
2.221498
0.760086
1.972239
2.155969
0.677704
2.452868
0.053084
0.108135
0.583272
2.407550
1.485468
2.611981
2.292641
-0.875125
-0.964300
1.036213
1.306750
-0.299377
0.610220
3.107743
2.010403
0.559805
-0.231513
0.624466
0.680633
0.652008
0.595687
-0.112636
0.454651
-0.088991
1.149136
0.996117
1.815226
1.575146
2.063637
-0.530041
0.373868
0.392494
1.191182
1.811706
2.076411
0.865761
1.080799
0.206829
0.591783
0.820824
2.062510
2.253908
0.330630
0.121136
0.599345
1.191895
0.991188
-0.390157
0.052163
0.091727
1.509298
-0.750565
0.584433
0.286288
3.486682
1.568036
0.320275
-0.469536
0.873849
-1.236297
-1.698336
2.743547
0.824884
1.664049
0.284102
1.004195
2.255112
0.944698
0.772873
1.241899
1.518086
1.613151
2.925386
1.100757
2.186654
-0.199456
-0.081476
1.323731
0.844279
-0.910213
0.945534
1.982918
0.097258
1.410794
-0.345823
1.620148
0.209197
-0.703222
2.444341
2.077360
1.206611
1.233958
-0.396087
0.374895
1.000485
0.228978
1.463543
0.536806
0.441410
1.602646
0.518714
1.723906
0.587456
0.694005
-0.730089
1.153718
0.235677
0.984898
2.668918
0.046500
0.285733
1.742285
2.379209
-0.145336
0.119988
0.777661
1.124402
0.256985
1.266470
1.792917
1.551653
2.047470
2.651751
0.065337
-0.395017
-0.172968
1.430654
0.016832
-0.606720
3.027040
0.739377
0.831792
-0.262113
1.527490
2.055110
1.124995
1.380494
2.759815
0.130078
2.240070
3.170619
0.812574
0.419727
0.496102
2.839234
2.630550
1.190926
1.338104
-1.038294
1.293450
1.103587
2.305115
1.711695
1.094720
0.062354
2.301088
1.049531
0.626093
1.231819
1.038454
0.306652
1.586084
1.173784
0.260769
1.946960
1.179532
-0.682656
2.349334
0.587794
-0.063662
1.261017
0.536384
-0.700614
-0.095923
1.310919
0.642581
0.158831
-0.933540
0.544685
0.521443
1.830650
0.339479
0.337588
1.298773
2.840043
2.453041
1.935535
1.612812
1.126389
1.522027
0.177460
0.782977
-0.878545
0.239375
-0.600108
0.632772
-0.703710
1.034013
2.373481
0.208942
1.359358
1.694363
1.278307
1.266563
-1.014531
1.336365
0.590949
1.238734
1.180900
1.615523
-0.048229
0.943877
2.784945
1.177565
2.401207
0.308648
0.395567
2.536238
2.291164
3.752245
1.935981
1.079624
1.863456
1.054319
1.958201
1.250077
0.231181
1.426216
2.435143
0.792772
-0.039232
0.875346
0.273302
2.027690
1.648861
0.396088
0.320617
1.384251
0.730376
1.131022
1.203975
0.826947
1.663199
-1.323239
0.085186
0.845856
2.605333
1.693883
1.506974
1.474249
0.088758
0.558028
0.088879
0.061887
1.022610
-0.625583
0.409882
1.530960
1.162223
1.871602
0.364001
1.983724
1.012156
0.027831
-0.039712
1.690123
-0.072673
1.583423
1.458927
2.635106
1.422298
0.292927
-0.700810
0.768509
1.297360
0.632776
0.863696
2.022906
0.442632
0.898323
0.180002
0.233795
1.433665
1.384368
-0.176296
0.148662
-0.098546
1.001032
1.982023
2.232127
1.205551
-0.242482
1.139496
0.517415
-0.058362
2.775385
2.206527
1.741120
2.149755
0.376358
0.174715
0.100194
0.315244
1.433443
2.790645
0.712652
1.809862
0.082612
0.170265
1.473902
1.510632
0.390693
2.136690
1.826605
0.630974
0.938312
1.278554
1.161486
-1.338710
1.001906
4.745741
1.697787
2.299558
2.059409
2.605141
-1.835711
0.512634
-1.042292
0.240490
-0.581206
1.625593
0.696437
2.631377
1.162252
1.802700
-0.049085
0.305572
0.838539
1.515374
-0.573723
3.437271
0.627972
0.453180
1.903358
1.504525
0.922081
0.844649
0.201918
0.338286
0.468166
0.646510
0.723799
2.420528
2.223485
0.083779
1.760988
0.892590
0.945160
0.986876
0.602851
1.440392
0.151154
0.033587
-1.283682
1.376599
0.857106
0.643161
1.933554
1.002750
0.055349
-0.539314
0.608562
1.922365
1.056563
0.469787
-0.155317
0.701913
1.145647
0.089341
-0.807742
1.615308
1.872649
2.034191
2.168967
2.160177
1.145797
0.330552
3.014951
1.680475
0.881350
0.541145
0.519576
0.679725
1.698191
1.700503
0.817988
2.357626
2.157907
0.461404
1.124220
-0.058958
2.465110
1.612798
-0.208566
-0.423758
1.033001
2.782169
0.703537
-0.378887
1.042437
-0.637120
-1.485448
1.305118
0.800210
1.632485
1.659148
1.895106
0.683482
1.239480
0.483179
0.205220
0.830569
1.563267
1.127181
0.561602
0.520655
2.055922
2.830645
-0.000224
2.564030
0.292348
1.135444
1.466691
0.725886
-0.474731
0.699234
2.539451
1.524063
-0.553088
0.660351
2.338288
1.283348
1.228957
-0.462745
2.677277
2.535534
-0.146780
0.493414
1.714010
2.135735
-0.819928
2.425429
-0.334127
2.170124
2.335634
2.155287
1.654750
2.863929
0.021325
3.292495
2.471581
1.239868
-0.388337
2.072609
0.245841
0.694392
1.994281
0.385539
1.905440
3.211710
1.591389
3.068791
0.607154
-0.525159
1.052103
2.234032
3.465325
0.086843
1.560218
0.886251
1.326741
0.093128
1.338878
0.433413
0.574791
1.016022
-1.254311
1.310360
-0.565080
-0.404782
1.727577
1.817467
-0.087613
-0.807333
0.539567
-0.068494
-0.357626
0.018486
1.180070
0.637315
-0.076643
1.150541
0.465111
-0.566790
0.970418
0.235356
0.151343
2.690760
3.081984
1.593990
1.545702
0.820614
0.148572
1.838555
0.548576
0.431533
-0.388757
1.140238
0.045619
0.428936
0.649489
-0.762557
-0.354497
-0.633013
2.200078
-0.822462
-0.320389
0.894061
0.920341
1.105616
0.382557
0.456287
1.465906
-0.078775
1.834444
2.663777
1.639902
1.581842
2.595150
-0.804574
1.055329
1.404581
1.539024
0.064998
1.850483
1.294492
0.562611
2.562360
1.949707
1.835392
1.536798
0.892085
0.725537
0.956827
2.122977
0.610382
-1.967046
1.581436
0.985965
1.621738
1.693718
1.041812
1.178536
2.638045
1.485552
1.820304
1.817357
1.561816
2.415946
-0.928773
2.140749
1.438238
1.692750
0.406775
1.307569
1.304230
0.476815
1.688590
1.636047
0.281182
0.117058
-0.902824
0.744992
1.001854
0.123587
0.374355
2.632136
1.369271
0.960393
-0.375562
-0.830511
-0.715724
1.881117
0.672861
2.422872
0.862724
1.815660
2.353901
1.796752
1.815608
1.584313
-0.950519
-1.118236
0.685528
0.323677
-0.041746
2.321034
1.327260
1.447255
1.279541
-0.573095
1.082657
0.862931
0.099923
0.869199
1.396406
2.692804
2.852740
1.564371
1.455331
1.390115
0.844705
2.596722
1.801065
0.825646
0.332042
0.414228
0.695326
-0.227264
-0.583142
0.819884
0.106163
0.688332
0.719657
0.004662
0.592351
3.185565
-0.121650
0.045860
0.536328
0.817720
0.877665
1.065078
1.165248
0.332112
1.082684
0.359647
1.107596
1.441574
2.028531
1.866228
-0.516734
-0.125147
-0.087370
2.262657
1.554486
1.527670
1.673506
-0.474951
0.320270
1.999238
0.102494
0.488906
-0.516384
0.049012
1.272556
1.978014
0.304467
0.320138
1.350593
2.374807
0.979299
0.767862
0.659654
2.094579
1.827624
3.657186
-0.220562
-0.079507
0.815047
0.725367
0.930468
0.277044
3.326706
1.709960
1.477768
1.539725
-0.830050
2.140834
1.439419
-0.308563
2.416920
