1000
2.420079
0.892354
1.261753
1.845867
0.958475
2.924688
1.143066
0.527601
0.566488
-1.632168
0.701623
1.684534
1.460124
0.799630
0.313376
1.078012
0.991987
0.185540
0.966918
-0.365853
2.005574
2.745568
-0.385859
1.007709
0.741559
0.805732
0.588547
1.119007
0.023023
1.851396
2.504728
0.432220
1.255750
0.982884
2.223764
2.308536
0.821173
1.116015
-0.397607
1.266100
2.674927
0.346264
2.865631
-0.622946
1.599461
1.685535
1.149014
0.983135
1.214928
0.264786
1.068438
2.462286
-0.467950
1.284830
0.991426
1.650929
2.713723
2.212320
2.908800
-2.109330
-0.164965
0.418097
1.630210
3.094763
2.384848
-0.135282
0.973946
0.355649
1.795152
0.292129
-1.122130
0.095739
-0.553359
0.871130
0.738177
1.876097
0.733051
1.352605
1.182339
1.382748
0.422179
-0.258053
1.142214
2.326675
-0.747503
0.325916
1.849333
1.076185
1.809538
2.093429
2.352373
0.593646
1.501676
-0.049769
1.369284
-0.048468
1.837978
2.356357
1.675046
1.874673
0.421607
-0.643118
0.726294
-1.217913
1.111928
1.869449
2.743998
0.306863
2.606522
0.762892
0.844283
1.688120
1.948859
0.212788
-1.255075
0.495472
-0.972293
1.456084
1.436156
1.725499
0.799426
2.996477
1.527599
0.950197
1.276750
2.584419
1.045347
1.850212
2.614569
1.469190
1.785125
0.893689
1.530428
1.828407
0.131943
1.514462
1.635088
0.939087
0.197052
-1.435242
1.556639
1.522277
2.010508
0.619164
1.020917
0.918924
0.428828
2.235333
1.611198
1.132020
1.338701
1.284727
0.590777
1.256863
1.650649
2.615739
-0.062530
1.083975
1.227943
1.120397
-0.475561
0.776987
0.502360
1.517983
2.092437
0.418517
0.203231
1.584916
-0.595700
0.393666
0.689430
0.279225
-0.137315
1.659793
0.345741
0.636949
3.515607
0.209618
2.476224
0.233241
1.909492
4.526205
0.348976
1.569301
-0.303766
-0.162048
-0.165277
1.139261
0.898969
2.987459
2.245622
2.078547
0.310303
1.167960
0.744264
-0.854469
0.225701
0.952273
0.893583
2.165418
0.034606
1.553059
-0.229600
1.858934
0.676934
1.798579
2.039981
1.398002
0.914754
1.902927
1.521777
1.133636
0.229189
2.137948
0.871224
0.997166
1.096842
0.349669
0.293940
2.585535
1.239120
0.908734
0.093101
2.107716
0.452593
1.712345
1.478214
2.596288
2.450780
-0.785757
1.005213
1.358068
0.829807
2.660164
0.938233
2.221936
1.723113
1.800091
-1.337049
-0.014190
0.618622
0.351774
1.352826
1.033805
2.860661
0.207879
1.327580
1.778417
1.215280
1.676867
2.556917
0.620652
-0.221185
1.313746
1.817076
-0.519736
-0.150443
0.697960
0.621136
-0.294093
-0.089598
0.642846
-1.560774
1.023614
0.821180
0.990226
3.054257
1.771068
1.473716
0.738937
0.360390
0.608878
0.693348
2.246839
2.319758
0.025795
1.476208
1.441688
2.848487
2.914086
0.850143
2.372116
0.711377
1.186901
1.308771
0.615811
1.081583
1.030343
0.422366
2.177186
0.598823
0.832155
0.893605
0.279813
1.833379
2.749172
-0.667137
0.646215
0.552938
1.247121
0.967984
1.354638
2.609532
2.210564
1.586109
0.182761
1.024154
1.183731
2.146183
-1.397824
1.403147
0.356779
0.600788
0.135453
0.101807
-0.070866
1.390144
0.718957
0.851329
2.384430
1.122667
1.408402
2.641197
1.208785
2.098873
0.839013
0.328848
2.642121
0.939172
-0.691996
1.096292
0.112710
1.184515
2.273325
0.005517
0.036008
0.491586
0.142126
0.065637
3.344266
0.288744
2.519787
1.184688
1.886926
0.741021
0.616350
2.124814
0.417439
1.269120
0.427415
0.477984
2.556469
1.899070
1.391187
-0.106283
2.739597
0.802840
2.624812
1.239122
0.490635
1.287679
0.812771
1.310086
-1.332081
0.670997
1.219962
0.259253
-0.019198
-0.006963
2.016835
0.734732
2.674117
0.378392
-0.529921
1.189256
1.923463
0.733156
3.135339
0.725601
1.314670
2.317725
-0.671437
0.747810
0.248178
-1.354167
2.592523
1.593134
1.504834
1.941618
1.052922
3.282251
0.340815
0.043127
1.497433
1.160983
-0.052015
-1.288348
1.056550
0.690509
2.061184
0.711439
2.824182
-0.199367
-0.441100
-0.326957
-1.254736
-0.231811
0.336457
0.400838
1.534391
0.416416
0.507733
0.769300
0.029005
0.614402
-0.071191
-0.597949
0.390092
2.109806
2.657150
0.708298
0.985678
3.111481
1.378325
2.201653
2.641992
1.684368
1.613386
-1.406897
0.796452
1.670541
0.986362
0.473146
0.443514
2.242880
0.224109
-0.445219
1.989244
-0.341587
1.055850
0.664181
0.819821
2.560756
2.383242
0.751827
1.096154
0.198617
1.669841
1.287839
0.598874
-0.841495
1.001427
1.887543
2.001581
-1.775579
-0.619972
0.716249
1.272467
1.721606
1.511517
-0.597746
0.619401
1.672159
1.058785
-0.324742
-0.431434
3.414751
2.006220
1.166395
0.983868
0.347884
0.535771
2.476018
3.853399
-0.234292
1.415903
1.296421
1.732484
-0.588817
1.520099
2.027567
0.906201
0.336800
0.633910
2.830092
0.513586
1.709065
1.152902
-1.244824
0.078196
0.749180
1.152250
0.553693
0.975658
0.069489
-1.737465
-0.368359
1.946474
1.956470
0.532861
1.959577
1.446111
0.638864
-1.373023
0.117799
2.300319
1.036386
2.655313
0.756976
0.779888
0.501366
2.140172
1.015223
0.164925
-0.414791
0.889569
2.765996
0.449303
1.738500
1.842554
1.565207
-0.646274
3.112823
-0.481667
-0.487372
0.987741
1.533263
-0.656710
-0.316945
-0.273347
2.025012
1.869947
-0.018612
1.129246
0.104143
-0.166636
1.806649
-0.102573
1.442589
-0.548191
0.658742
1.122787
-2.057246
2.100927
1.644522
0.257381
0.609772
2.288186
1.314425
1.519984
1.527210
1.103121
0.849907
0.438673
3.696227
1.558528
1.471788
1.923485
1.403576
1.687307
1.213196
1.106004
1.451955
2.871181
0.079278
0.905105
2.187874
1.024117
0.275808
1.536800
1.865704
0.724610
1.072776
-0.181324
1.347366
1.488123
-0.519806
1.993616
2.263958
1.261319
-1.011229
2.301354
0.113091
-0.200056
-0.316745
-0.168847
1.346177
-0.612907
1.760414
1.100213
2.089518
1.301182
1.105899
0.253687
1.184753
0.126170
1.013466
0.828469
1.002669
1.544497
0.066736
2.732829
0.480490
1.245703
1.683733
2.355302
3.518603
-0.309153
-0.254535
2.760900
-0.092180
1.996551
0.630213
0.963840
-0.905074
1.048864
0.406937
2.059614
3.340897
1.853369
0.158522
1.188879
-0.449056
1.701415
1.535275
2.810299
2.245616
0.206478
0.729727
1.056476
0.983053
-0.069693
2.139381
1.954277
1.535029
1.198244
-0.424069
1.480761
1.109470
2.749582
0.532790
1.696018
0.800055
2.490525
1.112269
3.115406
1.514990
-2.197716
0.490014
1.652823
0.264721
0.624085
2.046587
0.975351
0.823885
0.242247
0.305343
2.331434
2.330122
1.340127
1.332491
2.520313
1.549671
2.655814
-0.370427
1.974709
2.902875
0.090721
1.443195
-0.887657
0.954486
-1.095848
0.815313
0.193574
1.789188
1.287092
1.012138
0.875748
1.411954
0.577080
-0.456174
1.420764
1.599960
1.458105
2.649452
1.913183
0.996038
0.236532
1.405069
1.014748
2.981714
2.824240
1.529136
1.133996
-0.676342
0.286994
2.138709
0.526362
1.335347
0.476659
0.591082
0.884981
0.665256
0.853940
-0.296685
1.678745
0.755844
1.075868
0.312467
0.728688
3.282799
0.453948
2.166195
1.720530
1.803900
2.149736
1.155755
1.186801
1.501134
-1.630283
-0.344073
-0.237353
0.579056
2.531978
0.624550
1.972762
0.139812
-0.442724
0.283557
0.888947
1.083411
-0.893450
1.964428
0.844402
1.280147
0.496244
2.167685
0.916768
1.445362
0.406596
0.883079
2.402593
0.224112
3.465884
0.365864
-0.033548
0.534581
3.397942
0.250037
0.826694
0.916632
1.461433
0.373179
1.563075
0.705757
1.169529
2.062630
-0.164754
2.702529
0.355297
1.669956
1.913603
-0.170115
2.458385
0.458311
-0.003937
1.821390
-0.074053
1.943943
1.965876
0.698538
1.071560
1.627969
-0.122988
-0.125604
0.950434
0.672077
1.440620
1.629026
0.700429
-1.375690
2.273838
1.955412
-0.664620
2.264162
-0.847880
0.186960
-0.191209
-0.586441
1.097116
-0.163793
-0.655937
1.352628
1.301135
1.270745
2.496105
-1.933164
1.184411
1.747595
1.631469
0.162327
1.100610
0.974860
0.715333
2.532213
1.088147
1.712098
1.098223
-1.339283
0.687101
0.777421
0.427421
-0.083317
0.825621
1.188335
2.057899
-0.259662
1.031226
0.001042
0.799481
0.908590
1.000581
0.856205
0.477124
0.845088
0.717703
1.263527
0.361955
0.681993
2.008297
1.189520
1.878250
1.065415
-1.057551
2.179600
2.453176
2.335081
0.646461
3.959408
1.149138
1.029826
1.444436
0.857725
0.759179
-0.450823
0.245114
1.061021
2.355627
2.336858
-0.783892
2.714864
0.949010
-0.050309
0.356167
0.838376
0.388277
2.087814
0.901896
1.617973
0.298577
1.257738
1.483555
0.770947
2.271575
0.878398
1.148715
2.202765
0.004042
0.257738
2.021128
0.662453
2.039660
2.683115
1.775393
0.565763
-0.589600
0.217510
2.181801
0.424270
1.265924
-0.227818
0.862377
1.895139
0.721023
-0.120628
1.350411
1.199612
1.575564
0.179016
0.235561
0.733949
0.961122
1.050771
1.342794
-0.455738
2.929855
0.644155
0.691470
0.744024
1.365637
1.943635
1.084438
2.699573
1.330210
2.877742
1.810886
1.067431
2.282145
0.650659
0.912240
0.691118
1.147764
-0.519741
0.131011
0.913411
-0.525251
1.058999
-0.415488
1.046384
0.757617
1.416471
2.254349
0.573473
2.255718
-0.318541
-0.450012
1.893944
1.418743
1.176461
0.932958
0.439493
1.340182
0.930376
1.573649
0.584422
-0.570944
1.029789
-1.049535
1.523214
1.398698
0.102686
-0.726733
0.922408
-0.840749
0.469156
1.952314
2.984626
1.012840
1.025223
0.566163
1.326990
2.522506
-0.022530
-0.359523
1.887014
0.063985
2.068850
0.731144
-1.126177
-0.482142
0.557052
-0.507336
1.945838
0.568223
3.003755
1.252711
0.209608
0.768229
1.250254
1.917548
0.819341
1.262389
0.933451
1.229133
1.661600
1.473365
0.901837
-0.113991
1.467885
-0.206086
0.371764
0.894611
0.575968
0.996053
1.500931
1.039457
0.898713
0.527201
1.321993
1.438940
0.627714
-0.087653
2.571030
0.313844
0.287447
0.386221
1.468825
0.385463
1.258097
0.995276
