1000
-0.497058
0.945399
1.415034
1.095020
2.330926
0.763046
1.620665
0.606881
2.208448
-0.031015
-0.057770
1.135788
0.411336
0.438767
0.501775
-0.605740
2.361555
-0.848414
-0.657257
0.452325
0.002079
1.544593
0.096524
2.157619
2.022113
2.640613
1.700654
2.467510
1.139398
-0.566036
1.895233
3.329397
-0.723714
0.485281
0.582940
0.354308
1.549332
1.717182
0.789510
1.850057
2.599986
1.702802
1.637863
0.991742
2.166394
3.127049
0.815857
0.165115
0.591971
0.878975
1.165926
1.648764
1.105870
0.099104
1.443707
0.824506
-0.580284
1.551476
2.057827
0.543504
0.432894
0.419459
0.033168
0.556129
2.216952
-0.112754
0.909422
-0.021444
0.979921
4.714316
1.367623
1.336201
2.219300
2.037433
1.205091
0.591019
0.139655
1.348062
1.877855
-0.374688
0.327725
3.072911
-0.925997
-0.964612
1.434515
1.019040
1.657104
2.082560
0.147008
3.593865
2.046061
0.842377
1.804093
1.044984
2.980951
1.081454
0.837730
1.081827
-0.269287
0.853123
1.752723
0.103185
-0.192183
0.345505
0.955780
1.555507
-0.363607
0.688624
1.108839
-1.095492
0.424544
-0.118612
1.820290
1.489543
3.660578
0.333302
1.036438
2.831264
0.132562
1.984010
-0.176135
0.903927
1.698323
2.303974
0.083176
-0.317998
0.436808
2.234242
2.164724
1.655363
0.194524
1.425648
0.537383
1.844518
1.783072
0.695480
-0.274556
-0.042767
0.835229
0.146334
1.685845
1.387151
1.056923
1.310753
0.816665
-1.074370
-0.145652
2.178534
-0.977982
0.713479
1.529405
0.288732
2.980962
0.844913
0.740433
0.440856
0.809625
1.976888
0.525775
1.161714
0.119821
1.539901
1.124702
2.119593
1.358807
2.043200
1.484485
1.974067
0.336850
0.967111
1.817391
0.563907
0.637398
2.806270
2.313174
1.012449
0.712200
0.373525
-0.745036
-0.145876
1.299791
-0.013243
2.086614
3.286584
0.531692
0.897233
0.639491
0.461551
1.697202
1.040955
0.827891
1.487819
1.030450
0.669946
2.049559
1.704796
1.672437
1.042152
0.662861
0.483249
0.197736
1.316156
0.006910
0.913336
1.454330
0.989376
1.743429
0.930249
0.974643
2.727259
-1.090560
3.065215
0.289384
2.084448
1.371098
1.421549
0.110105
0.648169
2.299581
2.430069
0.978210
1.287559
0.031921
2.726990
1.440933
2.600973
0.727537
1.937101
2.136937
2.481045
1.326296
0.639769
0.704261
2.034845
2.364527
2.236061
0.497963
0.943434
2.970561
1.081120
1.014270
0.416736
1.897586
1.684487
2.442904
-1.028655
0.288244
2.358099
3.305065
0.319528
-0.394851
0.275305
1.268960
-1.728321
1.418605
1.208357
0.532790
2.596437
1.090218
0.292708
0.408427
3.255865
1.703949
-0.002246
1.475432
2.000248
1.850531
1.057556
3.871818
0.565866
2.182079
0.473086
1.098570
1.491282
1.511961
0.755207
0.994586
1.445015
1.478871
1.210477
2.872485
0.477249
0.852597
-0.548753
-0.546509
1.454039
0.706126
0.149756
1.484427
0.800511
0.631166
1.195233
0.815692
0.624355
0.094453
1.390001
0.586492
1.306922
-0.052508
1.078241
-0.038832
2.458503
1.050550
-1.116110
0.569031
1.696222
-1.179395
-0.155024
0.897833
0.925023
1.779357
0.699217
1.526426
1.741728
1.312819
3.456274
-0.279256
3.260991
-0.126036
0.966814
0.598695
2.157953
0.540050
0.373876
0.826386
1.842141
-0.305711
2.581626
-0.716395
-0.535978
0.374283
-0.411203
1.477199
0.021682
2.570406
-0.006397
0.814706
0.584558
2.799550
1.827351
0.432818
1.806355
2.676058
0.630270
1.621087
0.133691
-0.226409
-0.770933
0.415793
0.175594
2.013552
0.348488
1.300115
-1.131699
-0.918336
1.911580
1.415411
-0.390967
1.868113
1.857560
1.275302
1.657122
0.131063
1.562039
0.896193
0.881481
0.203448
1.169645
0.038222
1.883577
1.070463
1.783827
-0.268060
-0.116697
1.528861
1.909035
1.672436
1.323546
2.707693
-1.465587
0.919788
1.719064
0.588852
-0.538555
0.114494
2.597792
-0.410742
0.272602
-0.616878
1.482588
0.979772
1.982142
0.925537
1.107310
1.063689
3.197401
0.420914
0.297003
1.429888
1.645170
1.269497
1.511909
2.659107
0.058700
1.025660
0.596176
1.732594
0.547804
-0.595633
2.157509
-0.306266
0.006705
-0.042801
0.618785
0.134491
1.395020
1.053185
0.004942
3.076790
2.235700
-1.047169
1.077292
1.545633
0.780290
-0.106083
0.971191
-0.303707
1.613967
0.781941
1.302025
2.623974
-1.503747
2.148785
2.144329
0.558748
-0.771027
2.327209
0.962854
1.803757
2.275490
1.027214
1.696069
1.104531
1.346829
0.515683
0.802175
0.109742
0.930327
2.250005
1.832915
0.391290
0.455703
0.714613
1.413889
1.135229
0.094964
0.248794
-0.296587
2.663122
2.001504
0.698474
1.022653
1.624981
0.376861
-0.098549
2.444211
1.990553
1.694946
3.117170
0.792044
-0.466747
1.779252
0.740743
0.636956
2.553669
0.561406
-0.383547
1.295009
0.226766
1.986537
-1.550068
0.117473
1.900242
-0.120377
2.465717
1.573913
0.033742
2.349669
1.909791
1.417192
-0.662525
2.794957
0.942549
2.320597
-1.280000
3.634013
1.009433
1.808547
2.184602
1.136983
-0.269787
1.063589
1.398709
2.234757
0.168714
-0.864323
0.474564
0.380988
-0.603506
-1.061978
-0.515765
0.937390
2.506411
2.193118
1.423268
1.053126
1.296112
1.625130
1.541485
3.350574
0.964131
0.942691
0.958581
2.198613
1.342472
0.661697
0.564976
2.219642
2.086104
0.521117
0.741635
0.485193
1.536105
0.501687
0.095302
0.629383
-0.295913
0.777105
0.247883
2.044010
-1.533059
1.332700
0.707737
-0.048505
1.497002
0.298943
0.859984
2.324541
1.764613
-0.043806
0.574765
-0.848977
1.349731
0.584062
-0.108304
1.578770
0.485738
0.950329
1.531713
0.146070
-0.801168
0.600439
1.665200
-0.601719
1.264330
2.138134
0.389201
1.745095
1.154763
-0.390467
0.340755
-0.698317
-0.056469
-0.040362
0.606636
2.074421
2.282491
1.193099
1.064703
0.561200
0.512848
1.220636
1.153572
-1.063254
1.074663
0.357156
0.572117
0.016064
-0.206480
0.783301
-1.691299
0.523057
0.135477
-0.126998
1.861233
0.600497
-0.184254
0.776113
0.753261
2.055057
-0.263496
0.575707
0.645038
1.748145
0.854186
0.975651
1.387598
-0.570721
-0.206169
-1.813143
0.856435
0.329827
2.189501
-0.913072
-0.344453
1.242072
0.962480
0.377408
1.804278
0.271417
1.509935
1.506558
1.010866
1.923178
1.106384
0.782054
1.874983
2.213110
2.828724
0.454594
0.328663
0.920547
-0.085019
0.300898
2.361133
3.106626
2.158490
0.002425
1.274478
3.281747
-1.021220
0.271004
0.657416
0.534347
2.164392
2.335224
1.564271
1.335794
1.133967
-0.069219
-0.095397
1.106024
0.853673
2.572048
0.322381
0.223407
1.909927
0.750693
1.042984
0.533375
3.406292
1.780868
0.373548
0.400158
-1.230392
1.729578
1.479500
0.944324
1.110480
1.665061
1.304311
0.849617
0.991263
0.485093
2.609872
2.219678
1.062584
3.050622
0.331484
1.527195
1.598902
0.660656
0.397809
1.280472
2.229153
-0.065391
-0.395000
1.637551
-0.088852
0.601023
0.037006
0.901573
0.343255
0.681674
1.785382
1.569508
0.605330
3.866459
1.235720
2.252522
2.101453
1.108033
0.284665
-0.222718
1.417710
1.353369
2.724694
-0.546730
0.895472
1.811284
1.898847
1.952623
1.562749
-0.788614
0.645589
1.426341
0.160478
1.147602
0.960504
0.099694
0.566197
2.087425
0.950293
0.344297
0.563281
0.893666
2.550406
0.390154
2.094402
1.943670
-0.029206
1.921361
3.046924
1.198753
1.663420
1.193746
1.262690
1.434670
1.239145
1.438136
0.857877
-1.195509
0.767505
-0.261534
0.919785
-1.492630
1.801869
1.385053
0.233133
1.175234
0.367567
1.480634
1.599586
1.709610
-0.259687
0.705282
-0.177798
2.983454
1.949433
0.851433
-0.579838
0.583558
-2.326918
1.142245
1.350545
0.830126
1.043811
0.771102
1.791263
1.460977
0.815048
0.998826
-0.726170
0.413834
0.489057
-0.321111
1.096749
0.881703
2.016268
0.258931
0.024845
2.178526
1.093291
0.259097
1.250751
-0.294205
0.021457
-0.469031
-0.934236
1.210968
2.454993
2.109399
0.218621
2.024879
1.077446
-1.388182
-0.790622
0.937344
2.467726
1.741521
2.137598
1.662589
1.411048
0.992648
1.665288
2.385139
1.475788
3.062039
1.829539
1.693896
1.030252
0.876498
2.344104
1.402413
0.408481
-0.522639
0.411458
-0.123490
2.753188
1.056649
1.024499
1.019403
1.297583
2.207515
0.070703
2.884998
0.972235
0.842504
0.554731
0.814165
0.194978
0.878426
0.453961
1.400474
-0.011161
3.141888
0.569269
1.874896
-0.994617
1.916124
1.046139
2.151985
-1.341803
2.655931
-0.964510
1.005226
2.685624
0.037156
0.163727
1.416911
0.095227
0.287401
1.119233
1.125389
1.653043
0.501537
0.610156
2.340811
-0.793204
0.448949
0.679957
0.518339
1.465615
0.963337
0.161185
-0.539687
-0.186757
-0.434123
1.502062
0.932503
0.830909
1.352989
1.929117
0.192468
-1.680267
1.331278
-1.460651
1.531120
1.872162
-1.022184
2.090955
1.970792
1.086968
1.361585
2.792404
1.040884
1.580099
0.738634
2.865558
-0.240322
-1.738557
0.358663
0.293518
1.664029
-0.319633
1.619705
0.547130
1.808227
0.154927
0.479798
-0.009891
1.328246
0.974539
2.210408
1.760854
0.867535
1.094103
1.979203
-0.004802
-0.133044
-0.231959
-0.068182
0.355810
1.671540
1.027415
-0.067209
0.921885
1.164863
-0.043702
0.005922
0.259347
2.659419
0.377883
0.976113
1.069915
0.624760
0.672606
-0.216225
1.769680
2.276010
0.197474
0.884461
1.106270
0.659482
3.227918
0.387955
1.471477
-0.143215
0.667921
1.053170
0.834412
2.879707
3.130884
1.115654
2.200245
2.167063
0.437202
-0.270478
0.665854
2.740679
2.535018
0.320519
0.758142
0.664514
1.072266
-0.973255
2.564960
3.223015
1.945110
1.971947
-0.159183
2.267756
0.241855
1.524582
1.961816
-0.083422
1.392576
0.546153
-0.144501
-0.352349
-1.548321
0.517724
2.107673
2.746609
0.488604
0.784024
2.127127
1.514054
2.281489
0.603375
1.162512
-0.305281
1.958052
0.097178
2.086866
1.935192
2.075071
0.639721
0.507379
1.112441
0.956819
0.487675
1.537302
0.898270
0.157433
0.557863
0.870623
0.352111
0.988726
1.802591
