1000
-0.257780
1.438101
1.654849
1.073778
0.116884
0.844196
0.924537
1.310900
1.784539
-0.535087
2.511518
0.134747
0.489370
0.354616
2.067051
0.942455
0.739460
1.477147
0.904647
0.415683
-0.536630
2.352679
1.062050
1.164271
1.008978
1.425238
0.933602
1.688156
2.157793
1.282633
0.187389
-0.013159
0.247634
1.789268
1.598296
1.156074
-0.033847
0.546436
1.295871
-0.556275
1.520939
-1.676723
0.422081
0.979610
0.975767
0.935022
0.847091
1.942289
1.434820
-0.682089
1.203124
0.812959
-0.514849
1.177952
0.063146
1.028054
0.296830
0.639353
2.369042
0.011532
1.048904
-0.388736
0.596269
1.173878
-1.349002
0.609066
0.233313
0.923820
1.531388
0.962939
-0.522825
1.492788
0.764102
0.780528
0.038347
0.732874
3.070897
0.625140
1.297212
2.493698
2.307133
2.611575
1.252568
0.089846
2.918081
1.240612
0.546564
0.409092
-0.406890
-0.594746
1.382170
0.596482
-0.215518
1.540996
1.087819
0.734941
0.491782
2.694785
2.325002
0.957602
-0.885201
2.808836
-0.151374
0.097161
1.549021
0.614704
1.614756
-0.666314
0.691625
1.329745
1.286785
1.280941
0.649430
-0.038678
1.767515
1.892413
-0.157937
0.521190
2.098196
0.098803
-0.641798
0.439261
0.826923
0.911861
1.274816
-0.365787
0.993468
-0.213447
0.679139
1.901000
0.232744
2.480150
1.968245
0.234183
1.649877
1.228302
2.390540
2.983626
1.205291
-0.556435
1.215984
2.597575
1.424240
1.486409
1.136750
1.302611
0.924771
0.155127
0.188898
2.680553
0.939805
-0.046437
0.418622
2.470469
1.118651
-0.258040
1.703005
0.603135
-0.030331
1.732672
-0.505098
1.804392
0.677191
1.108400
1.454781
1.052774
0.015446
3.906478
2.689959
0.535972
1.569763
1.612817
2.496574
0.239031
0.846298
2.574454
1.542045
1.378365
-0.741796
0.774160
-1.403516
0.961601
0.710679
0.283280
1.087981
1.852429
1.908335
1.456464
0.797715
1.407194
0.311211
0.462768
0.713394
0.683508
1.044887
1.933215
0.549581
1.063912
1.867762
-0.096711
1.367995
1.658071
0.646539
1.156351
-0.213638
0.962592
0.626594
-0.007388
0.733493
1.408190
0.988873
1.164849
2.048137
1.771803
0.561801
1.399718
1.984628
0.470692
-0.268835
1.681449
0.870451
0.813201
2.085465
0.464808
1.461535
2.583832
1.115825
2.824885
-0.603907
2.609837
0.606737
1.238521
1.669292
-0.206713
0.547292
1.966725
0.889515
2.032771
1.761657
1.490698
1.314520
0.359868
0.429618
0.866072
-0.050369
0.858249
0.165000
1.360959
0.684113
0.735901
0.525151
1.080974
1.954043
2.342900
-0.260470
0.492116
0.377525
1.513000
1.466061
0.289516
-0.107499
-0.112243
0.641789
1.426886
1.376161
1.650691
-0.027899
1.002060
0.924752
-0.852346
-0.932665
2.376872
0.466184
1.590466
0.811609
0.286822
0.940287
0.746448
0.066111
-0.376610
2.208394
1.206476
0.694549
1.690791
-0.250576
-0.377076
0.866660
1.415827
0.023748
0.684623
-1.402316
1.512975
1.363097
0.148300
0.303009
2.879838
0.998214
0.816320
-1.398420
0.472731
0.351557
1.341664
0.397272
-1.803481
0.901617
1.458544
1.208577
1.730231
1.231550
1.322144
1.662823
1.253893
-1.246311
0.861047
2.422610
0.631755
1.028862
0.446166
-0.641268
-0.193459
0.239919
1.787463
1.754286
2.222516
1.551531
1.632135
2.975178
1.051975
0.150107
2.736292
0.298452
0.183257
0.820513
-1.147293
-0.017037
1.398719
0.465050
0.427124
0.157701
0.382684
2.109997
3.276316
1.430356
1.491252
1.953833
-0.359008
1.026507
0.327406
-1.148598
1.256046
1.712478
0.843544
1.234947
2.807553
2.881081
-0.610120
-1.540423
1.298801
0.600652
0.617617
0.020009
-0.435886
1.454511
0.540961
1.827082
0.860718
0.897283
1.155000
0.613670
1.122128
2.077553
1.687037
2.146054
1.627946
-0.553745
0.806672
1.003618
-0.278939
1.013404
0.353606
1.667192
2.037712
2.353889
1.775189
1.304986
-1.587725
0.813450
1.238080
-1.495061
1.597809
1.658184
-0.306174
1.251648
-0.251277
3.183191
1.004984
1.357766
-0.907832
1.594811
0.140737
0.776719
2.287962
0.608233
0.231792
1.615154
0.838548
0.190050
1.252133
2.496439
0.973533
-0.305108
3.030248
0.802730
1.513636
2.312316
1.712601
1.010538
0.628837
1.086893
0.197357
1.293110
0.420459
-0.429237
1.034821
0.709274
0.625078
0.052197
1.200632
1.587979
0.802527
0.920510
-0.602909
2.005921
1.827469
2.307859
1.820501
1.123567
0.421530
2.190370
1.684159
0.349812
2.145611
1.346841
0.950639
0.192995
-1.774266
1.662922
1.729096
-0.441837
2.101926
0.841390
0.620602
1.461509
1.532792
-1.050556
-0.000285
1.279795
2.270634
1.331239
2.055109
0.086825
1.444039
2.595787
1.609204
0.144600
0.799750
1.706671
1.129384
2.824920
1.117422
1.967349
2.015516
0.725418
1.391183
-0.303460
-0.134055
0.119204
2.013704
1.703032
0.256522
0.238739
1.254501
2.679926
1.323308
2.103445
-0.495688
0.027540
0.107057
1.528513
1.789363
-0.099857
1.885486
1.674188
1.434577
1.394484
-0.941773
-0.709974
-0.212244
2.232948
1.146795
0.123060
0.017895
1.129939
1.455697
0.068717
2.591237
1.040898
1.153284
1.069319
-0.483715
1.085715
-0.392849
1.117441
0.930544
0.875942
0.114150
0.330796
1.453884
0.797490
1.448806
1.010157
1.947566
-1.018038
0.634260
1.223422
0.565207
0.682613
-0.026656
0.116865
-0.060373
1.197071
1.405080
2.781787
-0.171381
1.127210
1.610472
0.418876
1.464211
1.060448
1.659591
0.370832
-0.291394
2.357250
-0.544302
0.707817
2.066541
1.770151
0.821416
0.242062
1.278499
1.086973
2.643042
0.361336
2.396736
2.373389
0.786174
-0.411708
2.067169
3.048735
0.076584
0.871801
1.570441
0.250722
3.770462
0.562523
1.552349
1.567698
-0.960044
1.571284
0.929973
0.246791
0.139066
-0.476474
1.552139
0.509513
2.013322
0.390395
1.272323
1.288201
2.731041
0.012304
1.302913
1.146514
1.646080
1.182447
1.091136
-0.007683
0.909225
1.156968
1.298512
1.750555
1.505721
0.270538
0.547711
1.534778
1.768807
2.059293
0.680785
0.710984
1.272791
1.808243
1.048271
1.795541
0.550623
0.094249
3.064318
1.397279
2.325726
0.192505
-0.133484
1.117482
1.616677
1.199909
0.902263
1.149090
2.508920
2.335610
0.851121
0.735427
1.194603
0.624605
-0.115946
2.012060
0.330680
1.624578
0.142379
0.990036
2.813719
-0.974852
1.986000
0.828171
0.951912
0.064677
-0.365953
0.696867
3.801265
1.241961
1.457248
1.625822
1.063963
0.554905
1.841798
1.462679
0.864458
3.138079
0.898560
-0.193040
0.347983
2.344861
1.967813
0.518495
0.508839
1.583924
-0.829808
1.274986
0.912277
-0.335251
1.392568
-0.100833
1.214130
-0.343832
0.699070
-1.015535
1.318853
1.281542
1.118406
2.374263
2.015546
0.855489
-0.956800
0.777531
1.557758
-0.917045
1.003723
0.437926
1.246720
1.708625
0.372126
2.509674
1.100560
2.086772
0.806536
0.005967
0.873888
3.292055
2.041959
2.337031
0.214443
1.919339
1.727719
0.778190
1.772618
-0.360326
0.879415
0.475395
2.827482
1.902653
1.734348
2.318845
2.394758
0.097981
2.321578
-0.406615
1.768489
-1.382265
-2.421445
1.030379
-0.663435
0.637975
0.240082
-0.025313
1.827392
1.565214
-1.362112
0.533686
0.522173
-0.078094
1.186532
0.626845
-0.379789
1.673406
2.418551
0.761096
-0.815547
-0.835571
0.042331
1.820830
1.232322
2.410022
0.866651
1.696142
1.001272
0.552870
0.785596
1.342440
0.472841
-0.098109
-0.001759
0.425782
1.878314
0.232637
1.265696
-1.168727
1.525577
0.731643
0.147375
1.405605
1.289707
0.881442
0.970805
-0.459726
1.410386
1.422123
1.889128
1.391540
1.044689
0.758291
0.326444
1.173525
-0.396195
0.752158
0.890365
1.419033
1.742455
0.707066
-0.685871
1.643433
1.947382
0.255742
1.765600
1.427468
0.262214
1.373453
2.749668
0.278269
1.731643
0.241375
0.911725
0.942266
2.053851
1.541705
0.749146
1.191058
1.749680
0.149518
1.987547
0.726387
0.877363
-0.255222
0.068593
-0.013680
-0.068850
-0.959210
-1.491045
2.495164
1.222065
-0.521607
1.277825
-1.433778
0.771461
2.163214
0.431212
0.947405
2.604197
0.120406
0.387523
1.587206
1.685061
1.663562
1.541345
1.832725
0.218904
2.339617
2.116206
0.474969
0.642009
0.330686
-0.558853
2.115981
2.654662
2.219533
1.642528
1.292866
1.491742
0.501994
-0.845716
-0.036185
1.337439
0.827776
1.170100
2.804154
0.776641
1.099665
1.507543
1.490865
2.316169
2.288625
1.510927
0.610099
-0.931618
0.721359
1.543367
0.274701
1.646665
-0.108431
0.842923
2.588229
3.882867
3.659458
1.012593
1.340317
1.888562
2.304619
0.778508
0.181912
1.377812
1.462909
0.960046
1.627727
1.921851
1.263986
3.520689
1.985755
-0.687483
-0.694766
0.605397
1.140211
1.429980
2.284976
1.365326
2.431125
1.025761
1.621204
0.701901
0.935838
2.223560
1.872202
-0.044339
1.057688
0.140477
0.217040
-0.596862
1.535675
2.010861
1.753274
0.813087
0.669101
1.390475
1.267843
1.762451
2.093373
1.406279
1.757932
1.056424
1.266818
0.089403
1.174557
1.263549
2.065957
2.698112
4.112071
0.103725
-0.155792
-0.209499
0.777595
0.814045
0.207618
1.666073
1.173391
1.231218
2.068308
3.930270
0.082918
0.212347
-1.622340
1.520439
0.239728
0.384573
1.710472
-0.148396
-0.222426
0.451085
0.948842
1.657348
1.404970
1.212527
1.798803
1.488613
0.714012
-0.597781
-0.791964
0.805123
0.045215
0.364993
1.801155
1.145648
0.979649
1.793700
-0.322008
0.463964
1.337058
0.395973
-1.104966
0.122753
1.330860
1.011971
1.485552
0.819968
1.945432
1.597247
0.184959
-0.106291
1.458130
1.669042
-0.469445
-0.038504
0.234214
2.025791
1.049247
2.732802
1.623233
0.804912
-1.348460
0.854693
2.684735
2.112643
1.794594
0.546478
1.866038
0.431481
1.237286
0.337419
1.522380
1.338657
0.432060
0.548403
1.081446
1.702682
-0.167578
1.118813
0.598224
0.027351
1.523555
1.056999
0.314621
1.863079
1.564111
-1.580915
1.029111
0.149396
-0.290247
1.096292
-1.263883
-0.205218
1.720611
-0.162969
-0.181500
3.596993
1.722203
0.547879
