1000
2.596512
-0.404849
1.742754
1.870516
2.297865
2.150363
2.006065
0.311256
0.145801
0.973889
0.070469
2.326847
0.477896
1.873539
1.229641
0.782628
-0.224035
1.633252
0.966889
0.713973
2.165975
1.730647
0.826872
-0.663101
0.891811
2.154196
-0.879672
0.809827
0.482362
1.787095
1.257074
2.188131
0.558336
1.599486
0.327341
0.695387
1.775338
2.112414
3.263634
1.089266
0.852057
-0.147562
0.952542
0.837729
1.397634
0.517750
0.360943
1.247025
-0.227487
0.099854
0.859895
0.302250
1.405334
0.418900
-0.107930
1.647788
1.112074
0.401651
-0.298530
2.618585
2.061612
2.910928
-0.032785
1.244839
1.199122
-0.660996
1.291945
0.601213
1.649842
2.233905
2.407098
-0.936263
2.070853
1.835631
2.258053
1.472720
1.384862
2.425708
1.050083
0.205911
1.189592
1.028850
0.540036
1.446651
2.416536
1.274069
0.413926
0.870455
1.137068
1.602003
0.502286
0.829650
1.116351
1.049343
1.791555
3.305973
0.476024
1.675400
1.919668
1.375814
0.605076
1.590033
0.051708
0.925908
0.965145
0.837333
0.828593
0.990236
1.354801
-0.534532
-0.013783
3.324737
2.044253
0.183485
1.728554
0.754435
2.335806
1.595808
0.755997
2.313259
3.728713
0.926717
1.309162
1.625996
1.969425
0.512210
0.528810
1.587815
2.076103
2.566195
0.838863
0.248860
1.525232
1.610131
1.024581
0.453717
2.379814
0.324679
1.527458
1.686855
2.665401
-0.491375
1.287500
2.638809
0.752793
0.038823
-0.268325
1.873057
0.273502
0.978128
2.438145
0.593944
1.398692
1.127992
-0.024723
2.440325
0.960066
-1.181447
-0.981430
1.956161
-0.197224
1.744261
1.234212
-0.455567
1.347488
-1.302493
0.351209
1.578264
0.527523
1.425403
-0.648147
2.001025
1.876244
1.248699
1.184317
1.423422
2.805109
-0.287548
1.581996
1.011853
1.006622
-0.116866
0.290302
-0.278805
0.383938
1.094574
-0.953834
1.285204
-2.296256
0.995893
1.662751
1.723959
-0.910855
-0.700076
1.516557
0.456903
1.166712
0.531576
2.578346
0.090758
2.261488
1.603011
0.909572
0.369046
1.144512
0.981640
1.812599
1.965603
1.705207
1.121527
0.616548
0.545448
-0.760044
2.160668
0.692619
2.499858
1.914160
-0.755641
1.290457
0.878549
-1.322611
-0.335528
-0.995284
-0.148719
-0.403532
0.958030
-0.933569
0.405563
2.109927
-0.407345
0.847702
1.494501
-0.830323
0.602106
0.145188
0.083588
2.204621
2.224345
-0.216716
-0.169856
0.741712
-0.396519
-0.275840
0.858821
0.314266
0.300353
-1.318486
1.800649
-0.599149
3.174129
1.613412
1.980281
1.506817
-0.687768
0.491645
0.398445
0.629929
1.560267
0.660977
0.404574
0.515405
1.829611
0.624512
-0.492326
1.373282
0.542061
1.682212
1.241990
1.565045
0.846964
1.529571
1.275849
0.157518
2.026227
0.702581
2.150522
-0.983615
-0.907422
1.814675
0.356265
0.339979
2.701984
1.327734
0.159607
2.019034
0.891675
-0.875301
1.163940
-0.778070
0.500368
0.987179
0.481125
0.751816
1.907755
1.880402
1.631539
3.532928
2.845415
2.802267
0.896037
0.151088
1.337501
1.499615
1.560091
-0.411044
1.629031
-0.344600
2.013431
2.507437
-0.039703
2.014383
1.026992
0.570050
1.704384
1.357655
0.188149
0.433941
1.771631
1.280713
1.354562
1.392527
2.214024
-0.283740
1.729561
2.586378
3.379523
1.015393
1.399285
1.956826
1.709877
3.351035
0.644669
1.237066
2.484022
0.847826
1.042694
0.812379
2.274247
1.500171
2.107516
0.093541
1.532636
0.293971
2.264465
1.428959
0.949733
-0.939227
-0.189801
0.826113
-0.373988
1.177025
-0.431413
-2.150814
0.487369
1.146854
2.338921
0.063508
1.710490
2.121344
1.439317
0.511470
1.202984
0.728403
1.421731
0.078819
2.720234
0.291668
-0.886014
1.048334
1.135453
1.031795
0.626965
2.555092
0.837278
2.124057
3.447432
0.458618
0.566066
1.401598
1.446068
1.949569
3.044624
1.412852
2.101195
1.506867
1.203241
1.058192
2.255000
0.824064
1.191437
1.518889
1.380570
0.508934
0.996539
-0.234040
0.472423
-0.326455
1.105369
1.508720
1.427309
2.126323
0.708761
2.198581
2.824000
1.009159
0.904009
0.923991
1.541421
0.915542
-0.112286
0.860409
1.335418
3.001945
-1.355681
1.267638
1.212296
1.957931
2.051817
0.057993
1.722471
0.278821
1.068388
2.236571
2.069121
0.835826
1.658639
2.231701
-0.319910
2.611472
0.620648
1.423924
2.052729
0.634279
1.486545
-0.258680
0.110658
1.371453
0.441704
1.856478
1.985011
0.836778
2.409051
-1.001651
0.029391
1.753766
1.193410
3.324502
0.626132
1.127993
1.192888
0.680678
1.193788
0.697785
1.496112
0.049276
1.960347
-0.754487
0.442821
-0.319369
-0.040456
2.615484
1.027627
0.713001
1.676239
1.533437
1.300094
0.809604
2.556090
-0.734644
0.642795
1.127359
-0.469124
1.331155
1.014457
1.064613
-0.159388
0.256625
0.149127
1.513630
1.963003
3.175395
-0.157821
0.790204
1.105338
0.004962
2.381617
3.533856
3.549857
0.879788
2.028480
1.360257
-0.423401
2.448795
-0.269103
0.754081
-0.788735
0.508166
0.308049
1.206866
0.090804
0.866864
1.869567
0.821122
2.259633
1.133291
0.295614
1.403528
2.661646
2.403504
0.919214
0.986324
-0.757720
-0.192945
1.166907
0.647814
0.264051
0.878842
1.108875
2.822013
0.158626
-0.921116
0.013691
0.742195
1.974713
0.900792
0.428160
2.033405
0.427104
0.099875
0.170625
-0.192245
1.155101
-0.138015
1.971333
0.479929
2.324913
3.549931
1.877327
0.469474
1.941089
0.077104
0.041610
3.224413
0.331220
-0.120655
0.612215
-0.559497
2.645891
2.425415
0.543544
0.008664
2.532696
-0.411660
2.431650
-0.480418
1.005082
0.374431
2.408297
0.187829
-0.089351
-0.414443
1.283996
0.284526
1.107802
2.474951
0.921841
1.659139
2.010215
0.147352
2.321425
1.153533
2.608179
2.154544
2.440861
0.389820
2.286391
1.848126
0.765536
-0.682463
2.222804
2.044013
1.840438
1.129168
2.626399
1.521671
0.845341
-0.586614
0.542451
0.958836
1.426240
2.282616
-0.069375
0.953378
0.159909
1.053626
0.478653
1.138528
3.030474
1.056435
1.344864
0.497513
-0.258194
2.146705
0.241167
0.240273
1.412387
2.809624
2.626348
1.909344
0.819060
1.018009
-0.666822
1.266160
1.128533
0.482193
0.566636
-0.231873
1.885262
2.079769
0.537019
1.042688
3.385422
0.305948
0.862640
0.301988
3.994836
-0.438379
0.864179
-1.138592
-0.581982
-0.159537
0.187448
0.790655
0.137302
2.393129
0.883448
2.336351
-2.556506
0.385779
1.595522
2.171761
0.800418
-0.155363
0.928634
2.986355
-0.503066
1.871145
1.760122
0.727972
-1.137064
0.728999
1.367784
0.636794
1.447833
1.565005
2.172458
0.527099
1.301566
1.561568
1.229778
1.615441
-0.473351
1.409073
0.923611
1.523994
1.050562
1.600559
1.496826
2.221290
0.728459
1.615624
0.895596
-1.058549
1.529588
0.730996
2.363210
0.414862
-0.972469
2.597206
1.415423
1.561215
1.355124
-1.350532
-0.176897
1.346745
1.241797
-0.315979
1.147253
0.267160
0.630467
0.103690
-0.239876
1.183904
2.947262
1.831685
1.552838
1.219429
1.012009
0.886955
0.075150
1.209482
0.633172
1.143520
2.555158
1.153417
-0.652357
0.301526
1.894135
2.201402
-1.289965
1.246820
-0.705737
1.505806
2.894003
1.719296
-0.334562
1.751205
1.486363
0.600211
1.713840
1.396835
1.246342
0.985380
-0.915728
0.592917
3.316980
0.172420
2.160180
2.144297
0.656135
0.820169
0.244007
1.262198
-0.891873
2.519641
0.147143
1.065495
0.613503
0.556567
1.635761
1.338365
3.025842
1.418122
1.253682
0.678815
0.067719
1.656416
0.936416
1.358902
1.594224
1.071960
1.419351
0.150530
-0.752070
0.823620
1.559166
2.021200
1.190886
0.189731
2.400033
0.445239
1.032297
1.640612
2.031784
0.903879
2.119584
2.147438
1.039598
-0.350217
0.445360
3.361999
0.516696
2.076544
1.413012
0.387914
2.427745
0.787979
0.674930
1.888648
0.666342
1.021016
2.780716
1.085165
1.710049
1.404978
-1.124351
0.830828
0.219411
2.085901
2.305884
-0.422738
1.078799
1.110147
0.974197
-0.395513
0.735348
1.697864
1.923840
0.294296
1.375409
2.189944
1.772530
1.731000
1.886343
0.911204
-0.389501
1.686574
1.617305
1.216745
0.686315
-0.344729
2.331052
0.548238
0.665804
2.228535
0.819621
-0.260351
1.722799
0.120718
1.635555
1.514900
0.666387
2.162712
0.280000
0.235440
1.572357
1.343032
0.689448
-1.037053
1.632947
1.298483
1.619801
-0.555411
1.363437
0.910858
2.466229
1.285033
1.145138
-1.196070
0.509860
1.243208
0.679874
1.432428
2.934203
-0.137416
0.194088
0.340281
0.852466
4.612702
-0.019547
-0.246494
0.109878
0.492441
0.036536
1.117492
2.504079
-0.073019
0.460881
1.346935
-0.100536
1.841966
1.184638
-0.130641
0.556509
2.174843
0.990893
1.324989
0.515582
2.508532
0.273730
-0.508636
0.381569
2.006643
1.006619
0.719313
-0.885421
0.602771
1.384222
0.182367
1.662169
1.477206
2.793988
-0.273489
-0.468183
1.360017
2.542943
-0.114370
0.867066
0.618116
-0.007368
1.391258
1.194452
1.034039
-0.941729
-1.019842
0.427820
0.727422
2.152910
0.067941
2.563597
0.683469
1.879648
2.621661
-0.180317
1.756648
2.972144
-0.790114
2.294882
-0.668633
2.575566
0.682923
-0.420540
0.035858
1.186067
1.670338
0.507402
2.144539
-0.041364
0.357381
1.377739
2.061828
1.739089
1.651778
1.960759
-0.417033
1.251911
1.285482
0.161171
1.667925
1.500323
0.737334
0.873896
2.858634
-0.120488
-0.125480
0.686786
-0.053912
1.512395
1.291726
0.484038
0.291260
0.865004
2.170840
0.971336
2.084214
1.364747
1.917231
1.421712
-1.066860
0.688110
-0.811763
0.664790
0.734888
2.001766
0.027048
0.288952
1.765272
0.834528
0.409626
0.707340
1.340047
-1.373286
-0.013535
1.908145
1.906523
0.490080
1.167035
3.131913
0.153004
1.988790
0.388206
0.465659
2.451608
1.147902
2.759510
-0.377195
0.736263
2.056380
2.320865
1.395606
1.662461
2.531130
-0.046414
1.004509
1.516927
0.717598
1.044212
2.683705
-0.676824
0.931608
2.615269
0.704742
2.145291
0.772662
1.921487
2.476136
-0.323775
1.210517
1.669771
1.759349
