1000
0.392531
1.518701
-0.737898
1.847454
1.860981
-0.047740
-0.242570
2.679195
1.321510
0.354759
0.035646
1.591378
0.603418
-1.560888
0.107633
-0.289980
0.938282
0.086044
0.287277
0.504618
-0.441790
1.498686
0.676932
0.782522
0.673838
2.120452
1.774607
1.359865
-0.781464
2.022904
1.258162
-0.119265
1.808467
1.343559
1.132751
0.315605
2.680195
2.254030
-0.764421
1.034022
-0.104050
1.665301
0.540565
-0.241860
2.587726
1.665169
0.885762
0.040952
-1.180358
1.272692
1.622104
1.435394
1.452164
0.462565
1.019130
2.472572
1.642437
-0.293081
0.188521
0.617889
1.520070
2.329677
0.321594
1.704413
2.345553
-0.394401
0.800308
2.153205
0.975985
2.345280
0.537475
1.653405
1.642978
0.817725
1.189135
0.799199
1.384168
-0.061335
0.480742
3.345068
1.356823
0.969746
0.835693
0.922616
0.372965
1.372957
1.147082
-0.029807
0.397871
2.522306
1.439848
4.601855
1.294656
0.310943
0.150266
2.590577
0.129430
2.201316
1.579865
0.500866
0.297445
1.198495
0.307863
1.381487
1.786638
1.074296
1.471517
0.552772
0.339502
0.771621
0.103247
2.388184
0.585779
0.294880
2.264047
3.242880
0.376284
1.262004
1.604930
0.445986
0.702628
1.522249
0.809673
-0.308407
1.124592
1.217655
0.099740
1.019364
1.418603
0.337441
2.340664
2.120136
2.953533
1.329636
1.821044
0.516337
1.180359
-0.494260
1.410066
1.465405
1.579559
-0.254024
1.392185
1.139529
-0.596235
1.925018
3.481466
1.200769
-0.712088
0.320656
-0.497416
2.590966
1.650414
-0.338572
2.465653
1.932534
0.834673
0.460198
1.114499
0.018327
1.849334
-1.335316
1.566146
0.025539
0.582351
0.956560
0.026055
0.583754
2.534558
1.548100
1.473562
0.301376
1.334786
1.892627
1.557488
2.219727
0.878216
0.243229
2.138481
1.768485
1.571780
0.194392
1.111266
1.497949
0.488398
-0.541243
-0.974712
0.768493
-0.273392
1.138913
-0.080244
2.076708
1.925281
1.044146
1.153091
-0.267614
1.247469
1.975974
0.565734
0.463601
0.739479
0.679016
0.065919
2.059662
0.298696
0.488794
1.294680
1.823794
1.320028
0.623666
2.252518
0.045739
0.584455
0.172927
0.850685
2.253921
0.813770
0.878925
1.132100
1.652571
-1.109350
0.248512
0.582148
0.450246
1.589096
1.409264
0.484229
2.165660
0.057147
1.251832
2.845396
1.203736
1.633757
-0.161119
1.379282
0.300321
0.686896
0.464567
0.811461
-0.158933
1.629721
0.196039
0.931842
0.768470
1.434704
0.901326
1.937729
1.853705
1.908851
1.756401
2.997017
2.222001
1.650189
0.308385
-0.005990
2.688828
1.402757
2.101798
1.598030
2.173002
0.448923
0.737571
1.397446
0.715422
1.078731
1.440845
1.170348
1.814074
1.939706
-0.677105
0.488992
1.683196
0.142328
3.111582
-1.710514
1.459483
0.612050
0.185526
0.352710
-1.018896
2.661295
2.811048
0.698252
-0.802880
0.888940
-0.086300
2.321958
-0.466455
1.764630
0.321632
-0.769913
1.214729
0.861126
0.103438
0.621932
1.482756
1.600406
1.902148
1.637220
1.367730
1.240043
-1.496118
0.641951
1.139291
-0.384863
-0.177225
-0.818744
1.990004
0.414383
0.042089
0.772283
1.893142
0.572809
1.400368
0.199743
1.389734
0.730105
1.412671
0.562958
1.902347
-0.932169
2.199078
1.426843
2.525327
2.834901
1.110485
-0.183766
-0.207096
0.804220
0.116377
0.056870
0.101753
2.489864
1.391572
2.136933
-0.867494
1.971574
-0.621882
0.789794
1.435293
0.997185
-0.587122
2.389311
1.018052
1.091997
1.130583
0.581155
1.552724
1.280721
1.349794
1.082748
0.423145
-1.432551
0.869472
-0.612821
1.066612
0.798057
1.300756
1.675546
1.715229
0.225303
1.003874
-0.111059
1.426084
0.092639
0.710886
0.054918
-0.813797
1.456552
1.727893
0.829785
-1.556535
0.804424
1.371265
1.229047
2.102974
0.956360
1.516859
-0.107773
0.788879
1.935367
0.550362
0.757479
1.433302
0.223581
0.927364
0.946220
0.655899
0.872832
0.970461
1.928143
0.058885
0.469865
1.139845
0.360336
1.927857
1.751222
-0.595124
0.942540
1.129064
0.881207
1.628285
-0.989804
0.876165
1.053981
0.890726
2.923006
1.372918
1.732808
1.171022
1.755722
1.857347
1.089443
1.204783
0.327799
1.800809
0.811557
1.519097
1.656728
0.445029
0.792564
1.745529
0.376552
0.751349
1.981172
1.364101
3.104713
1.094465
1.243576
2.345713
0.419439
1.148973
-0.787626
1.883244
0.409124
2.797443
1.797094
1.589263
-0.655754
0.215166
1.670493
2.080653
0.954115
1.909003
1.055195
0.042687
2.316567
1.103310
1.143655
-0.547832
0.623453
2.706210
1.749868
1.402333
2.466826
2.500545
2.700867
2.378962
0.291124
-0.743366
2.037889
1.470437
1.988178
0.729605
0.453716
1.089644
0.277187
-0.716811
1.638111
1.251035
0.298400
0.691645
-0.339725
1.361226
0.077320
1.447713
-0.400316
0.936848
2.621914
0.881362
1.327492
1.308636
1.968286
2.458783
1.743111
-0.204306
1.409885
1.442293
0.384717
1.230583
3.218796
-0.130697
-0.318199
-0.370040
0.641392
2.161119
-1.170380
1.175440
0.233822
3.374154
2.045816
1.302151
0.583928
1.326026
0.257081
1.346067
1.471349
1.278861
0.972591
-0.079563
0.593032
1.062814
0.250440
0.912475
1.060238
0.833729
0.059203
2.079817
-0.201937
1.406080
-0.997847
0.953309
1.314081
2.236984
2.144529
1.074637
0.710071
2.415294
0.857534
3.122281
1.547457
0.762398
-0.721670
-1.446374
0.393720
0.929793
1.981781
3.428868
0.196995
0.646066
0.700851
0.886905
-0.446893
0.218005
1.331904
0.325855
-1.575335
1.764849
0.985979
2.462879
1.216871
0.878841
1.595323
-0.126935
0.788981
0.494937
2.560974
-1.365495
-0.086162
2.531043
-0.259147
1.257856
0.905884
2.454526
2.332490
1.145448
2.123304
2.262436
3.026987
0.915246
0.598324
0.915078
2.537840
2.193840
0.273129
-0.546774
-2.005887
2.182723
1.397860
0.993712
0.838086
-0.074448
1.027875
0.163666
0.928756
-0.549737
1.805278
1.337898
-1.664842
1.920507
1.217345
1.021653
0.976324
2.538240
0.817894
-0.202270
0.458120
2.442515
0.511605
1.940424
0.282587
0.034934
-1.211746
1.605199
0.837922
1.381349
0.471122
1.137372
0.486031
1.926260
2.353444
2.487154
0.788859
0.673865
0.256616
-0.464670
1.576948
-0.315537
0.389869
-0.712324
0.663306
1.756623
0.930222
0.052229
0.095861
2.380556
2.294192
1.487938
1.612879
0.041033
1.621026
0.991651
-0.253785
2.456877
1.237609
-0.008432
1.079519
0.654494
2.273051
1.852303
0.364022
0.138412
0.692036
0.927688
0.643460
0.444261
0.539582
-0.246421
0.031869
2.894671
-0.504768
0.112518
-0.203066
1.920204
1.430891
2.088911
2.807696
0.006669
1.229691
2.790453
2.330364
0.270018
0.942538
1.281540
2.621968
-0.762705
1.476677
1.051308
1.397493
0.757428
1.214195
0.331733
0.023715
0.474333
2.179646
0.015790
0.788526
0.780165
-0.999804
2.064279
0.551522
1.024944
1.569347
1.121371
1.605337
1.921958
3.249027
0.838068
0.472551
0.783927
0.437226
1.110124
1.347208
1.332342
-0.359812
2.325874
0.315752
0.942301
1.558698
0.446310
0.518644
1.338668
-0.080334
0.967877
1.330277
0.341985
2.095762
2.144558
1.086632
-0.211397
1.328815
1.889827
0.942822
2.414444
1.954669
-0.061365
3.487987
-0.400631
1.154567
0.205683
1.445173
-0.655372
1.934515
0.620440
-1.062177
2.763561
1.642996
2.688034
1.076990
1.563405
0.751477
1.338644
0.733926
-0.065538
2.199636
1.148930
1.708359
1.116202
-0.488722
0.638148
-0.993075
1.450544
1.137752
1.244534
2.664962
1.577123
0.605897
1.167668
1.023522
-0.251051
-0.224631
-1.125902
2.311258
1.753965
1.590747
1.925251
2.974258
-0.479533
1.270197
0.331598
-0.617287
1.666515
1.123766
0.524381
-0.365183
-1.525609
0.199560
2.381021
1.797181
2.540633
0.065770
0.193477
-0.029085
-0.992043
1.884423
0.351938
0.627378
0.972994
1.097655
0.650994
1.443217
0.884970
1.251893
-0.014430
0.417175
-0.373276
0.543458
1.575310
0.854372
2.288574
0.039521
2.521847
1.885324
1.351010
2.044338
1.321405
1.388667
-0.188151
0.806773
1.080533
2.794821
0.748535
1.787679
2.460268
2.905780
1.129899
-0.053706
0.852236
-0.106008
1.493119
1.130024
2.744328
-1.086322
1.274115
-0.355689
1.181719
-0.051385
0.626761
0.728054
0.415859
1.699417
0.583894
0.757903
1.765935
0.747891
0.773305
2.292866
1.639882
2.466109
0.491044
0.730248
2.317899
-0.663614
0.721151
1.725091
0.559454
0.827516
0.374759
0.683177
0.201455
0.684769
0.194481
2.232409
0.340640
1.195950
-1.491218
-1.797520
-0.443218
1.686636
1.126446
0.961161
-0.698076
1.374359
0.400047
0.290086
0.268520
1.494127
-0.488247
0.371179
1.063776
1.502176
0.986868
0.942743
1.564012
3.594106
0.744030
0.582893
1.992096
0.812811
1.108484
-0.797634
3.106527
2.269837
1.834852
0.982129
0.235424
1.697255
0.958169
1.009346
0.286035
0.523969
0.959288
-0.474978
1.436937
-0.562424
-0.420976
1.103377
2.311996
-0.404002
0.928165
1.885819
0.900037
1.152913
0.684254
0.792927
-0.400060
2.445630
1.619255
2.412549
2.064892
1.190264
0.259183
-0.066072
1.525655
0.316614
0.429485
1.179974
-0.124740
-0.833695
2.453298
1.040527
0.780701
2.556133
0.151366
3.581635
2.209955
-0.778252
-0.097044
1.044994
2.753282
1.624916
0.689191
-0.063158
0.563595
2.297127
0.183365
1.481535
0.094710
0.255213
1.572208
1.065976
1.236669
0.515296
1.586992
1.667287
0.687817
-0.373003
-0.053299
1.095264
-0.488484
1.737800
0.196033
0.884947
0.426735
1.419306
2.443228
2.428089
3.522300
0.467259
1.268437
3.342537
-0.368166
3.246978
1.040414
-0.628292
1.253441
2.084824
2.532506
3.164368
1.988696
4.049574
1.826353
1.439550
-0.333954
1.266267
-1.039200
1.556044
1.075964
1.289853
2.289899
1.484390
1.270377
1.497359
1.517720
-0.194758
0.237669
3.285722
1.689127
0.883503
1.803808
0.021002
1.912884
0.054874
0.570246
1.668894
1.856893
2.080779
1.689526
1.634081
1.867674
2.143997
1.511473
1.589746
1.187121
0.903310
-0.070713
-0.603382
2.849716
0.069825
1.887092
