1000
1.699972
3.597413
1.316360
2.725497
2.194803
1.252649
0.745482
1.068132
2.139426
1.362375
1.384856
0.577844
0.303337
-0.475458
0.321375
0.920586
0.491217
1.917210
2.391888
-0.267282
1.965112
-0.138345
0.325615
0.505566
2.538224
1.422240
1.231870
1.818668
-1.372771
1.211334
1.470737
-0.574001
1.405599
0.651160
1.456795
1.329345
1.100273
2.770235
0.614951
2.043020
2.344604
0.029730
0.280972
-1.625406
0.656898
2.777688
1.445989
0.107602
-0.088750
0.094894
0.846960
0.355099
0.915711
0.273596
-0.157508
1.681348
0.958146
0.668656
-0.187992
3.741220
1.610510
1.369622
0.849571
1.571331
2.705045
0.335105
-0.239526
1.143689
1.800613
1.439212
1.725376
1.853780
-0.541372
2.904405
0.679973
1.352279
1.104323
1.556485
0.583098
0.449164
0.995601
-0.026203
-0.091476
2.566481
1.016025
0.350214
1.671111
-0.920990
1.824811
0.801246
0.992405
0.800031
0.816858
0.576217
1.640865
0.802360
2.748508
0.731542
0.628165
1.487713
0.836244
1.788443
0.911559
0.788454
0.743486
1.347703
2.101724
-0.058634
-0.499588
-0.544892
2.123662
1.584901
0.024017
1.382407
0.922027
0.951197
1.325136
1.616724
-0.149453
0.025360
0.529583
2.089994
0.235010
1.190564
-0.577194
0.181115
0.303738
1.583976
1.254959
0.328315
0.707977
0.863467
0.344929
0.275635
0.812606
1.917119
-0.505648
2.554233
0.896310
2.277207
0.805885
0.476931
1.373924
-0.237205
-0.543063
1.339204
0.546759
-0.396742
2.249670
0.456801
1.216234
1.617830
1.258485
1.138101
0.731612
0.857521
1.310281
2.460267
1.941616
1.456658
1.351431
0.553257
0.489391
0.936393
-1.175984
0.758308
2.032530
-0.082832
-0.104943
0.617728
0.870355
-0.569277
1.296474
0.904999
1.425715
1.113354
0.573497
3.176534
1.430094
2.966114
1.744979
2.102372
2.438485
2.500925
1.183153
0.522724
1.210765
1.343362
-0.343626
0.798971
2.280418
-0.543158
0.044668
1.066854
1.540795
1.103777
0.338271
0.487583
1.456337
1.715827
-0.216040
-0.010430
-0.768575
1.767143
1.386623
-1.109216
2.141735
1.656189
-0.127679
2.854715
0.567744
0.849448
-0.355581
0.828054
-0.084785
2.643427
1.097295
1.884586
0.497476
0.621688
1.051697
0.973303
0.886774
1.732823
0.880943
0.118535
1.438663
1.860671
0.395632
1.560160
1.798255
0.427748
0.151710
1.672028
0.690937
-0.064317
0.408670
-0.140628
1.036040
-0.165415
0.574989
0.313632
2.209221
1.557111
2.024494
2.274002
0.645346
-0.248609
1.927710
-0.379454
0.259044
1.637296
0.329992
2.931326
0.368467
1.360071
0.695316
1.995412
2.208538
1.765194
2.127118
1.589351
0.918107
1.477887
1.235425
0.616458
3.535843
2.595771
1.348871
0.621880
-0.093326
1.868784
-0.409942
0.385579
2.073933
2.560766
0.876276
1.855631
-0.413503
1.773596
0.051184
-0.049336
0.924273
1.682344
-1.653107
1.074118
1.008776
0.420959
1.461639
0.308621
1.203622
0.221845
0.071180
0.235069
0.754121
1.079407
-0.912326
0.683861
1.646651
0.311630
1.441115
2.216237
-0.106448
0.465241
1.578741
-0.292914
2.843276
1.669391
0.820152
1.483407
0.650869
0.528348
1.605596
3.159623
0.247947
-1.090545
2.200079
1.213630
2.174076
2.229141
0.890697
-0.950765
1.737805
1.432829
0.221616
-0.656131
1.302177
0.504681
0.220099
2.026195
2.206463
2.319310
1.556750
0.469232
1.455451
0.070205
0.375951
-0.686640
0.599514
0.943600
1.308920
-0.362292
-0.270024
1.635388
-0.722251
1.286341
1.594512
-0.610016
-0.258323
-0.475581
0.999782
0.901453
0.810485
1.950632
1.224863
0.707704
0.144657
1.963418
0.816747
2.287675
1.621126
1.366659
0.953250
-1.229811
1.873916
-0.028820
-0.088314
-0.741734
0.005866
1.883031
1.625477
2.596074
-0.318220
2.297389
0.857979
0.673799
-0.241312
2.358080
-0.019592
2.233034
-0.764957
1.058575
1.687318
1.833694
0.697170
0.210483
2.167562
1.188140
1.127637
0.040565
0.637216
2.144135
0.329526
0.323407
1.282163
-0.189511
-0.636602
1.464492
1.961633
0.125415
1.402701
-0.537087
1.560453
2.637939
1.805345
2.055472
2.783122
1.459346
1.174566
1.149080
0.096020
0.588240
2.188078
1.397117
1.347256
0.492988
1.573115
3.205113
2.219136
0.148239
-0.665800
0.470003
1.390188
1.228999
3.031523
2.488197
1.289100
1.190975
0.394696
0.913368
-0.401764
1.649870
2.805887
3.367023
3.460195
1.667908
1.325142
0.081905
2.150991
1.537152
0.808751
0.766275
0.907882
0.689995
-0.143511
0.555754
0.215956
2.353678
0.332890
2.000667
2.307560
0.783764
0.387536
0.338716
1.773425
-0.137068
-1.121440
2.551699
2.706020
1.687771
0.923045
2.658447
-0.196879
0.974555
0.604300
0.881522
1.299812
0.711705
0.150541
0.701853
0.382362
-0.309179
1.582122
0.377224
1.100401
1.331907
1.802333
1.531752
0.342159
0.094328
2.598738
1.479451
0.104864
1.579038
-0.717121
1.568585
2.685523
1.015418
0.667453
0.761870
2.247992
1.106971
1.009580
1.299920
-1.160263
1.946994
0.249634
2.051966
1.015895
1.984240
-0.137490
0.425434
2.040260
0.907050
0.368784
-1.498383
1.245661
1.361991
-0.386187
1.987775
1.442771
1.356936
1.257623
1.507654
2.209529
0.980037
-0.632974
-1.038874
-0.050350
1.574964
1.617075
-0.153647
1.441247
1.318389
0.525825
1.621877
-0.475362
1.165591
1.260252
1.555562
0.885665
0.267010
2.954322
1.404034
0.771821
0.905595
0.278812
1.779195
0.961857
1.695601
1.425425
0.776380
1.384067
1.646904
-0.147997
0.375519
1.702608
2.089924
1.318551
1.805270
0.189569
2.781015
0.770430
1.883893
0.784044
0.009287
1.325787
0.783451
-0.178639
1.042633
0.552786
1.792808
1.549932
1.139091
1.343671
1.460182
1.766854
1.690731
1.376444
1.433260
2.287534
-0.073527
1.370351
1.722170
-1.743855
-0.256687
-0.693591
0.595029
1.086551
1.116368
-0.114360
1.046491
-0.276008
-0.387049
1.285666
-0.192419
2.044542
0.530210
1.805484
-0.182120
1.744056
1.347225
1.447443
1.781959
0.182460
1.388531
0.992466
1.518033
2.550832
1.088132
3.424603
1.549646
1.932998
0.742659
1.130166
2.024394
1.085329
0.235980
0.758277
0.136038
1.362468
0.646389
1.696795
2.537686
2.359984
2.129856
1.841177
0.824077
-0.359135
0.897778
0.714423
1.506676
0.219036
1.773599
2.009514
1.371912
2.195141
1.762845
2.144902
1.609515
1.030759
0.608513
1.327718
-0.388625
-1.085105
1.749100
-0.124809
1.329465
0.318453
1.204993
2.617307
0.292286
0.840901
0.723886
1.592929
1.096089
0.530144
1.987219
1.627556
2.108813
2.047853
0.238049
1.112417
0.203074
1.590489
0.743791
0.261685
2.220393
0.651251
1.019539
0.526097
-0.014314
2.240139
-0.507780
2.035327
0.078694
2.133528
-0.248647
0.110616
0.173087
0.945821
-0.478544
-0.830287
0.270824
0.607654
0.695943
1.474742
2.310198
0.665924
0.770762
-1.255259
1.069000
-1.061883
2.767038
1.068733
0.744581
1.158323
0.221817
1.252007
0.813626
-0.050048
3.154785
1.308379
2.443820
1.923948
0.148288
1.378187
0.570603
1.243880
2.943479
2.055078
0.999649
-0.028293
2.150899
0.681285
1.548513
1.859369
0.056025
1.865020
1.151087
0.577454
1.567232
1.091196
1.904312
0.746441
-0.523597
1.870867
1.782266
0.758882
0.455247
2.103475
1.173787
-0.132447
0.029820
2.204250
1.657425
0.194054
0.161922
0.550397
0.410714
1.590140
0.772514
0.801224
0.386329
1.284079
2.562194
1.149373
5.017557
1.787914
1.208673
1.722228
2.290922
0.395906
1.167100
1.134314
1.465433
1.349984
1.550711
0.859251
2.093112
1.272043
1.012097
1.737241
1.252986
0.701986
0.590920
0.219344
1.389501
0.935574
0.472743
0.632345
0.949790
0.963526
0.257070
1.204296
-0.693166
-0.737520
2.884836
0.913396
0.863971
3.137794
0.372777
1.449645
-0.157131
1.248292
-0.428988
0.819339
0.226878
-0.044432
2.248704
0.555580
0.218995
2.136810
1.212814
2.302720
1.342746
0.254015
0.643613
1.316834
1.168800
1.438247
1.112983
0.515708
0.611901
0.595989
0.756379
1.504872
-0.024650
1.624567
2.216511
-0.301685
2.020407
0.218855
0.148456
1.046449
0.931587
1.042173
1.607936
1.178212
0.598609
1.949857
1.244909
0.034354
0.270546
-0.344629
0.786170
1.530236
-0.781619
1.745790
1.759125
0.966853
2.803336
0.540362
-0.543702
-0.413468
2.050728
1.287456
-0.143291
1.242003
-0.590707
0.418786
-0.219026
-2.182869
1.223744
1.655801
-0.332285
-0.146305
-0.100036
1.043827
0.766684
-0.138923
2.103966
1.981320
0.909379
1.453392
1.833397
-1.305401
0.957465
1.709661
0.241784
-0.676140
2.309866
0.455039
0.995801
-0.474212
-0.936649
1.841905
-0.581789
0.891120
0.741596
1.718485
0.892771
0.645348
1.218290
3.044405
1.858542
0.061470
0.729761
1.725864
-1.256476
0.776148
1.391941
2.959693
-2.072850
0.980797
1.570486
0.294527
-0.466133
3.644835
-0.231544
2.105847
0.369332
-0.310866
0.863708
0.358760
0.735961
2.130937
1.121578
1.004507
1.393856
0.971274
1.639760
2.270808
-0.929046
0.732290
0.734618
1.697455
0.339454
2.180692
2.484092
1.227548
0.033555
1.474755
1.648371
1.210895
0.958988
1.016164
1.678018
0.053152
0.612065
1.139057
2.017169
-0.400470
0.030317
0.522770
1.563574
0.546591
0.501997
-1.687477
0.342360
1.516188
2.138931
-0.373481
1.837417
-1.055462
1.622903
1.650417
0.126658
2.383189
0.935214
0.888370
1.044095
0.972565
0.791716
0.700737
-0.240433
0.332012
2.109772
0.175432
0.376742
0.878478
3.377601
-0.789799
1.306461
-0.125263
0.264638
2.468759
1.001864
3.240009
2.335693
0.285660
2.425141
0.395364
2.194576
-0.817257
1.294265
1.181931
2.151244
0.459110
1.356610
0.743402
1.881377
0.628013
0.049406
0.687325
2.756124
2.878231
1.351000
1.386986
2.234955
-1.422405
1.962560
1.005750
2.148191
2.595446
1.258500
1.990553
0.538210
0.665663
-0.556936
-1.274978
0.557274
3.081615
1.936534
0.300033
0.813386
1.251141
-0.431299
2.353572
0.500377
2.183417
1.193870
1.083330
-0.139233
1.077003
2.175094
1.059245
-0.222985
-0.425526
1.888043
