1000
1.075644
-1.222912
0.132091
0.847185
1.589439
2.075911
1.859458
0.942337
1.262750
1.108430
0.769132
1.539216
1.465673
-0.578082
-0.348209
2.739379
0.192754
1.282845
2.011760
0.592450
1.641907
1.196568
0.447024
2.313926
1.603197
-0.384011
2.163677
2.061375
0.572551
2.059608
0.683676
1.319951
0.766247
1.494348
1.779458
2.506511
-0.159684
1.807752
0.005776
0.179557
0.229241
0.040635
1.699474
1.395589
1.761448
0.722655
-0.539106
1.305822
0.557195
1.983608
0.879853
-0.402477
2.346112
1.298045
0.895058
1.876724
0.710164
1.646847
0.757321
-0.617751
0.737670
1.796920
1.813659
1.814890
1.066754
-0.140336
1.971341
-0.917630
0.734468
0.355676
0.817523
2.236677
0.654787
-0.447759
1.120484
0.951264
3.156657
0.299403
0.339849
2.296456
1.142076
0.046284
0.295838
1.963754
0.226531
0.031488
1.755986
1.228884
0.684451
1.008196
0.277179
2.121831
1.264397
0.359495
1.611159
1.855402
0.326630
-1.365988
2.477996
1.198153
1.148527
1.375048
-0.365756
0.491258
0.964321
1.554871
1.625737
1.358167
1.640354
0.915899
1.204528
0.951059
0.341100
1.562063
-1.664786
0.431456
2.471493
1.069466
2.040157
0.638577
2.547963
2.783954
2.091434
0.205933
1.305268
1.660836
0.499320
1.244764
0.127128
-0.228683
2.137907
-0.492464
1.508387
1.670266
2.181965
1.353462
1.802385
2.200778
0.700192
1.140713
0.241993
2.975944
1.403034
0.894092
-0.289095
1.313725
0.253780
1.188776
-0.107330
1.276013
1.826566
1.696381
2.338896
-0.197762
0.744495
1.293777
-1.576023
0.765896
2.442400
3.179936
2.044115
2.141181
-0.055213
1.384838
0.811996
1.145316
0.162084
1.691183
1.291914
0.962732
1.840411
0.093880
-0.925531
1.730802
0.282642
2.281898
0.998983
2.143530
-0.655496
1.351717
1.483187
0.650977
1.851269
0.785145
0.505033
0.616973
0.087848
-0.319481
1.258108
1.882711
1.603846
1.847166
0.513321
0.448972
1.224031
0.585356
1.274340
0.644849
1.159863
-0.209570
2.057213
1.225039
2.057511
0.257187
0.031324
1.566952
2.115443
0.054697
0.294593
3.051165
-0.354525
0.716301
0.507681
1.735948
0.312954
2.038733
-0.288576
2.786547
0.149038
0.659682
1.717182
1.313107
2.025863
-0.138694
2.198493
2.295677
-0.888265
0.728916
2.382619
0.696477
1.987657
3.104385
1.492805
1.294878
1.559657
0.588086
0.210056
0.487885
1.997846
0.357390
1.052964
0.511680
1.708024
0.064344
-0.469465
1.063318
0.161365
2.063415
1.938680
1.823679
1.897575
1.793250
1.233226
-0.110950
0.717161
1.873447
1.773883
0.796763
-0.188827
1.515197
1.307494
2.412005
1.212334
-0.803581
3.343214
1.252023
0.689785
0.215490
1.181424
2.003104
1.300938
3.158115
0.627917
0.807861
0.486892
1.659306
2.883684
1.979413
1.100127
0.540839
1.140372
1.477774
0.826362
2.161319
1.320575
1.070393
2.885659
1.984086
1.224096
1.514373
2.959011
0.677252
0.229941
1.616251
0.717457
2.436716
2.827967
0.463770
-0.539311
-0.628939
1.111649
0.818126
1.788176
2.038112
2.436991
1.304191
2.379805
-0.509376
1.015148
2.922697
1.390186
0.647127
0.666734
-0.160693
0.070712
1.403944
0.488820
0.354118
0.976103
1.569633
-0.270340
1.387018
1.163947
-1.238490
0.167960
0.286947
0.962978
1.412051
0.866909
2.399708
1.862476
0.465856
0.881109
0.751534
-0.653902
1.287425
1.435350
1.073234
1.844771
1.633196
2.721667
0.697963
0.103962
2.626843
0.661454
-0.179421
0.592836
1.276660
-0.179490
0.371995
1.621984
2.178156
0.172076
0.048620
-0.119907
1.144750
-0.106466
2.137657
-0.379401
1.812907
2.191821
1.796758
-0.669899
1.234192
0.636758
-0.386542
1.278858
1.519651
0.614447
-0.064254
0.597642
0.745626
0.067584
2.491763
1.859813
-0.085508
1.111012
-0.256515
1.571550
2.089365
0.131146
1.936533
1.272044
0.813461
1.584715
2.318655
2.332837
1.114802
0.234865
3.110910
1.659137
-0.307019
1.344694
1.999427
1.574585
1.050920
0.627284
2.859303
1.375771
3.733422
3.223263
0.221861
3.336789
0.491692
1.441199
2.523034
-0.031012
3.068106
1.032941
0.531255
0.878028
1.926541
-0.099231
0.142190
-0.269042
0.110647
1.938941
-0.180638
1.028605
2.008696
0.741360
-0.919445
1.160691
2.471329
1.856038
2.977748
0.260049
1.583178
2.303554
1.741701
0.661053
1.256916
0.018464
2.316734
2.297594
2.459772
1.747787
4.119199
3.055903
0.729776
2.500621
1.792517
1.059087
-0.825264
2.905787
0.775943
0.838260
1.151542
0.097303
-0.651390
3.281474
1.412755
0.147281
2.334238
0.382289
1.192763
-1.021588
2.807719
2.027194
0.935244
0.122904
1.801958
1.256091
1.043990
0.960749
3.327507
2.074512
-0.112530
1.007085
2.620929
-0.804606
0.727264
-0.515119
1.998333
-0.104663
1.343135
1.534386
0.073615
1.636147
0.448767
1.456534
0.934100
0.853969
0.986251
0.316416
-0.180089
0.753188
1.683958
0.752361
0.868895
1.019106
2.235458
0.597347
-1.442906
1.669176
1.203144
2.014446
0.122231
2.177557
0.103953
0.446964
-0.119947
-0.430682
-0.473209
1.113668
-1.173747
-0.158129
-0.239061
0.999539
1.576244
0.818674
1.531023
0.285908
0.343920
-1.516562
1.234766
3.040923
-0.006542
1.879240
1.509371
0.030356
1.037426
1.737056
2.275280
2.321581
-0.365876
2.274970
2.459872
2.661009
1.303567
2.557614
2.536517
-0.015771
1.541280
2.937992
2.125547
-0.188810
-0.138497
2.397395
0.187324
1.856188
1.143049
1.312029
1.672641
1.652411
0.536101
1.582612
4.060191
1.543422
0.652112
1.962444
0.464274
4.483289
0.555123
2.832639
-0.155195
0.476656
1.480293
1.218379
3.914172
1.488769
0.471804
1.203603
0.187657
0.177458
0.008390
1.487296
0.257526
0.299053
3.487778
-1.579694
2.423324
-0.483630
1.069495
0.516451
0.800690
1.579467
0.750565
2.029232
-0.160557
-0.461021
0.591921
0.384719
1.209328
1.045018
0.055893
1.920009
0.926088
0.023751
1.930724
1.430794
1.271015
2.009433
1.453837
-0.079736
1.218698
2.252674
2.380868
1.009457
0.795892
0.893369
0.303751
-1.214064
0.575658
0.709905
0.890881
0.437047
1.208087
0.664674
2.324154
-0.224412
1.715091
0.679063
0.206060
0.289103
0.415442
-0.536852
1.106003
1.260421
1.428512
1.490314
1.117434
1.284925
2.809831
0.959041
2.334366
0.474369
0.315339
1.375714
0.016107
1.747289
1.455080
1.388237
1.229611
1.169696
0.710939
1.509940
1.300805
1.310039
1.462385
0.641619
0.505525
2.357212
2.448914
1.193833
-0.438865
2.243042
0.877244
-1.744458
0.561278
0.958876
1.308088
2.317180
-0.068039
0.016092
-0.349592
1.775159
1.180910
-1.104238
1.479513
-1.983977
0.145719
2.593542
0.091655
0.013197
0.315824
2.157541
1.367116
-0.147401
1.273171
0.251785
0.262192
1.172094
-0.234358
1.007188
2.387097
0.883226
1.764722
-0.354780
1.223061
-0.394659
0.077394
1.061248
1.799722
-0.768025
0.343091
2.112815
0.316701
2.269256
0.557305
0.160107
0.735848
0.068850
1.136671
0.805788
0.845788
1.458891
1.075403
-0.966099
0.673165
1.016099
1.020133
3.380777
0.477063
0.630593
1.737264
0.213773
-0.090682
1.699879
0.912150
-0.002192
1.447190
0.409006
-0.227425
2.640679
-0.545222
1.251004
0.707104
2.038936
1.094941
1.247041
1.294305
3.189271
1.494279
-0.405305
1.792527
-0.038371
-1.455776
0.480913
1.767822
0.942034
2.412146
0.947777
1.589426
1.759001
1.941779
0.324093
0.003221
0.865250
0.765739
1.116931
1.235230
0.337866
-1.301761
-0.849283
0.300547
1.910697
-0.138853
1.408165
0.065620
-2.279033
0.353514
-1.709693
1.901970
-0.748727
-0.023121
0.734460
2.026776
1.317163
2.507239
1.438087
2.452575
1.706222
-0.305270
-0.269731
1.179471
-1.090946
0.730729
0.567176
3.608854
2.168681
0.736485
1.212241
-0.075691
2.221053
2.045500
2.651087
0.541119
1.028237
2.008664
1.707862
0.832927
2.211322
1.138665
1.163956
0.825884
2.506495
0.003782
1.637450
0.925313
0.872258
0.383716
0.163253
-0.577129
1.372684
0.941838
-0.103457
0.856948
0.810134
-1.866322
1.768405
-0.594783
0.580748
3.029844
0.854845
-0.276345
1.604373
0.939070
0.131404
1.789944
1.917394
0.655629
0.204619
0.758569
0.548167
-0.064584
0.829648
0.117360
1.077513
2.566676
1.352180
-1.079840
-0.715315
-0.217098
0.750873
-0.111096
1.421448
1.277527
2.887243
1.992454
0.224763
-0.264936
0.561865
0.787663
-0.528910
0.026726
1.868389
1.634346
0.190581
1.320106
2.079472
1.836014
2.661977
0.811292
2.282882
1.686781
1.162697
0.921863
0.905205
0.694650
1.988758
0.703613
1.717795
1.541750
1.431184
0.894152
1.645409
2.866640
0.437275
-0.739430
1.216979
2.310211
1.946136
1.565127
2.085778
-1.116423
-0.119585
2.302210
1.691809
0.570551
0.032651
1.603391
1.534584
1.679525
1.505670
0.097970
-0.671214
0.148947
0.096159
1.776687
1.945888
1.601552
1.437311
1.574557
1.726112
2.203130
1.850304
-0.652610
1.042968
1.296921
1.578135
2.157263
1.242322
0.616974
0.596046
2.173819
0.432804
1.427407
-0.273967
1.295397
0.471820
3.559794
1.290785
1.056147
0.807218
-0.039977
1.252758
1.543409
1.157022
1.126328
-0.585639
2.551767
-0.839645
0.545991
1.402787
0.040408
1.689637
0.482535
0.374544
-0.445399
1.833071
-0.253331
0.563609
0.905767
1.216751
0.114255
0.300808
-0.119284
1.513011
-0.038015
0.832036
0.078404
-0.155296
0.115747
-1.091470
1.567325
1.595064
2.146965
1.189109
1.500446
1.607536
1.733363
0.882635
1.102563
-0.021707
0.702540
1.880542
-0.024243
0.004672
-0.147300
0.860653
2.477341
3.130737
1.192999
1.709557
2.747606
2.701995
-0.953891
0.455730
0.444282
0.037760
1.135050
2.232620
1.516161
0.721303
0.475705
0.310073
0.370398
0.039430
1.843868
0.358525
-0.249049
0.950174
1.302769
2.236088
1.264890
1.866675
1.996014
0.678637
0.995774
1.188894
-0.555759
0.299736
2.009741
2.344244
1.573007
2.852809
1.574267
2.590526
1.930652
1.500231
0.698266
0.025772
0.681990
0.755120
1.621262
0.800697
-1.413783
1.619702
-0.837746
