1000
0.309193
-0.180707
1.008855
1.152449
1.989340
1.611977
-0.423634
-0.508932
1.414264
0.935863
1.847262
0.097244
0.634575
0.321557
1.439053
0.125652
1.415642
0.885772
1.262539
1.718185
2.065439
0.225830
-0.143572
0.583223
1.468648
0.663235
1.662728
1.109070
3.035935
-0.760881
1.578952
2.010866
0.625410
2.047982
2.100887
2.313759
-0.186256
-0.304143
1.549196
-0.842529
1.313595
0.625229
-0.614671
1.869647
1.016055
2.008340
2.284475
0.240176
-0.488981
2.196991
3.183485
1.142842
1.097496
1.895958
2.347377
1.308719
0.826574
1.346261
1.562707
2.519370
1.553319
0.273120
0.409051
0.958410
-0.128156
1.064373
-0.216800
1.331169
1.713449
1.703760
0.874639
0.541053
0.742350
1.690442
0.041840
1.366220
0.865273
0.485233
1.637633
1.701443
1.897506
2.118212
1.017332
1.915111
4.257978
2.186341
1.294416
2.245785
-0.216456
-0.426806
-0.030879
1.764872
0.207099
2.691304
1.811231
0.511494
1.261939
1.922114
1.445981
0.730172
1.983606
1.649067
2.910847
0.642592
-0.532488
1.584184
1.393060
0.910958
0.803508
0.245429
1.806814
1.394739
1.688873
0.771010
1.617647
1.721058
1.459344
1.749754
1.475683
-0.206709
-0.090433
0.152433
0.681344
-0.666650
0.412064
-0.389446
1.910638
-0.768626
-0.363912
1.269294
2.276061
1.240981
2.286900
0.409784
0.418250
-0.146582
0.374037
2.140634
2.067500
1.421811
2.754401
1.054217
0.665199
2.233469
0.732239
1.871607
0.765915
1.656415
1.678531
1.742118
0.063944
2.240848
-0.693712
1.940603
-1.570490
-0.314510
0.489401
-0.216310
0.241873
2.330051
0.558794
1.522735
2.631695
0.700675
0.808170
1.792517
0.403562
2.188727
1.991971
-0.474535
-0.151981
0.064308
-1.524429
2.003389
2.186698
2.059745
0.869495
0.691504
-0.445498
0.103255
1.071435
0.790318
2.024234
1.618599
1.337755
0.529611
2.379036
0.481898
-0.032599
2.396484
1.098448
1.011520
1.701847
0.111972
0.734554
-1.105030
0.247031
1.725683
1.761087
0.889375
1.639125
-0.534357
0.605678
1.047965
1.198745
2.596225
1.983361
0.648478
0.495587
-0.941412
0.232476
0.110711
3.291446
-0.505017
1.890527
2.109390
0.898135
1.270608
-0.091812
-1.144926
0.705070
0.431452
0.390695
-1.470874
1.569490
-0.801568
0.243615
-0.332425
1.514667
1.184631
1.829545
1.026694
1.118883
-0.393442
-0.406729
-0.611715
2.232602
3.107642
0.991964
1.110712
2.783300
1.803261
-0.646041
0.145543
0.654656
1.524013
-0.224773
2.068446
2.300126
-0.772995
1.221406
1.949648
0.795162
-0.042674
0.270054
0.764820
1.740926
1.000995
1.410913
1.029098
0.959805
-0.135811
1.896422
-0.554258
-1.293380
-0.077711
1.428521
0.976942
0.276668
0.230596
0.633739
0.840095
0.806873
0.917051
0.966833
0.709275
0.749425
2.333484
0.909966
3.405013
1.337700
0.678099
2.843945
1.024480
0.881191
1.166316
1.554759
0.453357
0.694079
-0.802244
0.256783
1.532631
-0.369204
0.295056
0.900088
0.962258
1.871506
0.318221
1.423894
1.120956
1.132358
0.205185
0.335955
0.198015
2.148012
0.283257
0.952513
0.754249
1.034499
0.730667
0.825148
1.040737
0.376215
1.398282
0.735034
0.269986
-0.564775
-0.233687
2.286324
1.170544
1.406485
1.636639
1.110127
2.471682
-0.774564
3.614911
1.844846
0.806360
1.655928
1.643957
0.559084
2.003672
1.580238
0.071261
0.179597
1.076816
1.443798
-0.247865
0.953480
0.355773
1.693846
0.905347
2.453869
1.275326
-1.025192
0.963569
2.551673
-0.097458
1.405136
0.528798
2.302698
0.854988
0.207441
0.681233
0.812557
2.065249
1.856509
-1.020562
0.438350
-0.200758
0.066255
0.604418
2.625270
2.029405
0.425505
0.316912
-0.690914
1.128178
1.320202
3.054102
0.146505
-0.693789
0.322981
1.202671
1.588599
1.484832
1.525871
1.984411
1.500901
1.096653
-1.192531
1.406790
1.396436
1.875376
1.504736
0.847402
0.066221
0.975566
2.761113
1.955756
1.564768
1.957063
0.140460
1.916327
-0.477250
0.047386
1.046270
1.171590
0.120240
-0.067625
1.094344
1.547835
0.554066
0.930889
2.470686
1.047544
2.372672
0.700364
2.248902
1.021367
0.589757
-0.066176
0.231511
0.747252
0.804520
0.861342
1.795878
2.389678
2.994341
0.187229
2.484514
-0.287572
0.876737
0.535722
1.900324
1.415977
1.417249
-0.882734
1.274589
1.858346
1.551254
-0.086016
0.656286
-0.347277
0.312232
1.637996
0.329299
1.581570
0.541300
0.835158
0.769266
3.089300
1.954920
1.948007
1.735193
1.495003
0.575972
-0.673875
1.542259
0.843414
0.552132
2.466310
-0.390437
0.743205
-1.001405
2.109231
-0.292412
0.681617
1.327212
1.423329
0.934892
0.572872
-0.355247
0.493858
1.115557
1.042646
1.242900
2.201458
-0.192985
1.499225
-1.092048
0.248574
-0.011414
1.011647
0.655759
-0.407520
1.439189
2.321488
0.318617
3.333199
-0.381733
0.494673
-0.139852
2.959944
1.280771
0.023268
-0.595826
0.295249
1.515870
-0.998802
0.960167
2.178731
0.625982
-0.062847
1.095607
1.471448
-0.906135
-3.781800
1.394184
0.183051
-0.054510
2.070042
1.393705
1.334570
1.456048
1.400387
2.753538
0.453858
0.169854
1.117697
0.927688
0.915137
0.336624
-0.595516
0.236428
0.204442
0.067045
1.121391
0.345829
1.190395
2.765880
1.718749
0.720870
-0.230683
1.271715
1.962234
0.819553
1.082822
1.649688
0.002037
2.432747
0.867011
1.118697
1.701598
0.927760
0.721978
1.434690
1.715273
2.166454
1.577483
2.513817
1.577548
2.416382
0.037139
1.525664
1.345024
1.114245
0.754564
1.112117
0.858688
1.324635
2.126670
2.163512
1.525391
0.452897
0.440410
0.623816
0.538040
0.545956
3.201123
-1.354537
0.202216
1.335286
0.320177
0.919173
2.825584
1.244469
0.329819
0.550893
1.515089
-0.072871
0.340923
0.808816
-0.254918
2.108715
2.322521
0.125873
0.031890
0.303404
0.915664
2.326581
0.513622
1.301290
1.606412
2.247734
0.947373
1.045641
1.179560
-0.441573
-0.022221
1.133379
1.561917
0.576477
0.999664
1.296164
2.106818
1.253381
1.960283
0.197185
-0.433591
0.943434
-0.124879
-1.111503
2.661898
1.659596
0.476944
0.014365
0.229326
1.675347
1.931457
0.003132
1.087649
1.392804
1.962010
1.320805
1.579799
-0.544230
1.335544
-0.474877
3.055303
-1.030011
1.166367
1.089815
0.393504
-1.452626
-0.361303
-0.072493
1.711046
0.574069
1.606064
0.364039
1.450226
0.601607
0.640838
0.446772
2.227956
0.228752
1.107446
0.505178
2.289119
1.226261
0.867066
0.955900
2.787602
1.028291
1.710936
0.952968
-0.029471
2.334997
1.321785
0.471408
0.112382
0.948506
0.364055
3.498506
0.695054
-0.884592
1.168829
1.971470
1.637899
-0.065333
2.841211
0.434864
1.164327
0.385281
2.025200
0.208045
3.872801
2.510724
1.365326
0.841173
2.130992
2.589826
1.668255
1.119183
1.445505
1.997501
1.831375
-1.799149
2.155175
1.293443
1.579587
1.404090
1.936519
0.634517
2.239586
1.330711
1.044583
1.073365
-0.148286
0.866773
2.241006
1.598171
0.111723
1.772428
1.032160
1.610017
0.859771
-0.514160
0.345756
1.580241
0.874478
1.110583
2.211854
1.276775
-0.322737
1.057189
1.273678
2.684916
2.932074
2.214099
0.750862
1.677500
1.056228
2.089497
-0.574298
1.298328
-0.044486
-0.145707
0.077744
1.397924
-0.441618
3.003191
2.267007
0.563240
1.373976
2.173890
1.081040
0.380637
-0.747105
-0.493486
-0.562527
-0.479121
-0.452432
0.904307
1.371369
1.333339
-0.935224
0.338303
1.178339
-0.577219
2.828534
0.819305
1.301492
1.010668
0.633475
1.450447
2.034773
0.364057
0.610724
-0.227253
3.119512
2.855181
2.123568
0.524018
0.446852
1.804003
1.117950
1.417341
-0.102533
2.880392
0.744830
0.262390
0.080445
0.582837
0.471477
0.033231
1.256738
0.172985
1.418774
-0.382590
-0.741933
1.649175
2.251144
0.735772
2.832758
2.351830
-0.450163
0.755847
1.870941
1.798458
1.007951
1.943245
0.242679
1.486536
-0.200456
2.148357
1.850266
1.845285
0.768135
1.914362
1.089243
3.164699
0.455823
0.988668
1.027939
0.474246
0.863862
0.829465
1.367200
-1.009065
1.799887
0.823021
0.356357
-0.507882
2.112339
1.045798
2.159801
0.456636
0.338182
1.381126
1.116168
0.344270
1.513934
2.265596
1.669568
0.409650
0.204079
1.470533
1.276020
1.838078
1.151735
1.708576
2.432088
-0.028414
0.676259
1.431858
0.373491
-0.763276
-0.476531
0.474170
1.374629
1.103893
0.708066
1.710015
-0.577579
2.603078
-0.518790
1.675222
3.430043
0.126770
2.435967
0.924936
0.861238
2.626259
1.803221
0.063400
4.013671
0.424382
0.756130
0.500093
0.302432
0.485200
0.199735
0.875819
0.649020
1.256800
3.038005
1.924302
1.017447
1.451007
2.202433
0.961052
1.221054
2.310613
2.339192
-0.696480
-1.243028
1.210683
0.574381
1.438342
0.217839
2.523575
0.857819
0.918765
2.504984
0.474049
1.352897
0.914253
1.390654
2.133570
1.014292
-0.560972
1.947258
1.885474
1.422117
0.490257
0.377405
1.200830
1.669430
1.058215
3.134579
1.442625
-0.714888
2.399935
1.463290
-0.405464
-0.194851
1.286341
1.987966
0.116930
2.099827
0.764280
1.312335
0.088001
0.341874
0.386102
0.543521
1.398087
1.858840
1.582119
-2.234906
0.385831
1.885070
2.918852
1.950792
-0.075555
0.874123
0.338330
1.060947
0.627583
0.471981
0.208714
0.315632
3.795855
1.250365
0.519437
0.802913
1.414807
-1.261060
1.056095
1.017262
1.639920
0.934529
1.918467
2.697590
1.019168
0.934126
0.822563
-0.170258
0.710564
1.569721
2.030722
0.427813
1.573345
-1.528660
1.752044
1.638291
0.387989
1.779686
1.040501
3.335571
1.419608
1.834931
1.092982
1.316104
-0.438904
0.692095
1.463769
2.274883
0.944089
0.991463
2.605892
1.790934
-0.162758
0.099165
0.603587
0.991007
0.722678
-0.168478
0.316743
-0.526525
1.424630
1.604453
-0.264798
0.077276
1.180437
0.616565
2.414856
3.846474
2.602069
2.073702
2.959332
1.864188
-1.660824
0.149886
0.624853
1.965037
1.709609
0.994073
0.854555
0.682076
1.517009
1.260398
2.178098
0.855368
1.315035
0.242086
2.120925
0.522982
