1000
1.496649
-0.255176
1.995278
2.563719
2.464083
0.840755
2.795343
-0.595085
0.825510
0.652128
-0.064223
2.532523
1.053909
1.117519
1.372767
-0.103728
1.791070
0.238686
0.898703
1.092586
0.101749
0.749122
0.624148
0.919738
1.095133
0.397747
0.219762
2.304234
2.471934
0.070102
2.097845
0.565443
2.925320
0.279132
1.059136
2.144565
0.223569
0.102150
1.444596
1.827701
-0.011872
1.458669
-0.540935
1.387685
1.897734
0.695878
0.196746
-0.389066
-0.750546
2.498669
1.050720
-0.701005
-0.984991
0.069331
-0.152326
1.568270
0.744892
1.077275
2.606358
0.845102
2.215753
1.548206
0.872479
-1.418004
1.891085
2.195751
1.853975
1.448182
1.289176
1.857914
1.821578
0.236042
-0.306922
1.054350
1.426034
-0.391971
1.759913
0.458506
1.473772
1.446059
0.789649
1.362161
0.796325
0.097367
0.624635
2.267104
1.281886
1.813526
-0.612218
0.006372
-0.203025
1.276744
1.532602
2.069764
3.093728
2.483065
1.170911
2.128319
1.458601
2.352331
-0.964766
-0.337369
2.682648
0.076419
1.481010
-1.775579
-0.278621
0.690086
2.522314
-0.298382
1.867166
2.992784
2.582416
1.906421
1.737958
1.781317
2.423798
1.614892
2.033538
1.791113
0.818215
-0.858032
0.463777
1.419654
0.110453
2.067047
1.956773
0.441878
-0.021270
1.340531
2.189170
1.726140
2.170140
0.354368
2.269075
2.643745
0.195417
0.841145
0.614184
2.006302
-1.134796
1.720790
-1.883555
-0.843203
-0.247774
1.397352
2.116036
1.638745
2.652048
1.247864
0.732873
0.327276
1.119491
0.752095
2.869233
0.348494
0.657818
1.677445
0.879612
1.417744
-0.114402
0.425191
1.728647
-0.997180
0.686679
-0.575780
0.461072
-0.032368
2.296152
1.795801
-0.355489
0.961956
-0.288127
0.900977
0.296990
2.753280
1.020907
0.692135
2.235627
-0.452049
2.620118
0.088385
1.301692
1.879695
1.800251
0.715609
1.334284
0.356681
-1.504532
0.952258
1.897432
0.867485
1.393650
1.354477
-0.235750
1.050056
0.342244
1.301865
1.041665
1.005263
1.814495
1.872636
1.626224
1.691314
1.966376
0.568135
2.100576
1.711762
1.543524
1.230098
1.674731
0.256585
1.070092
0.105095
-0.359559
1.193410
-0.306352
-0.219711
2.321954
0.433855
0.968286
2.568685
0.494227
1.822532
0.279896
1.341135
0.924915
-1.172824
2.027106
0.815305
1.702941
-1.525076
1.035055
0.420924
1.273613
1.498113
1.581503
0.873304
0.109409
0.928621
2.325812
0.254332
2.268562
0.621704
1.842138
0.288067
-0.048141
0.225985
-0.671525
1.696880
0.010802
0.790431
0.114789
0.266577
1.031026
0.570925
1.763023
1.253301
0.368434
0.364552
0.141899
2.086204
-1.376562
-0.218738
1.839471
2.434335
0.658022
0.345089
1.650548
-0.532603
1.734106
1.355402
1.007779
0.310276
-0.475071
-0.686222
-0.673525
0.058705
0.185727
0.717453
1.054679
0.764260
0.553391
0.141367
0.934154
2.137432
0.263669
1.479021
2.427848
0.563415
1.439455
0.006807
-0.125528
1.101913
1.186774
0.915571
0.318700
2.048476
2.798853
1.309765
0.590714
0.616801
0.872575
0.086259
1.509630
0.070335
-0.811657
0.408512
1.355315
1.719312
0.508545
0.841092
0.049798
1.187870
0.311408
1.468870
1.492143
0.880710
-0.039512
-0.651364
1.969096
2.655620
2.410309
-1.370748
0.669761
0.795922
0.898787
1.430431
0.527060
0.014079
0.569955
2.491240
1.939093
1.227648
2.215603
-0.075143
1.931249
2.841960
-0.760468
-0.286802
-0.399450
0.597594
1.292956
0.395947
-1.032827
1.433211
-0.492961
1.882075
0.549438
1.499805
0.781059
3.303023
1.443815
1.276815
1.683526
2.399781
2.031226
1.792877
1.838596
0.635516
-0.549970
0.336995
1.210612
0.941581
0.822466
0.985634
-0.865211
0.953374
2.678450
2.697950
1.207335
1.181034
-3.339772
1.909801
0.430002
0.210164
0.631289
1.964332
1.211642
0.549860
1.267119
0.315417
1.001114
1.847321
1.698810
1.273921
2.615639
0.157627
0.826536
-0.660806
2.046111
-0.567393
1.128051
0.356552
-0.782883
1.767595
0.961174
0.850042
0.351162
1.371965
-0.001730
0.734395
2.780605
1.887631
1.172999
1.524162
1.998773
0.468829
0.374186
1.926136
0.003812
2.073271
1.106022
0.617242
0.487927
1.025769
1.881002
1.370064
2.335126
-0.033198
-0.269332
0.602512
0.604799
0.872876
1.359145
0.853974
0.323269
0.598371
0.749462
-0.836078
0.184388
2.582507
0.607822
-0.343885
0.024976
0.612393
0.154639
0.767761
1.419820
0.841561
1.279563
1.747179
-0.157878
2.284751
0.879291
3.231498
1.190976
1.430673
0.233829
-0.424704
1.534836
-0.026246
0.053606
1.584103
2.235831
3.045764
-0.050839
0.328102
-0.786461
1.053700
-0.884127
0.845608
1.709466
0.385508
0.995064
0.689129
0.700112
-0.775045
2.214470
1.101276
1.066935
1.010742
1.077649
1.017844
2.149582
0.675638
1.987607
-0.016316
1.414838
2.549605
-0.373358
1.186727
0.747130
1.436368
1.529517
0.064159
0.588181
3.260487
0.589037
-0.135529
0.364534
1.260214
0.234636
1.952739
1.589560
0.348348
0.923876
0.767249
0.893470
1.407679
-0.198096
0.600444
-0.756484
-1.154660
-0.039047
2.532415
1.154640
-1.594524
-0.283637
1.467439
0.205244
-0.250455
2.833146
1.233765
0.523556
1.528574
2.617521
0.460968
1.675496
2.615110
0.448237
0.268259
0.313211
1.957543
2.579923
0.616600
0.506027
0.517333
1.415157
1.175181
0.390494
0.046576
0.409779
1.765975
0.650096
0.382520
0.399562
0.514111
0.352880
-0.496613
-0.145208
0.695081
1.515554
0.731190
1.345150
1.627280
-0.206914
1.111914
-2.092046
0.963112
0.060515
2.827757
-1.053318
1.424537
0.176153
2.757503
0.523069
2.123285
0.508837
-0.888819
1.801018
0.139379
1.715185
0.782614
-0.967935
1.464305
-0.625757
1.400890
-0.419864
1.113430
-0.251816
2.745795
2.270053
-0.768372
0.948357
1.800518
1.155893
-0.041282
1.356374
2.434361
1.690258
1.094047
0.807889
1.771256
3.403313
1.624792
1.796704
1.521801
0.769572
1.944559
0.148044
1.082984
1.264270
1.454107
1.815850
0.119144
1.563911
1.482028
0.801249
0.377449
-0.026574
-0.272378
0.433688
1.765748
0.730112
1.414342
1.429586
1.799319
1.018126
2.208671
1.775942
1.780004
0.788122
1.036314
-0.528391
0.556198
2.317476
0.496417
1.309092
-0.587458
0.981021
2.187816
0.310806
3.058511
0.507721
0.638169
0.578826
1.285500
2.358072
1.555677
0.125895
2.176368
3.093899
0.461063
1.142558
1.840227
0.860984
0.232141
3.675617
1.347537
1.450200
-0.130759
1.355314
1.259696
0.595125
0.803454
1.834790
2.891118
1.589663
-0.333550
1.055693
0.667580
0.605075
1.635571
0.453837
-0.301633
1.349466
-0.053780
-0.849481
2.699856
1.415263
0.388670
2.558619
-0.152808
-0.608135
0.993816
2.081374
1.303790
0.927914
1.732704
1.218790
1.938936
2.731319
2.445485
0.231814
0.627856
0.566678
-0.810616
0.844726
1.032828
1.049688
1.479961
1.098977
0.909247
1.843245
0.151317
1.392517
1.589261
2.374503
1.236673
-0.300384
2.022496
0.364024
0.875837
1.413847
1.636194
-0.569786
0.150756
-0.447749
0.101955
1.440306
1.352297
0.504418
2.158934
0.400306
0.655137
1.220591
2.698393
0.899871
1.295198
1.961782
-1.033833
1.119893
1.997937
0.198884
1.673693
1.646014
0.862498
0.596971
1.387584
1.677088
-0.158244
1.942496
2.532621
0.994308
1.464542
2.017840
1.230985
1.888649
3.198759
1.517723
2.303226
1.233806
0.936300
0.813420
3.876969
0.333088
0.442402
-0.841436
1.245548
1.403434
-0.933841
1.590099
1.147446
1.213042
1.392498
2.443998
0.944074
0.737249
-0.239134
-0.721379
2.106494
1.660862
0.754109
0.726147
0.644922
0.656504
-0.066644
1.061027
-0.897453
1.454955
2.676602
2.582451
2.515540
2.321129
2.054070
0.570223
0.664724
-1.132625
-0.329175
0.994103
-0.091175
-0.312465
0.399843
0.435650
0.746617
1.071528
0.105777
1.825987
0.048791
1.542726
-0.103950
0.441409
1.844633
0.016325
0.419051
1.241889
1.161182
1.530436
1.777935
0.678152
1.300233
0.708852
-0.017198
-0.206575
0.143250
-0.073322
0.546392
0.524711
1.686479
-0.384720
1.011749
0.069503
1.825046
0.650904
-0.277955
-0.192465
1.771386
1.584116
0.191449
3.105026
0.593272
1.965001
3.162654
2.979320
2.154241
0.447934
3.381260
-1.137133
1.153593
0.264700
-0.257091
1.025446
-0.761674
0.822134
0.396810
2.147389
2.761439
0.373176
0.356621
1.061643
1.638484
1.630773
0.224787
1.020635
1.394533
2.958862
0.855158
3.240814
1.403642
-0.464246
0.895600
1.204471
0.574940
0.882916
2.748516
1.613238
0.554082
0.669137
0.717511
-0.405112
0.191016
1.232478
1.729113
0.520467
-0.676684
1.227295
1.750814
-0.312218
2.633453
0.532002
2.051786
0.923879
1.144211
-0.907011
1.302799
0.751388
0.883896
1.523504
0.522770
1.868618
-0.470337
1.824046
0.073447
0.379906
-0.535014
1.101409
2.947098
1.835362
1.297756
1.455188
1.839927
0.595288
1.621691
-0.269123
1.383715
2.243921
0.681014
2.731990
0.566791
0.295613
0.188460
1.224688
1.669438
1.446660
0.543789
0.819277
0.488241
0.475742
2.165752
0.324462
0.272195
1.120483
1.305944
-0.544331
1.647299
-1.178207
0.220494
2.733182
0.185913
0.885831
1.146776
0.009018
-1.086777
0.146962
0.891557
2.203541
1.557812
2.024945
1.188918
1.621244
1.630275
1.201488
0.794521
2.225128
1.657762
2.261131
0.084251
2.386554
1.240601
1.444114
1.396439
1.909615
-1.331645
1.873375
0.632710
3.190685
1.738019
-0.195628
0.850283
2.563258
2.416363
0.076976
1.801391
0.879960
1.177358
0.294675
-0.123020
2.024416
2.844020
2.419764
2.056380
0.707797
-0.520472
3.090083
1.079776
2.166310
0.348942
0.567337
2.261486
0.638051
-0.113919
-1.379625
3.137622
-0.016592
0.574671
1.290314
1.937673
0.761619
0.496428
2.641514
2.836606
0.178768
1.438231
1.113474
1.301700
1.098067
1.863019
0.769362
1.523809
1.778279
-0.053475
-1.189940
1.091787
2.008360
0.947566
1.634150
1.531937
1.051784
2.657274
-0.012716
1.362872
0.541552
2.246142
-0.330452
1.148292
-0.246977
-1.090959
1.095014
1.836210
