1000
1.480352
1.101093
0.811720
2.624323
0.559944
1.938355
1.768222
0.525930
0.095825
1.897616
0.713285
2.216707
0.837247
1.591566
0.244805
1.732167
-0.901454
1.496629
1.440554
0.781396
-0.194954
1.375003
0.550212
0.843255
0.773854
1.017083
1.112798
1.926366
2.460388
0.021058
0.477993
1.569934
1.269426
-0.702984
0.734241
0.465794
0.599117
2.346937
1.172785
-2.182980
0.695294
2.619505
1.631538
-0.121916
1.483353
1.373853
2.742663
1.684297
-0.049019
0.816494
2.459892
1.038923
0.368965
0.008086
1.879004
0.672767
2.705636
2.043269
2.461660
1.726816
2.206148
0.932519
1.555496
1.725636
1.373365
0.633346
0.510325
-0.370659
1.881841
2.016940
-0.306048
1.083415
0.392107
0.629473
0.027237
0.060850
0.535260
1.575173
1.091977
3.238781
1.541308
2.734962
-0.631185
0.934042
1.222498
0.064884
1.406667
2.022847
0.736229
0.879719
2.247138
1.426431
1.405364
0.356147
2.573521
1.394421
0.821646
-0.322397
1.981464
0.868228
1.450977
1.526863
-0.737985
-0.291730
1.629199
0.310948
2.192284
1.759509
-0.046950
1.886381
0.973896
2.125717
0.998282
0.562106
1.718179
-0.162207
0.115818
0.980129
0.950224
2.584228
1.161882
3.122697
2.641336
1.443831
0.596471
2.552806
-2.014646
0.715272
1.744148
-1.611840
-0.142248
0.765691
1.359551
3.608008
-0.324245
-0.327137
0.249695
1.610151
1.200822
1.720440
1.522116
1.921864
1.289388
1.376559
0.955272
2.492992
0.492761
1.461332
0.680594
0.661155
0.073589
0.852839
1.615271
0.974915
1.073950
-0.850391
-0.974681
0.524159
0.697966
1.790548
-1.047260
0.065375
0.918471
-0.305374
-0.215251
0.991922
0.837695
2.534341
0.492138
1.975931
0.233531
2.539837
1.540476
1.299648
-0.273089
1.128425
0.586064
0.307916
1.885573
-0.265725
0.205798
-0.482766
-0.066334
0.052076
1.792683
1.022476
-1.301168
1.864573
1.364141
1.015676
0.388505
0.524632
0.217298
0.339009
3.113009
2.496146
1.140270
2.687988
0.904205
1.782488
1.001423
0.891851
1.110836
0.891120
1.463743
2.576747
-0.436635
-0.172378
2.255706
0.466148
0.466979
-0.425303
2.251097
2.872686
0.042484
2.637551
1.101442
1.273348
1.342572
0.066340
1.020753
0.873608
0.204471
1.269707
2.402448
0.646837
-0.589515
2.655290
2.587821
2.713757
0.676412
2.017963
1.850760
2.284170
1.421015
2.657923
1.477820
0.450740
0.386291
0.951281
1.151192
0.895687
0.393951
1.031770
0.481399
0.754095
1.161652
2.648559
0.363201
0.753693
0.498417
2.377998
0.955350
1.574569
1.829456
0.791011
1.048355
1.503507
0.217564
-0.595225
2.505722
1.461841
0.210737
0.450827
0.465843
1.080446
0.259610
0.461270
0.634759
1.666902
1.085272
1.519204
0.063458
1.650985
1.899797
1.232260
0.584544
0.985873
1.342009
-0.249990
0.937462
1.394306
1.035332
2.060339
1.780236
1.491371
3.135409
-0.806029
0.848163
0.641759
1.084375
0.438280
2.092821
0.704753
0.972417
1.319315
0.382419
0.715148
2.093628
0.976885
1.507325
3.602255
-0.366436
-0.325522
1.890678
0.963707
1.042528
0.179045
1.409133
0.720076
0.659222
3.265867
-0.140891
0.633170
-0.270331
-0.236075
2.428829
1.225340
1.560362
0.667424
1.516769
0.670534
-0.213282
0.997673
1.681356
-0.547009
1.141479
-1.519995
-0.415505
1.586164
-0.530416
-0.000407
0.115126
1.584113
-0.880197
-0.181395
0.626093
-0.228966
0.700922
2.067028
-0.853315
2.449010
1.836540
-0.421972
0.030980
0.217233
2.688783
1.427152
2.987840
1.329307
0.782410
1.086276
0.401784
2.000283
2.020152
1.584225
-1.066328
-0.433492
0.865518
2.651938
1.201630
0.605491
2.820684
1.428792
0.750578
3.300203
1.644831
2.759785
1.170467
1.871199
1.280931
0.887022
0.899477
-0.871458
1.065427
-0.732924
-0.900752
2.417891
0.527297
0.429895
0.865270
0.513314
0.704587
0.206705
2.089984
0.405894
0.683818
1.364165
2.540827
0.406178
0.992932
1.185152
-1.017520
1.816737
2.214094
0.360683
-1.615159
1.697991
1.617812
1.022574
-0.051637
1.696882
0.838099
1.876748
0.876666
1.075830
0.885990
0.454382
0.047218
0.706096
1.069867
0.536091
0.987951
1.004212
1.017789
3.638935
1.522312
1.338806
2.113231
0.088052
2.526549
0.879887
0.546031
0.912468
2.332013
0.366474
2.826432
0.044075
2.057894
1.361669
1.257402
3.038398
1.333158
1.992771
1.902860
1.452218
1.025046
0.803171
0.292058
-0.199662
-0.508930
0.288284
1.640240
2.000488
3.197947
1.151684
1.024566
2.263432
0.822082
-0.000497
0.659705
2.424528
1.644057
1.553544
1.029978
0.496387
0.372861
-0.303496
-0.926769
1.605528
0.880241
0.187133
0.327844
-0.297017
0.702245
0.412002
1.638435
-0.117651
0.286999
1.089953
2.375821
1.394696
1.259653
1.506412
1.234872
1.674486
2.719327
0.503497
1.937831
1.352487
1.811966
2.206707
1.808727
1.009307
2.534027
0.116799
2.423551
1.286875
0.290794
-0.543526
-0.416733
0.857138
0.699969
0.908893
0.919646
1.454012
2.893017
0.779215
2.543751
0.172831
0.980487
-0.057048
1.758762
1.173059
-0.060449
1.878719
-0.044470
1.333541
1.510978
0.906050
-0.334971
0.117853
0.483209
-0.827101
0.352779
0.774284
0.429222
-0.888996
-0.695370
3.193995
1.003016
-0.709623
1.216305
0.606547
0.334806
3.217949
1.465458
-0.115705
2.482223
1.067604
0.791399
1.580630
0.639827
-0.193374
1.949263
1.221729
2.503095
1.544860
0.858176
0.987724
1.033053
1.700062
0.792037
0.801455
0.566377
2.375526
2.123921
1.258354
0.669398
-0.326113
0.924306
0.826244
0.399916
-0.343641
1.433234
0.722799
0.726621
0.924114
0.624426
2.529464
1.666204
0.478295
0.476724
0.078425
-0.803151
1.037553
1.346018
0.280531
0.623351
2.127485
0.476397
0.604608
-0.431395
0.004966
2.961718
0.412112
1.324518
1.408560
-0.075073
0.793617
0.218909
0.237784
0.365656
2.027973
2.783615
0.794331
1.307314
1.375514
1.246557
-0.253061
-1.941771
1.018002
0.801796
1.689372
1.071706
1.951333
1.195532
-0.343822
0.107195
-0.446079
1.066358
2.244559
1.427942
0.131811
3.125390
-0.223581
1.886547
1.713851
2.202215
2.883955
0.779376
0.903837
0.497914
1.486713
2.409711
-0.243512
0.932524
1.161626
3.315173
-0.597088
2.156540
-0.097458
1.134920
0.333889
1.623707
0.815568
1.004419
0.192508
2.892995
0.302907
0.262216
0.545985
0.511865
0.869727
2.053907
1.283151
1.251094
2.288709
-0.051035
0.561748
-0.002670
2.093276
0.601460
1.085901
2.051880
-0.117039
-0.695989
1.562919
-0.979431
2.051710
2.347184
2.100227
1.145628
-0.981944
1.368463
0.044529
2.537692
1.679343
2.534513
-0.495898
-0.225052
1.366204
-0.542990
-0.335824
0.532317
1.345274
-0.069172
0.493367
-0.502689
3.813351
2.059090
0.100045
0.895335
0.202894
1.012355
0.393356
0.606638
2.314387
0.984217
1.772277
1.683466
0.133370
-0.024932
1.561972
-0.064524
0.543301
-1.409150
1.576873
0.766419
1.249087
0.202997
2.096629
1.005193
1.067282
1.797813
0.720372
0.670092
-0.227940
3.158344
-0.411840
0.706420
0.211390
0.628416
2.025296
1.337077
-0.492911
2.927347
1.285570
2.950518
0.055901
2.127893
2.165033
2.220460
0.680896
1.146467
2.076492
0.745554
-0.962389
-0.058055
1.133098
1.434863
1.972315
1.723505
-0.103118
-0.201566
1.855408
1.598824
1.508199
1.400086
1.060453
0.310249
0.538930
2.628918
0.269723
1.242468
-0.123064
2.540198
3.045189
-0.743806
1.586795
0.300352
0.860058
1.053776
0.925214
2.170644
0.208340
2.479267
1.825161
1.122569
2.057008
1.743104
1.023198
2.545285
0.327348
0.058399
0.662655
1.603574
0.395681
0.966052
-1.385657
-1.132133
2.290788
0.018130
-0.168008
0.824316
1.736433
2.425975
2.256550
0.952140
1.325973
1.953769
-0.613563
-0.732378
-0.960828
0.260459
-0.425078
1.913412
0.633114
1.217282
0.320682
0.663787
0.284402
0.003284
1.247226
1.056548
-1.086708
1.305998
1.495533
2.626064
1.031831
3.457233
1.477519
-0.080516
-0.221285
1.816342
0.721787
1.579231
2.085600
0.852499
-0.317260
1.026311
1.748644
1.019199
1.164689
1.276405
0.696878
-0.009974
1.879491
0.028364
1.780114
0.622490
0.716167
1.008309
1.911022
0.232108
1.282415
-0.669405
2.427275
-0.302625
-0.726157
1.974353
0.529003
0.327511
0.462377
0.491163
1.114471
0.776620
2.233088
0.989053
0.300690
0.562043
2.127950
-0.470175
-1.318352
0.050423
1.425459
0.667004
1.483117
1.365851
1.276691
1.907260
0.475166
-0.250528
0.687209
0.532579
1.753954
2.282857
0.776775
1.316414
1.999962
1.119200
1.545260
0.634073
1.319447
3.136006
1.348806
1.624968
1.471383
1.795587
0.283217
0.185514
0.672681
1.736436
-0.513720
-0.119365
0.920682
0.600088
1.132288
-0.193655
0.773001
0.604272
1.339517
-0.106889
0.811656
0.171691
1.050250
-0.291528
0.925323
1.249187
1.870006
0.722154
0.107185
2.453171
0.534626
-0.154560
1.228852
2.722217
0.437686
-0.348840
-0.595040
0.493413
2.499859
-0.255190
1.241840
-0.023026
2.497923
0.244440
1.577428
0.166540
1.627117
2.493039
1.949130
0.012724
1.342142
1.555873
0.668310
2.499266
0.474674
2.499615
0.769000
1.182786
1.123202
1.046786
1.797644
2.135865
0.413773
1.704229
2.378856
1.257272
1.872869
3.285741
1.017941
0.709445
2.024132
1.225303
2.510969
1.480341
1.656118
0.419534
0.088413
-0.616116
2.444920
1.090885
-0.506301
0.863047
1.474095
2.165711
0.571132
1.495293
1.944093
2.377732
0.398342
0.866134
2.862114
1.913705
0.609290
1.434557
0.097517
-0.124867
-0.221594
1.172717
0.503627
1.364093
1.990667
1.715881
1.602781
1.397447
-2.225382
2.534808
1.887292
0.349452
0.725377
1.299132
1.462449
1.330905
1.038990
1.347797
2.998442
2.872083
2.063816
0.512451
0.162066
2.186382
1.862164
2.405881
0.285865
0.903040
-0.531014
1.931970
0.541942
0.515155
2.183951
1.278702
2.110673
0.649608
1.999608
1.084173
-0.480691
0.929792
1.682545
0.668014
2.109324
1.040630
0.774401
0.065817
2.947032
2.712971
0.315346
1.199346
1.237804
