1000
-0.052281
-0.069530
0.579036
0.855960
0.758901
0.664514
1.008536
0.344206
1.694087
0.760285
1.182561
0.759088
2.989323
0.065594
1.322818
1.856501
2.950571
1.650312
1.465010
1.242787
-0.704058
2.866049
2.172301
2.175521
1.323932
1.502816
0.676774
2.636491
0.675192
2.339199
2.951473
1.713506
1.274536
1.775024
2.212223
0.964925
3.151319
2.896428
1.191408
0.799136
1.983259
-0.247736
0.822132
2.824766
-0.304616
2.086884
1.102130
0.282182
2.218194
0.898237
0.599801
-0.179000
1.811322
0.485550
0.886960
0.440206
2.201289
1.089308
0.072082
1.002770
2.143459
2.211759
0.570294
-0.083981
0.331839
1.853142
2.484830
0.582256
1.747635
0.298056
1.221480
-0.486270
2.764367
-0.943882
2.590137
1.554411
0.623428
0.547688
0.155832
0.037183
1.933254
2.026457
1.228925
1.692437
0.293270
-0.425451
1.691963
1.287607
0.958988
1.729885
1.403130
0.785649
1.106968
1.311065
0.092237
0.729873
1.163400
0.592322
1.315733
2.146627
-0.067378
1.414610
-0.107943
-0.033440
0.168058
0.421342
1.194523
1.493590
1.480720
0.132503
1.116048
-0.755052
0.414134
-0.834787
1.217689
1.242801
-0.115231
0.632297
-0.529607
0.340401
-1.005847
-1.305755
1.105267
0.915467
1.013900
1.420025
-0.554855
1.842857
1.540841
-0.365840
1.564506
1.309631
-1.059595
1.888847
-0.226851
1.232356
1.894851
-0.837548
-0.139734
0.771439
1.135006
-0.139727
-1.351275
2.529321
-0.209538
2.497914
3.275140
1.699826
0.473819
1.282623
1.233907
-0.415880
-0.002777
0.815669
1.213975
-0.079300
1.013841
0.715826
1.233418
1.782613
1.569012
0.670845
-0.109072
0.394515
0.594513
0.855406
2.801612
2.070960
0.960152
-0.707887
0.839946
0.864278
-0.035714
-1.180055
2.076570
1.795256
-0.054974
0.271429
1.012847
1.187088
1.589433
1.621528
2.231128
1.057969
-0.548031
0.815973
1.851712
0.119209
3.214752
1.114998
2.092799
2.512436
0.176189
1.631041
2.086776
1.925439
1.705104
1.799035
0.169761
-0.584440
1.660075
2.051385
0.412004
2.909535
-0.415794
1.115790
0.721211
-0.099655
1.971236
2.004007
2.477269
-0.221575
1.788502
1.643773
0.762841
0.255475
0.032394
-0.410193
0.108332
1.757174
0.160995
1.249689
0.261491
0.295091
1.628879
1.312486
1.114445
1.161101
1.039800
1.713547
3.395717
0.397085
1.660704
-0.038772
1.077672
0.993364
1.349348
1.910211
2.845323
-0.625844
0.608539
1.469173
0.920768
0.241975
0.799670
1.707930
-0.692039
1.600762
2.734119
1.618936
1.737135
0.356782
0.945867
1.079078
0.718337
0.411153
1.353823
1.476105
1.307188
1.681449
0.817000
0.720293
2.177550
1.720754
1.778218
-1.578627
-0.657913
0.280231
0.641477
1.760095
-0.853624
4.396152
1.853598
1.914791
1.290362
1.478853
1.594930
1.933889
1.353724
1.061645
0.825804
0.515372
3.067414
1.481817
1.162291
0.402331
0.379945
0.314175
2.142968
0.284155
0.568669
2.169145
1.145027
1.732676
0.827707
0.070079
0.283571
0.229935
1.881777
1.414971
1.223235
0.714212
1.924564
2.527155
0.321736
2.037141
1.167346
0.607540
1.069688
0.813286
1.024633
0.728677
0.771988
1.372877
1.586590
0.855861
-0.050262
0.093438
0.431995
0.774265
0.921629
-0.257355
0.834573
0.408450
1.642694
1.964078
0.318597
2.123127
0.615808
0.496220
1.565818
-0.394491
0.835991
2.807684
0.408301
0.081797
0.511623
1.351602
0.534361
0.829692
1.994855
1.121201
1.791746
0.099393
-0.010038
0.785319
1.358600
2.879399
1.762165
1.435245
-1.953821
0.941895
0.454437
1.683131
1.879031
0.911162
0.991780
2.294532
0.708597
0.756863
1.084942
-1.199336
1.413050
1.630103
-0.525689
-0.005393
1.034418
0.738380
-0.146056
1.947558
0.897610
0.206333
2.131017
0.806697
2.081887
0.440023
1.355862
0.085035
-1.790297
3.514768
0.352467
1.722760
1.519351
1.500553
0.909368
0.982824
0.504213
0.618306
-1.599527
2.910798
-1.222895
0.986429
1.083229
1.406728
0.815698
3.104170
-0.559609
1.932382
1.271533
-1.247267
0.403096
1.675226
1.327753
2.145064
3.920064
2.018749
-0.722961
1.110279
1.988658
1.100883
0.152161
1.632772
1.882447
1.138486
0.901981
1.714233
3.176932
-0.568063
0.534038
1.915135
0.024196
2.765602
1.264499
-0.157627
0.363441
0.478627
2.465021
1.121341
0.598050
-0.220382
0.859739
0.738206
2.391858
2.388728
-0.536989
2.991716
1.386713
1.327481
2.362479
1.905811
-0.178499
0.155400
-0.440696
0.052417
1.155795
-0.326392
1.341423
1.272119
0.764295
2.900366
-0.919948
1.434081
3.654170
0.384366
2.060847
2.248037
1.491748
0.783433
1.135647
-0.122540
-1.463766
0.033612
1.534023
0.277739
1.229519
1.480428
0.150830
1.088067
3.264768
0.028024
0.539427
1.193419
0.426768
1.783892
1.958866
1.135689
2.819149
-0.069674
1.037799
-0.091467
3.092678
1.656547
1.786428
1.078549
0.654540
-0.346518
-0.710024
0.903262
0.711477
1.147673
0.532021
1.277348
0.111043
2.209266
0.650214
1.988315
0.339359
0.986514
-0.557227
1.319704
-0.228981
1.332993
0.321064
1.425222
0.900756
2.787758
0.853407
1.085012
0.514096
0.825105
2.202916
1.426368
2.128463
2.429243
1.793153
1.668986
1.115530
2.302831
1.808318
0.655021
0.039539
0.648444
1.550915
1.863896
1.496453
1.321969
0.682341
-0.349853
1.451139
0.536684
2.087876
0.413218
-0.592689
0.335918
0.519535
1.501712
1.810267
0.968111
-1.135194
0.748187
-0.559956
1.303058
-1.031408
0.247593
0.508291
0.459245
-0.183104
2.471809
0.895268
1.004557
2.181280
1.258582
1.871826
1.782421
-0.570680
4.002162
1.965902
1.255245
2.307771
1.955642
0.170457
-0.219219
0.362872
-0.326557
-0.905506
-0.104511
0.582854
2.290678
0.306536
-1.641429
1.543428
0.230710
0.747196
1.031571
0.289591
-0.398078
2.617717
1.451650
2.313257
1.582557
-0.368493
2.157696
0.813476
0.403139
1.892168
0.817692
2.099924
-1.767715
0.612574
1.740427
0.106674
-0.032831
-0.952432
0.945662
0.369762
0.496403
1.376873
1.182111
0.017790
1.885967
0.756291
2.263279
0.526693
1.809011
1.572990
0.450502
0.602675
0.126317
0.897226
1.827495
0.577670
0.161523
1.601160
0.466184
0.640097
2.347092
-0.419360
2.211822
2.305206
-0.145991
1.660453
-0.212403
-1.026981
1.295398
0.072637
-0.186344
-0.764000
0.810305
1.477967
0.864012
2.867766
2.017690
3.219463
0.573652
0.171126
1.256806
-0.538212
0.827898
0.071545
0.678250
2.598679
1.230850
0.287246
1.726387
3.806005
1.000452
0.026446
1.153859
1.894549
2.025497
-1.268257
2.227259
2.794383
0.567066
1.510862
1.898008
1.546683
1.515233
1.586367
-0.865337
-0.075273
0.564443
0.936280
0.015253
-0.069210
0.870577
1.687234
2.638145
-0.446157
-1.307451
1.330861
0.659369
1.513138
-1.139223
-0.343765
2.430156
-0.629381
1.152673
-0.179116
2.575577
-0.109296
-0.148193
0.452430
1.756425
-1.093525
2.076254
0.476154
1.576137
2.662651
1.443607
2.859476
0.460482
3.274807
0.517678
0.244642
1.009713
-0.129384
-0.572740
-0.652473
-0.051044
1.083630
0.067113
1.175291
1.736411
1.436069
2.166533
-0.707715
1.842495
1.494400
2.436455
1.075675
1.896578
0.075752
0.246061
1.192108
-0.033187
0.998548
2.747843
0.872357
1.122868
1.129809
1.836907
0.632679
1.085827
0.463438
2.195138
0.399523
0.966266
1.532397
0.697002
1.572072
1.315206
0.135879
0.822823
1.302032
2.766552
1.290574
0.870001
2.164504
0.869208
-0.470749
0.604887
1.164069
2.228724
2.127014
0.581980
2.501106
1.275807
1.823036
-0.058460
-0.053397
-0.477546
-0.283377
2.899947
1.506109
1.448420
1.381046
0.903361
3.069257
2.859472
2.274336
1.434625
0.999325
0.718036
3.182085
1.630417
0.501416
0.537300
-0.253097
0.739721
1.209730
-0.223113
1.876462
-0.043281
1.121384
-0.377245
1.747290
2.214803
2.513255
1.977375
2.313912
-1.336987
1.534321
1.151295
0.055766
-0.015187
3.210190
1.023064
0.820845
-0.527111
1.303525
2.243324
1.326411
-0.683251
1.282946
-0.127433
-0.030371
2.022477
0.171476
0.379441
2.214777
1.796308
2.349988
-0.432146
1.202912
0.841218
1.165345
1.242696
0.083285
1.021017
0.338867
0.778901
1.271994
2.210171
1.619950
2.643299
1.385790
1.457064
2.458290
2.964222
1.949133
2.101627
1.792535
-0.032980
0.878008
1.722257
1.531804
0.571508
1.469055
2.410792
-0.156574
1.037822
0.397809
0.920167
0.096873
-0.500545
0.497417
1.646080
2.050952
0.824644
0.243443
1.525781
-0.212264
-0.217938
0.372895
0.597314
0.111136
0.892072
1.534740
1.899525
2.130710
1.616456
1.510854
2.268340
0.857089
2.639256
-0.594549
1.551008
1.994338
2.027829
0.796922
1.696100
2.361400
0.850243
0.379332
0.398663
1.101080
-0.539355
0.393806
1.308729
2.108381
2.360160
0.286452
0.349390
1.343780
0.263581
3.182702
0.020048
1.369252
1.130957
1.465544
0.564795
0.206865
0.954910
2.016988
0.898933
0.989267
1.551851
1.622008
0.822142
-0.693512
0.504253
3.477361
1.622302
0.098802
1.236252
0.659258
-0.470822
1.109420
2.545672
3.958716
2.521633
0.749282
2.030387
1.872314
0.633457
1.750705
0.301053
-0.077953
2.255307
2.021131
-1.050928
0.588055
2.956058
1.858988
1.363617
1.566171
0.245390
1.404588
0.220655
0.412135
-0.214460
-0.930975
0.541056
2.305547
-0.906612
-0.582402
-0.129460
-0.043230
1.586533
1.601355
-1.130787
0.451731
2.174156
0.559054
0.092137
1.173062
0.516809
-0.091859
-0.269454
0.392418
0.583815
1.592754
1.784105
1.101011
1.849830
0.288110
0.814265
1.015477
1.397783
1.034335
1.577180
1.145732
1.192776
1.596784
0.233475
1.949901
1.248236
1.428473
0.575808
0.516414
0.054243
1.788553
0.151340
1.102624
0.533459
-0.644116
1.450435
0.992058
3.404817
2.486872
0.611542
0.591560
1.674441
0.595631
-2.416748
1.802575
1.135742
0.647192
1.257489
0.025576
2.587768
-0.107996
-0.130611
-0.459446
1.345546
2.051217
1.749169
2.024660
1.905030
1.084463
-0.587357
0.411372
2.534376
0.006028
0.423202
0.703702
2.674917
2.986960
3.437140
