1000
-0.129635
0.853105
1.713969
0.871751
0.557209
2.391927
0.620595
-0.067373
0.511947
1.517758
2.069793
0.011852
1.302912
2.125059
-0.092209
0.675906
2.316518
0.175004
-1.164525
0.087554
1.653222
0.591568
1.269691
1.914845
1.287453
0.532820
1.514070
0.816004
1.754903
0.659456
2.536772
1.303369
0.965786
0.097922
2.029939
2.250540
0.320368
1.856499
2.331064
0.265708
2.241628
3.127590
0.647865
0.518150
-0.918609
1.428827
0.805777
0.081383
-0.683456
1.565749
2.434256
0.800478
1.520313
2.292893
2.533681
1.453211
1.915453
2.353915
1.798422
1.347700
0.542217
1.200993
-0.507634
1.486061
0.231342
-0.380870
1.704277
1.438260
2.068816
-0.542910
1.079820
0.929062
0.378797
2.120092
2.269843
0.689681
1.111265
0.347572
0.029987
0.831798
1.957002
1.064657
0.077405
1.604326
0.835327
-0.427151
-0.448614
2.178188
-0.606381
0.016857
0.796891
0.744361
1.530278
-0.792771
0.872590
1.456278
1.819890
3.167205
-0.302595
0.394746
0.568762
-0.984899
1.021466
0.045414
0.180626
1.217845
0.881925
0.578137
-0.173632
2.737548
0.111284
-1.290154
0.027896
1.017592
2.134714
2.369570
0.807390
1.641254
0.726246
0.905097
0.306919
1.227312
2.976149
0.705032
-0.489205
1.544702
0.860973
1.008535
1.321288
-0.528611
0.614534
-0.038195
2.365227
-0.055460
4.436482
0.812489
2.446034
0.039564
0.038118
2.180627
1.528376
1.223855
1.218413
1.190204
2.328825
-0.399956
1.238992
-0.145158
1.476585
1.223020
0.375331
1.839552
2.279229
1.305276
0.803341
0.124237
1.115291
1.577234
0.858768
1.030837
2.325921
2.044432
0.141669
-0.725461
-0.404291
0.880623
0.446672
0.461253
2.882664
-0.036263
-0.302540
1.663411
3.604116
1.565578
0.544569
2.219592
-0.286195
1.006705
2.781114
1.027287
1.755449
2.624083
1.168994
1.878311
1.675726
2.450249
1.133640
1.526388
1.255785
0.806948
1.564842
0.885102
1.796421
1.856527
1.942439
1.881350
-1.232222
2.724157
1.741158
0.034281
-1.010874
1.457170
1.137303
1.388406
0.428808
1.420183
0.767474
1.353535
1.925815
1.197483
0.947717
0.718744
1.158303
1.124953
-1.281138
-1.231380
1.831211
-0.258809
0.604855
0.064467
1.016198
-0.516764
1.534831
1.933417
-0.878632
0.301567
0.278532
1.424341
3.174639
1.719778
2.018290
1.088121
1.047680
-0.234695
0.065165
2.923071
-1.571306
-0.178030
3.290809
0.498449
0.867470
1.113749
2.587966
-0.420340
0.895793
1.682018
1.932358
-0.697742
1.345353
0.794451
0.957764
0.727779
2.133968
1.824773
0.596821
1.726167
0.918254
0.355676
0.947393
-0.821177
1.379813
1.085708
2.531935
1.964888
0.843941
-0.722544
0.654607
2.438457
1.453622
1.096233
0.351332
1.075618
0.146031
1.552579
0.196036
1.433966
0.869666
0.410912
0.230852
0.527504
0.686769
0.708214
3.088032
0.822238
0.053118
2.106610
1.019593
0.784270
2.193947
-0.160173
-0.015006
0.123390
0.407463
2.029203
0.375338
3.585416
1.165683
1.477348
0.423262
1.547088
0.354125
-0.871639
1.472593
1.295084
-0.205850
2.909201
0.860653
2.279319
1.028864
0.931427
1.926371
0.147035
-0.534825
1.194958
1.898742
0.324174
-0.172128
0.777036
-0.746733
-0.023766
1.255673
0.791678
1.545064
-0.071522
0.668662
0.491558
2.186041
0.720596
0.937723
0.088044
2.220214
2.128800
1.421483
0.926730
2.823744
2.539018
-0.347195
-0.581519
-0.103176
0.137982
3.363514
2.123890
1.265428
-0.585868
0.950710
0.681061
2.098608
-0.005083
1.823727
1.297616
0.851760
-0.885160
1.496189
0.429589
0.944571
1.895586
1.318510
1.249931
-0.440067
-0.949463
1.299493
0.835683
2.188684
1.857934
1.954588
0.945480
1.286673
0.611054
0.038196
0.214879
1.177227
2.800436
2.314416
3.451753
2.080634
0.861512
-0.092300
0.575945
0.353515
-0.200205
1.222150
2.318658
0.841301
-0.265566
2.709478
0.703098
2.065009
0.588087
0.638225
0.342263
1.128262
0.487758
1.005059
-0.573867
2.144559
0.406093
1.147332
-0.228969
1.764934
0.888988
0.771419
0.707698
-0.126022
1.345354
2.629840
0.398175
0.410171
2.305045
2.775509
1.641884
0.088504
-0.068776
0.386536
1.095157
-0.012157
1.221944
1.298164
2.390815
0.283935
1.496397
-0.298914
0.903911
1.293241
1.902946
2.125719
1.477952
3.060103
0.943170
0.558846
1.305763
0.374373
0.189296
-0.289790
1.323906
1.108541
3.484851
0.404804
1.435400
0.332518
1.514803
1.955403
0.930916
1.844544
0.711099
0.892567
0.509225
1.631408
1.211274
2.002694
2.121914
0.826143
1.066301
0.895652
-1.024339
1.552961
-0.751361
1.116065
2.283386
1.295052
0.272710
0.803785
0.192910
0.403375
0.438474
1.808216
2.414145
2.390575
0.519024
0.256146
0.672263
2.316553
0.621334
-0.179480
0.654330
0.637393
1.032189
-0.202731
1.402881
-0.325294
-0.252854
1.671700
1.253555
1.067894
-0.142673
0.394072
-0.233635
-0.129220
1.390245
2.067797
1.775436
1.920274
2.093531
2.612134
1.215683
2.375043
1.053921
1.739081
1.547543
0.224763
-0.787147
1.548678
1.459501
2.563437
0.696896
0.269895
1.876796
-0.164523
1.842121
-0.412524
0.732114
1.976814
2.460021
1.201334
0.693757
0.624631
0.753373
1.315257
0.448998
1.882307
1.817955
1.251945
0.471447
-0.018522
1.227448
-0.223240
0.527129
1.249822
1.142802
1.199162
-0.524382
-1.076692
0.676796
1.315182
0.525747
0.016606
-0.026858
0.342190
2.888639
0.263380
2.190741
1.457777
1.060390
0.624786
1.348007
2.485925
1.974671
0.456368
-0.359494
3.255442
-1.287514
2.076597
1.497953
3.020663
0.623146
1.411826
1.733819
0.602013
0.241370
0.645067
-0.011017
2.024439
0.423896
1.790056
1.837399
0.997390
0.040185
1.415406
-2.710761
1.530963
1.484017
0.530594
0.875586
1.004395
1.324879
-0.262187
1.421217
-0.060601
2.153254
0.322851
0.515960
1.298486
0.712597
1.795679
1.759147
-0.043799
-0.363507
0.715175
1.768792
0.894353
-0.498788
1.542397
2.365269
2.092344
0.143545
-0.555530
1.828214
0.403190
2.232046
2.619551
1.924708
0.117348
3.000415
1.683649
0.200234
0.608140
0.867947
-0.366722
0.786415
1.115703
1.086107
2.326090
1.350549
1.516395
0.712857
1.457217
1.178563
-0.011674
1.233594
-0.477780
2.112568
1.762231
1.643537
2.174874
1.619047
0.218939
1.291343
0.878683
0.420207
1.026147
0.322646
-0.381974
0.442174
2.791745
1.547456
0.418671
1.177360
-0.566673
-0.067450
0.707228
0.495456
0.522636
1.609699
2.898514
0.920976
3.044633
1.658050
0.778280
-0.054673
1.082873
0.945666
-0.338514
2.515496
0.176021
0.524594
-0.615357
0.535720
2.159810
2.781339
-0.105141
4.852654
0.323609
1.124287
0.927861
2.430524
-0.702484
0.764475
0.222466
1.267740
2.374420
-1.164276
0.141996
-0.225600
1.933894
1.264221
0.980214
0.161900
0.910341
0.450621
0.591361
1.155090
2.607054
2.989613
-0.188599
0.704229
0.668514
1.520253
0.401672
0.514930
0.942244
1.332428
1.192907
2.047256
-2.029369
2.394806
0.488666
-0.732147
-0.659231
1.953013
2.777341
0.764712
0.537337
2.819601
1.946990
1.509387
1.554338
2.213452
1.595070
0.950629
0.153942
1.762995
0.938385
2.824410
1.028605
1.114981
0.452558
-0.856882
1.135546
2.484424
0.596107
1.660600
2.554005
0.721263
0.485512
0.570109
2.527355
1.075671
1.813834
1.254747
0.936939
1.663817
1.265052
2.437828
-0.437201
0.010246
2.391906
0.791017
0.270594
2.509274
0.836949
0.877789
0.814091
-0.074876
-0.733627
-0.660766
0.786723
1.529974
-0.620576
0.814912
1.361364
-0.016596
-0.017241
0.933544
1.417496
0.395448
2.160592
1.768833
-0.720561
0.532042
-0.580134
0.650673
2.205386
-0.007028
0.075875
1.784498
1.577166
0.875316
1.921211
0.374044
1.517745
1.086345
-0.052292
-1.153376
2.667044
0.556779
1.472534
0.327852
1.513535
1.612281
0.285513
0.957117
1.612471
2.864144
1.474684
0.265777
0.296222
1.193764
0.739808
-0.250496
2.443443
0.953658
1.447034
0.075553
0.297159
0.871247
2.629760
0.520899
1.992839
0.587423
0.168879
1.139370
-0.966399
1.250977
1.184863
1.059871
0.295883
1.773117
2.230962
0.654612
0.330924
1.307066
-0.293398
0.972058
2.426469
1.043724
1.478995
2.880881
0.944392
1.356249
1.557735
0.524377
0.571400
-0.604575
0.894177
0.488922
1.170636
-0.044777
0.511417
1.746319
2.562777
1.535382
1.201658
0.088625
0.410763
1.323788
0.576226
0.274534
-0.834680
0.833123
-0.218442
0.540992
0.042392
1.677878
0.153575
2.570960
2.401725
1.068322
-0.032030
0.094437
1.321842
1.466788
1.005042
1.043000
1.340642
1.674377
-0.603993
0.582842
-2.239547
0.519753
1.696554
1.829369
-0.070915
0.431148
0.756342
0.643227
0.754644
1.637400
1.685619
1.963701
1.318412
1.281256
3.079499
-0.996325
0.941453
0.725897
-0.839024
0.369930
1.295204
1.747184
0.875235
1.179233
1.747909
1.146439
1.757692
1.500807
1.495593
1.304037
0.743274
0.101138
1.115445
0.329165
1.480809
1.855527
-0.699693
1.182821
0.990733
2.265250
-0.630497
1.882579
1.002679
0.599524
-0.201553
0.144041
0.290451
0.211976
0.492003
0.769524
2.325272
1.453817
-0.090427
2.500184
3.344844
0.929134
1.766782
0.046698
-0.023086
-0.434908
0.067676
1.388456
0.977411
1.542818
0.736291
1.959059
0.787508
0.374209
1.436165
-0.257857
-0.702400
1.222096
1.398297
1.790400
0.827150
0.341210
2.592311
0.758685
0.856542
0.377039
0.357222
1.011000
-1.238688
1.448857
0.799225
0.079665
0.803025
2.056131
0.561224
1.503037
-0.553577
1.240273
2.378601
1.510228
0.993694
1.949323
1.671298
0.344772
0.502292
0.932526
0.166831
1.104651
0.869146
-0.553595
2.005796
1.484589
3.627966
-0.080069
0.198467
-0.388683
-0.217215
0.771991
0.228891
1.356999
0.357220
0.776791
0.031947
0.757316
1.039884
1.242622
1.192152
1.435306
0.772566
0.089671
1.241687
0.981152
0.638844
2.834764
1.786091
0.515295
0.870112
2.286834
3.230405
-1.353007
1.280345
0.657460
-1.571658
1.808447
-0.832110
0.953050
-0.389220
1.360818
1.089491
2.207800
