1000
2.497610
-1.187274
2.158739
0.493991
1.140640
1.540297
0.289841
2.233017
3.215501
1.974863
1.986555
0.232614
1.071949
0.555553
1.651636
0.036416
1.892495
0.835757
0.341865
-0.258709
0.791932
-0.157239
2.013046
2.624351
1.993175
-1.681466
0.479940
1.168163
0.478031
0.306340
3.250568
0.461406
1.210453
1.326662
0.790157
1.738630
1.775821
-0.020793
1.389045
0.773215
1.799133
-0.060583
1.587938
0.093445
0.759219
2.007581
1.710269
0.508502
1.371631
2.239894
2.402553
2.004589
0.643841
1.573942
1.577455
0.506257
1.548456
1.479918
0.727904
0.555403
1.021800
0.970282
0.971958
0.747352
-0.144526
0.169494
0.798395
1.043787
1.207657
0.546137
2.577917
0.449860
-0.353681
0.507107
3.106423
0.161942
0.194237
0.380896
1.332886
-0.257473
-1.688962
-0.056907
1.231306
1.276148
2.669672
-0.849797
1.127881
1.596906
0.993277
3.047503
0.117201
0.521010
1.267622
0.740942
1.652730
1.882807
-0.573955
1.242371
0.342283
0.043266
1.776886
1.602676
-0.297855
0.813816
0.540985
1.665117
-0.534321
1.247179
0.643952
2.172241
0.153906
1.293275
1.452119
0.322978
2.672198
0.070757
1.122887
-0.316362
-0.130914
2.960031
0.513001
0.931037
-0.135830
2.435500
0.943491
0.092109
1.648939
0.716840
0.038794
1.454464
0.557020
0.412003
0.719672
0.551001
0.260721
1.832170
0.555169
1.114614
1.900438
-0.458711
1.756083
0.803180
0.948017
-0.919537
1.770026
0.993155
-0.400619
-0.163982
0.858384
0.539747
0.345657
1.557872
1.423279
2.439061
0.033718
-0.112180
1.893171
0.653226
2.874876
2.292764
1.039531
2.584828
0.717311
1.212620
2.009821
1.982664
0.820530
1.073981
1.241642
0.799317
1.459523
2.298966
1.934416
1.666965
2.118077
-0.140526
0.383741
0.347808
0.485844
-1.045274
1.381293
1.678705
0.120015
3.456505
-0.358244
0.881110
1.706790
0.136201
2.222311
1.354777
3.138772
0.844957
0.020467
1.153722
1.520158
2.079937
1.565530
-0.617166
2.861732
1.503593
2.412353
0.724406
3.547497
0.744644
2.002898
0.080510
0.927491
0.118385
0.502969
-0.352115
1.611071
0.620026
0.593272
1.146802
-0.703858
2.130933
2.500335
0.943508
1.337058
0.564442
1.356508
1.842610
0.343250
0.030032
-0.111886
-0.305319
1.465593
2.091314
1.371297
1.902172
1.182404
0.012332
2.820527
0.291659
0.671133
-1.487034
-0.329141
0.812231
0.711073
0.980661
2.274416
0.174506
1.696784
0.686034
0.684025
-0.436940
1.820144
1.402780
0.178585
-0.319101
-0.190681
-0.040356
2.177320
0.998057
0.364466
-0.429418
3.007591
2.498886
0.182960
0.850027
0.532988
0.573913
1.091537
2.295092
0.393668
2.433758
1.935081
-0.942188
-1.506043
1.459692
0.720048
1.040419
1.333337
2.804705
0.915356
0.117774
2.017448
2.284109
-0.437614
2.177189
0.016168
1.127930
0.383560
0.673857
0.966473
-0.054321
-1.317340
0.336516
0.442929
4.346549
2.202973
1.567185
1.795793
1.336854
1.012272
1.587889
1.467840
2.236383
0.286900
-0.384835
-0.843191
0.493374
1.846983
2.355946
2.266728
2.898228
2.266594
1.441224
1.395205
0.559638
-0.324711
1.932748
1.508797
0.728192
0.845018
0.077187
1.283222
0.926342
1.496270
1.235263
0.522707
1.166411
2.487652
0.886600
1.998794
-0.321169
0.593471
2.518973
1.427313
0.576296
0.960309
2.254852
-0.070251
0.334898
3.112025
1.291911
1.595776
1.926742
2.072109
3.292674
0.933264
1.658409
1.566886
-0.250172
1.583250
1.949615
1.081920
1.519415
1.959932
1.853468
0.973265
0.427148
1.923558
-1.158980
0.175854
3.116713
0.221820
-0.945273
-0.546607
1.556898
-0.106698
0.482409
0.377865
1.438166
-0.036098
0.555086
1.567700
0.846003
-0.071844
1.277556
-0.275422
0.150508
0.189434
0.611085
1.174950
-0.300046
0.424749
1.699427
0.948878
1.869638
2.561320
-2.176374
-0.048361
-0.723956
1.279392
1.826330
2.618415
-1.713573
0.403959
-0.347544
0.863720
0.708898
1.983096
2.327510
0.726206
1.214049
0.452401
2.456040
1.367440
1.010065
2.664625
0.101271
1.714773
1.671396
2.619790
0.181323
1.047001
1.978651
-0.393135
2.083805
1.655469
-0.073670
0.499147
-0.366682
1.428436
2.280322
0.885428
1.601927
2.537135
2.266098
0.855940
0.331145
0.987565
0.418485
-0.375722
0.752295
1.893164
1.077188
-0.090930
0.465149
0.650576
1.056007
0.214302
-1.238306
1.325533
0.608666
0.690200
-0.202090
2.451235
1.210117
1.628439
0.620354
0.433078
1.990279
1.709917
-0.565792
2.040673
-0.489992
0.533590
-0.625739
0.593713
0.251700
0.530696
0.526555
0.669373
0.040641
1.384051
1.887546
2.611567
0.635541
-0.849383
2.468635
1.895275
-0.602847
-0.429094
0.388441
-0.458163
1.502370
0.550652
0.233029
0.701230
3.561335
1.077320
2.213395
1.880705
1.594093
-0.102275
2.338962
1.076248
-0.049353
-0.349333
1.327703
2.073555
0.298748
0.948076
-0.953592
1.118583
1.009530
1.395574
0.104162
1.693372
2.430829
1.759902
0.357685
0.276347
2.380095
0.647246
0.803097
0.927552
-0.288111
0.496830
2.082442
1.199556
1.004015
1.514483
1.049487
0.936373
0.417282
1.817769
2.090282
-0.634306
-0.312173
0.733796
0.597144
0.739109
0.751693
3.192989
0.840822
-0.208716
0.330956
2.266359
0.717799
1.462493
1.500302
0.555154
1.866395
1.275223
1.441574
-0.049480
1.054272
2.340991
2.191960
1.217977
1.302831
2.200008
1.004334
-0.504775
0.713754
2.515182
1.649435
0.218118
1.851256
0.858282
2.562103
-0.031384
-0.566399
0.876326
1.258799
2.588187
3.585457
1.950874
2.174143
2.583981
1.314808
0.745868
2.379966
0.435437
1.236336
1.750188
1.959331
1.372968
1.830916
1.150258
0.611484
0.836220
1.257556
2.803312
1.343558
2.597549
0.581885
1.683565
1.517700
1.060491
-0.220270
0.808932
1.602990
2.660132
1.977276
2.585791
0.478453
1.571507
0.177369
1.528875
1.133399
0.610548
1.916531
1.959218
2.182588
0.060125
0.235694
3.844035
-0.283293
0.158863
0.033257
0.660808
0.299881
0.378170
-0.004882
2.116600
0.407213
1.070852
0.205916
2.119187
1.862592
0.010711
0.243048
-0.573850
0.906252
1.015613
1.968241
0.350216
0.107607
0.887033
2.214911
-0.498139
0.465862
1.310282
1.612269
0.443335
2.183007
1.280684
-0.440046
1.759828
0.928939
0.442878
1.353238
1.426212
1.165661
0.034403
2.169927
1.366326
2.009354
0.546658
1.112580
1.622174
0.412485
1.775728
0.754926
0.929322
0.532867
-0.686344
1.331298
0.785976
1.208514
-0.113574
-1.929675
-0.047319
0.019351
-0.280789
0.055839
-0.581161
1.784073
0.921600
1.307795
1.600540
1.630829
-0.226409
0.970713
0.753254
1.366903
1.720662
-0.135691
0.150409
-0.688276
0.310718
1.345886
-0.018744
1.129871
1.636932
1.336325
0.269913
-0.144154
2.646376
0.393869
3.206088
0.339871
3.087125
0.978587
3.218779
-1.060284
2.109509
1.251420
-0.120102
1.997669
-0.379387
1.282107
2.618022
-0.802101
-0.524093
1.961151
3.364320
4.117391
0.956989
0.126775
-1.046077
-0.035642
-0.273889
0.384177
2.090288
1.235180
0.074030
2.953097
1.985151
1.132451
2.126109
-0.300867
0.436309
1.699513
0.242808
1.732410
2.053729
0.941204
0.753770
1.822248
1.160627
1.455395
2.161295
1.433832
1.837927
1.508852
0.618220
1.695013
0.096594
1.755571
1.209930
1.002419
1.423013
0.595683
0.501834
1.888442
1.219818
1.576132
-1.267650
2.164405
0.754385
2.203067
1.953678
1.363326
0.794335
0.868436
0.963371
-0.360082
-0.086045
1.436679
1.358571
0.601549
0.275889
2.697202
2.288710
1.172714
0.202064
2.150285
1.724315
-2.517554
0.274064
0.855192
-0.303041
-0.553350
-1.188127
0.797253
-0.481577
-0.650324
0.895054
0.896074
1.804722
1.202177
-0.842788
0.942195
0.240129
1.335932
1.087068
2.905961
0.027566
-0.589661
-0.709057
1.068315
0.000260
-0.809467
0.322858
-1.140265
1.209112
0.949605
-0.977214
0.789375
0.595443
1.370165
-0.293886
2.722456
2.072942
1.235335
0.519908
-0.715209
0.417024
1.964153
1.176193
0.505901
0.292604
0.526926
1.344165
1.298902
1.192155
2.077752
2.062963
1.487869
-0.486065
2.149528
-0.903271
1.143712
0.660920
1.702475
1.088708
2.829857
2.888532
0.996056
1.322447
-0.527005
-1.546101
0.348592
0.299192
2.144980
0.880281
2.409896
0.986371
2.065216
-0.681293
1.200111
1.846910
0.374625
-0.127355
1.123050
-0.316300
2.605090
0.700165
0.731741
0.728167
-1.991181
1.801014
0.498145
3.173037
2.093500
1.585443
0.723274
0.449773
1.909359
0.113567
0.841023
0.795956
1.080598
0.327028
0.302675
1.699410
0.911320
0.240615
0.374305
2.394046
0.637948
1.759026
1.486014
1.299130
2.141356
0.182470
2.325586
1.346637
1.233593
1.547509
2.568933
1.778816
1.209680
0.836177
0.862735
2.177709
-0.705851
0.929559
0.492587
2.351419
1.693368
0.425779
0.309606
0.185585
0.950659
0.847801
-0.684235
0.718822
0.660522
0.321609
1.675110
0.696074
1.683025
1.241880
0.958933
-1.071195
-0.131664
1.752583
2.426397
1.966880
0.746301
2.479180
0.551114
1.147698
1.748740
-0.146481
-0.608043
1.553401
1.639711
0.686389
1.585717
1.569876
1.237228
0.180355
1.884371
1.509019
0.532482
1.599073
1.592489
0.229351
1.169820
0.211090
0.241718
1.757796
0.820534
2.086406
0.210369
-0.831925
0.210853
0.472870
0.504952
2.244767
0.278013
0.359739
0.363500
0.761691
1.779431
2.571150
-0.586619
1.541312
0.711997
1.364772
-0.302037
0.049965
2.526485
-0.085985
1.287304
1.470138
1.470822
1.709189
-0.175988
1.840562
0.053398
-0.122240
0.136029
0.821250
1.281760
-0.011405
0.647907
-0.794105
1.841320
-0.513400
-0.167594
1.403353
1.379463
2.961656
1.860143
2.495687
-0.185635
1.179316
0.805360
0.548567
1.118798
1.992273
-0.040876
1.225673
1.600840
2.671441
0.489902
0.837534
1.691372
0.887835
1.767091
2.011853
1.297520
0.183820
3.267616
0.991732
0.300967
0.330508
1.104286
-0.528530
0.585121
0.496147
1.720277
0.736566
0.587271
0.176246
0.852793
2.104444
-0.122298
-0.886526
1.802934
0.077032
1.208707
