1000
2.247232
1.702134
-0.255598
0.732456
0.585004
0.107433
1.469800
-0.365497
2.133063
1.378923
1.874143
1.074328
1.447892
0.678009
1.486619
0.338816
0.855422
0.471065
1.598444
0.391043
1.190768
-1.119189
1.716129
1.222676
1.908008
0.818056
0.437739
0.966251
0.515358
1.523908
-0.099288
1.555349
1.135474
1.474274
-0.514719
0.657221
1.619012
0.849041
1.669929
1.115682
-0.086288
1.501739
1.294933
1.209306
0.127359
0.200504
1.759498
0.064949
0.053421
2.920192
0.432504
2.221091
-0.171058
0.032890
0.645754
0.459044
0.955944
1.022809
2.341349
1.661567
1.767401
-0.555184
1.239454
1.564909
2.546142
0.777007
0.378864
0.270416
0.408488
-0.449457
0.676274
3.603556
1.755932
-0.220237
2.765347
0.169310
1.060712
1.200867
1.905414
2.389366
2.494844
-0.391948
2.446173
3.055827
1.636740
1.456934
1.471812
1.540980
0.685040
0.874181
1.980624
0.426231
2.108560
-0.245764
0.310612
0.464566
2.101801
0.443882
-0.802587
2.832753
2.293538
1.451345
0.964952
2.155267
-0.799590
0.773371
2.232234
0.234295
1.191520
0.106517
0.518295
1.974711
-0.104824
0.578569
0.838146
1.134666
1.422838
0.834765
1.739178
0.608143
-0.287973
-0.018355
-0.605311
-0.451440
2.004679
2.641654
2.870001
0.687976
1.421685
0.863143
0.733021
0.505427
-0.100206
-0.376859
1.795056
0.361951
2.236538
1.880495
0.316451
1.340236
3.285734
1.332782
3.076242
-0.488292
0.063636
2.281655
1.413195
1.361280
-0.300281
-1.011163
-0.767685
1.752851
-1.964885
1.639051
1.206282
0.941911
2.173320
0.369280
0.371806
1.995622
0.155667
-0.245346
1.140989
2.332409
0.867531
1.024791
0.842321
0.234571
0.948461
0.823277
2.624383
0.984459
0.787345
0.507351
-0.098251
0.478621
1.554265
-0.064082
1.211685
1.251330
1.122828
2.115077
0.341806
0.776050
1.353309
1.087421
0.319871
1.610459
0.632528
0.633588
1.347625
1.890740
1.323326
1.694390
0.364725
0.761337
0.658006
-0.166122
0.289883
1.604884
0.597800
1.072057
1.000585
1.498626
0.340904
-0.114638
0.371430
1.910657
-0.375865
-0.131018
-0.115940
1.531718
1.372102
0.937898
0.232540
1.872688
2.091472
0.803229
1.263725
2.102655
-0.612351
0.822996
1.590590
-1.053462
1.887229
-0.256701
1.937538
1.525890
0.833600
1.208729
1.423966
-0.343115
0.069060
2.181523
-0.380730
0.873875
1.719153
2.017129
0.347650
1.451479
1.684327
0.906052
1.283695
1.339627
-0.564758
2.696100
1.654538
1.801888
-0.345594
-0.157791
0.196092
2.176897
2.707936
2.128012
1.996738
1.210938
1.954908
2.036409
2.155204
2.489793
1.696667
2.308999
1.463473
1.263499
1.615494
-0.894641
1.518548
0.634108
1.704597
0.123427
1.451524
2.692927
0.446389
0.025122
2.501272
0.180266
-0.207601
1.614338
0.533143
1.630342
2.123796
1.036030
1.228175
2.191301
0.117432
1.479584
-0.314208
0.074667
-1.733368
-0.471203
1.269493
1.626377
0.214194
0.165432
1.763468
1.524662
1.771817
1.551452
0.165147
0.026062
1.006062
-0.208469
1.712840
1.975669
1.125696
0.547904
-0.159322
1.547988
0.429686
0.911286
-1.676835
1.863121
1.904596
1.359795
-0.671670
0.846219
-0.104890
-1.416125
0.857168
1.450269
0.384221
0.803641
0.335695
1.421771
-0.590566
1.697471
2.509058
0.350479
1.508296
-0.258995
1.180195
2.287176
2.425569
0.902564
3.152465
2.214551
-0.614163
1.785864
-0.556392
0.724146
3.426167
1.180365
1.586401
0.730095
1.393000
0.906585
1.815462
0.860468
0.636993
0.948127
2.911224
0.981927
2.859385
1.659068
1.735534
1.345737
1.163122
0.300554
2.895855
0.077330
0.174791
0.101436
1.367534
-0.149938
1.525452
1.935230
1.833546
1.575719
0.937568
2.466356
0.958792
1.138639
1.980708
1.910326
0.092515
0.609513
0.585937
0.528859
-0.318075
1.539082
2.122507
3.440838
0.259078
1.239141
1.860635
0.368472
1.499100
0.767699
1.386881
1.846994
0.096745
0.420039
1.455114
-0.020995
0.533381
2.272580
0.445482
0.297465
0.989779
-0.660062
1.645313
0.252961
2.129044
2.805426
1.781275
0.253338
0.350557
1.570795
0.959190
1.165843
0.767954
0.448105
0.036499
-0.420707
1.898107
2.650259
1.370264
-0.030717
1.429552
1.581074
0.565584
1.511181
2.659075
2.194119
0.419851
2.751593
2.090594
1.165512
0.489356
0.649639
1.379091
0.878536
-0.851299
0.685303
0.119019
1.415062
0.581241
0.050022
1.132152
-0.080797
1.187534
-0.157138
1.384049
0.706203
1.253811
0.577325
0.837679
1.512315
-0.474355
0.292400
0.425434
0.222067
1.950643
-0.326681
0.841826
1.362629
0.760971
-1.154887
1.400259
0.286442
1.409484
0.996773
1.801589
2.366540
-0.179255
1.632953
1.031900
1.029422
2.326569
0.833277
1.233539
-0.811667
3.228349
1.949572
-0.568372
0.613946
1.635985
0.696255
-0.763509
1.000942
0.278836
1.497384
1.646911
1.524661
0.557910
0.244131
0.645923
1.695704
0.963705
-1.038481
-0.932887
1.644187
2.584202
1.884397
0.085892
0.858314
2.432809
-0.771631
0.627614
1.932788
0.261480
-0.362577
1.025114
1.344450
2.757989
-1.599442
-1.568577
0.888828
-1.201134
2.276814
0.395114
-0.516768
-0.432035
2.039109
1.605632
0.668256
0.421260
0.496693
1.124413
0.129783
1.473669
-0.059296
2.542767
2.162857
0.289001
2.166181
0.932915
1.887384
-0.758535
0.019374
-0.619984
0.292364
0.790450
1.242628
0.702216
0.855122
1.400840
1.714247
-0.882246
2.070743
1.999721
1.744843
0.580129
-0.221547
-0.193166
1.748437
0.630702
0.929908
0.951951
3.483163
1.059532
1.194859
1.754861
1.713705
2.006378
1.906540
2.134801
0.374765
1.057532
0.351843
-0.331903
0.164281
1.904828
2.205615
1.829619
2.750415
1.039190
1.293458
1.210919
3.153151
0.457379
0.486124
1.636439
1.119936
0.603570
3.741715
-0.413283
2.222457
-0.212157
1.417562
-0.233942
1.035638
-0.142074
2.985377
1.053842
-0.413165
-1.156086
0.889110
-0.083817
-0.340978
0.924880
1.001417
2.047998
1.230735
1.517329
-1.124323
-0.156819
1.055864
-0.471672
1.437632
-0.984185
0.694357
2.740473
1.248026
1.395535
1.212068
2.203517
0.277685
3.028955
0.365145
0.496917
0.289791
-0.221964
2.048797
0.819210
0.133885
0.740727
0.898576
2.133603
0.760672
2.036686
2.221454
1.317206
0.823962
0.798766
-0.594426
1.080987
1.458703
1.431505
0.232971
2.036259
0.815323
1.023911
1.664273
0.373948
0.705266
1.002145
0.873479
1.499441
-0.541685
1.965636
2.720658
0.462133
0.380226
2.341365
-0.006449
2.839958
2.269074
-1.709815
0.235123
2.116671
0.836998
1.922868
-0.721226
1.737760
1.820460
0.371877
1.397787
1.594414
1.180323
1.882950
0.319914
0.745213
-0.190396
1.502379
1.748329
0.340092
1.726770
0.426600
0.936862
0.541946
1.657065
1.488884
1.118994
3.277126
1.060485
0.212429
0.625656
0.048230
1.157602
3.243977
0.641972
2.646490
2.440189
1.486592
0.973472
0.730365
0.669428
1.320837
1.139072
0.760063
0.664499
1.130666
-0.838951
0.514326
0.623429
1.740400
1.235181
-0.691151
-2.181183
1.034759
1.552669
0.303123
1.858440
-0.692149
0.927042
2.004757
0.189749
-0.379727
2.032526
2.554066
-0.193655
3.089525
2.473410
2.484646
0.583230
1.107658
1.948265
-0.213999
1.693662
3.063784
2.238345
2.089613
0.517904
2.765548
1.148307
0.078515
0.054924
0.401665
1.186583
0.521011
1.484635
0.279542
1.442480
1.173542
3.540732
1.821470
0.272979
1.863536
0.810378
1.340936
1.510363
1.853819
0.274616
0.446728
2.316295
1.456306
1.462153
0.892360
1.386469
0.941483
0.337688
1.543271
1.048705
1.153252
0.334986
2.388444
1.564735
1.730895
0.732514
1.714548
1.624889
1.346610
-0.285735
-0.396712
1.725980
-2.347687
1.684517
2.726006
0.200629
-0.468466
0.494497
-0.838531
0.910344
1.298554
-0.758393
0.111523
0.777672
1.228717
-0.882245
1.874072
1.029206
0.317227
0.061600
0.169503
0.486568
0.750258
1.524381
1.691170
-0.889066
0.643387
0.455784
0.401912
2.264216
0.772754
0.605214
0.705573
1.403513
0.832043
1.203274
2.245423
1.518922
1.738320
1.047677
1.823125
0.826286
0.685994
0.163462
0.201332
1.077871
0.853690
0.733502
-0.776741
1.903843
-0.042828
1.302137
1.528055
0.398300
-0.088950
1.093231
0.241359
0.603173
1.337975
2.288031
1.746983
-0.123378
-0.025149
1.587525
1.536926
0.031270
2.436909
0.626739
1.723383
0.716980
0.091661
1.258363
0.950410
1.305953
-0.661723
0.022611
0.003122
-0.281591
0.907825
0.231567
0.740019
0.798221
2.328449
0.591094
1.073089
1.343666
0.038348
0.631113
-0.971386
1.744100
1.664833
1.048329
0.206483
2.485364
-0.551719
2.492795
0.863790
1.078584
2.970045
1.440732
0.624193
0.325590
1.639860
1.450954
1.436597
2.999981
2.155388
1.786862
1.486882
1.641833
-1.057356
1.152680
0.619323
0.596800
1.832105
0.584572
-1.323505
1.165748
1.192749
2.023443
0.842521
-0.233602
1.469224
1.377244
1.225900
0.382722
0.961281
1.599685
-0.700598
0.568320
0.633147
0.376303
0.947631
-0.182741
-0.979208
0.556079
1.679318
-0.331058
-0.391192
0.940585
1.195218
1.448081
2.180433
2.275536
1.658130
-0.842365
1.522334
3.434338
1.582075
1.097454
2.090511
-0.930445
1.157835
0.905171
0.333251
0.501345
-0.822362
1.858791
0.871504
1.534433
-1.292326
-1.763021
0.719795
0.149476
0.566004
0.576763
1.008897
0.464265
0.706248
-0.941209
-1.046607
0.843047
0.245068
1.192668
1.585222
1.058381
0.176094
-0.747635
1.710701
-0.490036
0.599740
2.180781
-0.012177
0.994250
1.426303
-0.086430
0.600507
0.450217
2.838652
2.295029
0.426970
0.839768
1.374340
0.847383
2.154264
-0.508973
-0.701080
0.174588
0.793177
0.955548
0.327035
0.321865
1.379338
1.635007
1.335853
0.401169
1.859666
2.088255
1.055257
0.932947
1.219795
0.409584
1.125578
1.366909
1.595838
1.229814
0.931864
-0.518710
0.672801
1.329792
1.163919
-1.117747
0.884809
1.716345
2.059242
-0.937373
1.017431
1.160217
1.643442
-0.723732
1.024907
1.500870
2.262317
2.259001
1.097532
0.988280
