1000
0.270546
-0.093163
0.166726
-0.429473
2.279974
-0.971499
1.135567
1.802640
0.933296
1.763626
0.722670
2.037449
2.037349
-2.467410
3.215831
1.116608
-0.998898
2.248998
1.173004
-0.472703
1.045894
0.984716
1.268018
1.569880
-0.455158
1.125185
1.578282
1.246889
1.062175
0.493431
1.825241
2.703481
1.967620
2.095424
1.659283
1.036420
0.638659
2.829698
1.273050
3.079243
0.735166
2.019190
1.596672
1.946874
2.055868
-1.163970
2.219705
0.380719
0.356875
0.388297
0.682039
3.514626
-0.161794
0.382423
0.628771
1.505090
0.788300
1.376888
-0.575869
1.694302
1.327641
2.716922
-1.197096
1.260021
2.440766
0.191614
0.993485
1.399826
0.526472
0.371419
0.514610
-0.917110
-0.192182
-0.738151
1.415399
1.891665
-0.538943
2.548122
0.916172
2.427143
3.063943
0.617727
0.959320
1.187830
1.953565
1.815365
1.792640
2.141137
1.594032
-0.130690
-0.686647
1.231513
-0.940517
-0.175843
0.669282
1.486275
1.299999
-0.977162
0.931804
0.729847
0.791986
2.734274
0.912241
1.135780
1.384280
0.047674
2.033367
-0.584034
2.380479
1.610084
1.803398
0.871150
1.665155
2.446246
2.396098
1.259325
0.664291
1.384052
0.863317
0.413245
1.232084
2.504449
0.818480
-0.219522
0.364653
1.866823
1.197573
1.400503
1.443288
1.568282
0.600809
1.760406
0.059672
1.252975
0.598663
2.814680
0.686861
0.105818
1.303921
-0.292970
1.652484
0.502337
2.276892
2.037682
-1.369074
1.116114
1.054549
0.167154
-0.399571
2.393397
1.592418
2.787625
1.724328
1.342549
2.269763
0.038836
-0.607011
1.664967
0.921938
3.211929
1.784447
2.432710
3.058138
1.368121
-0.823207
1.619387
1.990353
0.061687
1.188885
-0.564205
0.984798
3.395009
0.968730
0.837212
0.813074
0.191406
2.405941
-0.453567
0.406389
1.017136
-0.048552
3.558297
-0.417996
-0.084452
2.411824
0.061814
0.902195
3.535834
1.804204
-0.180607
-0.331887
1.090619
1.269223
0.295417
1.508837
1.563409
2.250637
1.327464
1.315011
0.514093
0.035387
-0.210484
0.567679
-0.791872
1.737178
0.009991
2.428213
0.998944
0.959441
2.006143
1.760453
1.769415
0.833240
1.791303
1.487715
-0.537388
2.841391
0.883869
-0.106562
0.188345
0.499396
0.534448
1.885234
1.071376
0.159651
0.161386
1.299563
1.846119
1.882402
1.129843
-0.851839
2.449597
0.544182
-0.031471
0.766804
0.987720
1.584320
0.393978
0.119702
1.569184
1.280080
1.016362
1.114118
1.937120
0.703957
1.558985
0.052970
1.520506
-0.212057
-0.141133
2.139502
0.683379
3.069569
2.740035
1.113945
2.904749
2.040526
1.511794
0.823413
-0.178886
1.607627
2.064014
0.858430
1.680637
1.440511
3.140259
1.015180
0.552949
1.630397
1.764759
0.324245
3.201773
-0.102526
1.380897
-0.752446
0.872458
1.226186
0.170419
0.382276
-0.492977
2.270107
0.296304
-0.137091
0.837535
3.267510
2.254469
1.703920
1.386099
-0.154330
0.736911
1.937501
1.819075
0.596363
1.590766
0.856020
2.428891
2.154410
2.500323
0.225926
0.791072
0.827115
1.162111
2.011277
1.015050
-0.623776
-0.306143
1.487801
-0.101816
1.248939
1.713685
2.059640
3.172082
1.993815
1.952492
1.503187
2.036038
0.423127
1.145832
1.205171
0.491187
2.427461
-0.176433
1.049982
-0.356310
0.196762
0.983933
1.864680
0.132251
2.515075
0.061797
1.389703
1.245856
1.558618
-0.570697
1.694511
0.648787
2.376224
-0.617579
0.482151
1.157091
0.955218
0.192988
0.827506
0.163750
-0.808378
-0.124896
2.153487
-0.067317
0.092671
0.746309
0.598912
-0.900650
2.296740
0.308611
1.888750
2.972246
-1.851262
-0.105695
1.305378
0.971036
1.338762
1.037950
1.513505
1.392166
2.081558
0.149819
-0.498763
-0.248305
2.202328
1.184336
1.069181
2.731192
1.137063
1.455862
1.012257
-0.798263
1.371516
1.074985
0.560214
1.527172
0.819732
2.296726
0.531387
2.406938
-2.289611
0.258596
1.640988
-0.370153
0.141505
1.016308
-0.066636
1.089300
1.916357
1.254052
1.610721
1.909691
0.313572
-0.744343
2.565274
1.311465
0.004570
0.997966
0.761374
0.585538
-0.169929
1.413552
2.367906
0.441901
0.467906
2.150974
0.394611
1.873737
2.685262
2.601986
0.907987
1.983408
0.469743
0.753419
0.805998
1.712903
2.176132
3.691589
2.015204
1.443248
1.111011
1.243538
0.218740
0.676886
-0.803721
0.870866
1.601706
2.150103
0.016083
0.320653
1.476528
1.735645
1.328634
1.240159
-0.750317
0.319563
0.967437
0.753614
2.638551
2.620250
1.465325
0.644824
0.524764
1.270016
1.583453
2.058564
2.173092
-0.542304
0.233303
0.237057
0.349502
2.816036
2.015607
1.205933
0.310656
2.340449
1.413375
3.306165
0.717055
-0.189626
1.856622
0.462187
2.031344
1.814430
-1.082305
1.043503
2.270343
0.528346
1.587477
-0.273801
2.075170
1.715521
1.336149
2.238118
0.076440
2.159190
2.718408
0.125299
0.869179
1.070666
-0.497799
1.772311
1.081903
2.497105
1.276072
0.774999
-0.106613
1.408173
0.089638
1.806015
1.445969
0.148938
0.625538
1.236761
0.727562
1.395098
0.567786
0.346529
1.220119
0.755027
0.425886
1.081580
0.023427
2.115921
-0.054536
2.437050
-0.174820
0.409278
1.483915
1.321212
0.873569
0.415755
0.076344
0.777572
2.856705
1.924527
1.148662
0.289852
-0.349373
0.801230
1.844198
1.424620
-0.268525
2.929334
0.553952
-0.125579
-0.636263
2.956047
-0.034837
0.720772
-0.766820
-0.239997
2.816327
-0.162484
1.721899
1.396322
-1.135521
0.894093
-1.616592
1.864689
1.103674
0.513659
1.957259
-0.188368
-0.165072
1.877779
1.371530
1.584470
-0.890386
0.078148
0.084964
-0.124044
-1.079630
1.209320
0.725338
2.178122
-0.156765
3.041950
1.856069
1.324961
1.194270
2.032178
0.848131
-0.406493
1.686891
1.218168
1.388318
1.976655
0.333467
1.920696
0.846162
1.269294
0.863240
1.194523
2.603931
3.005770
1.126734
1.200065
-0.401715
3.174597
-0.179506
-0.044870
0.388545
0.676131
0.314225
0.561056
-0.703236
1.384321
0.475720
0.387739
0.982996
1.182009
0.332708
0.582426
2.412072
1.782810
-0.145068
1.106343
1.886283
0.152509
0.803259
1.796538
-0.202462
1.906994
0.993800
0.231757
-0.271615
1.869257
1.368225
1.849543
1.237281
2.606399
0.808732
1.167654
0.587343
2.029306
1.378120
0.161412
0.050327
1.169029
1.374956
1.566738
0.313457
1.853716
1.399510
0.750338
1.157913
-0.206168
-0.335266
2.160377
0.707872
1.282977
-0.601683
1.007074
-0.390445
0.623301
0.794109
2.011924
2.403602
0.654206
0.447405
2.252247
-0.269330
0.552312
-0.321058
-1.260028
0.407771
2.978055
1.573417
0.331333
0.374416
2.992355
-0.267809
1.617123
1.318557
2.188479
0.971136
0.391968
0.666839
2.639783
-0.497256
2.286146
0.816314
1.739444
2.507176
2.612198
2.255730
3.299816
0.424416
1.544198
2.648970
3.170103
-1.469360
0.937342
1.376469
1.831061
1.841303
1.174798
0.443578
0.013682
0.300668
3.044777
1.364507
1.073198
1.686189
-0.014881
1.898898
0.999639
2.422050
1.373493
1.223289
1.367242
0.163105
0.093178
0.992068
2.481981
-0.045151
0.829767
0.297414
1.306749
0.604761
-0.854558
3.215912
0.446620
3.665132
1.477283
1.629458
1.449620
-0.362772
-0.506744
1.908828
0.198679
0.149406
1.444663
3.079848
1.356362
0.816340
1.971691
0.369950
-0.648008
0.937695
2.098621
1.709452
2.362495
0.260031
-0.123529
0.193801
1.359215
1.007325
1.077305
0.116393
1.248126
0.780592
-0.464009
1.938058
2.203471
1.716237
1.022479
1.600182
2.646270
-0.268589
2.113517
2.090623
-0.738455
0.793662
2.170410
0.334888
-0.603218
-0.374550
1.434335
0.276660
1.538604
-0.056610
-0.245586
1.677455
2.854519
1.505615
0.609158
0.953358
0.695538
1.856208
0.367337
-0.590439
1.673062
2.044571
2.209495
-2.343107
1.339034
0.035633
1.848054
1.261132
-0.802814
1.754198
1.611220
2.513450
-1.189372
0.523602
1.076023
1.538349
0.577408
0.681230
1.410004
1.717503
1.685798
0.105904
0.591635
2.810499
1.204261
2.323002
0.718510
0.774574
1.032263
1.067249
0.800657
1.901982
2.110269
2.382763
1.279727
0.422590
0.682280
0.713800
1.077401
0.284798
1.266823
0.502920
-0.683568
-0.390183
1.271489
2.052068
0.768847
0.739629
0.771504
-0.671723
1.363789
1.022585
-0.404055
0.256598
0.651655
1.166856
-1.436402
0.346680
0.104913
-0.629787
3.772752
0.753594
0.197137
0.020293
0.621450
-0.197386
-0.112151
0.636640
0.784689
1.308984
3.165400
1.683029
0.335086
-1.213598
1.454875
1.405798
1.183388
2.536495
0.235074
-0.338677
2.817769
0.631873
1.791899
1.822317
0.979475
0.725670
2.573181
2.363757
1.911172
0.220315
2.885987
0.834351
-0.235356
1.153546
0.401307
2.797578
0.897292
1.506031
-0.545247
0.314539
0.999691
1.288730
1.645966
0.574596
0.323577
0.290031
2.594394
1.512702
-0.178078
0.048122
1.625063
0.757511
1.945950
1.208725
0.141229
0.943215
-0.270723
1.236905
0.262076
0.469948
0.899448
1.750877
0.066509
0.178961
1.504449
1.009742
0.791244
2.206554
0.313139
1.333319
0.240288
0.492877
0.150426
-0.207045
0.142433
-0.036504
1.194486
-0.027772
-1.738592
2.837920
0.305626
0.486718
-0.011566
1.234220
2.136825
-0.531116
0.364444
-0.200985
-0.472687
-0.073621
0.566587
0.268363
2.424046
1.432558
0.455538
1.237562
1.176317
0.814462
-0.643449
0.688507
3.257971
-0.684457
1.168008
0.101743
2.000795
1.286503
0.739755
1.909284
0.510693
-0.002632
0.363133
0.447124
1.027096
1.818363
1.693553
1.403883
0.284764
0.512631
1.840465
0.261116
0.494987
0.571309
0.795917
0.015416
-1.197768
1.091669
1.540379
0.793629
3.090428
0.279737
0.240659
1.123753
0.560896
0.445128
1.692087
2.368363
1.403829
0.573437
-0.677531
0.023791
-0.838760
1.334534
2.913774
0.661920
2.496776
0.407200
-0.717010
0.894942
0.395705
1.161991
0.350165
1.891726
1.317843
0.709517
-0.901433
0.738471
1.590025
1.946990
1.173540
0.962706
1.533336
0.273722
0.191736
1.459660
-0.497796
1.351712
1.017832
1.334834
0.924188
2.895153
-1.005437
0.148641
2.914324
