1000
1.454439
1.713646
2.611583
0.348627
-0.446428
-0.103856
0.045153
1.291559
0.263235
1.405616
0.665885
2.117604
0.521101
1.265661
1.847725
1.832978
0.947873
1.299260
-0.515285
0.312344
-0.342141
-0.209995
0.609291
-0.278339
-0.613511
1.737684
-0.052783
0.308336
0.959503
1.299855
1.781934
-0.208802
0.944466
1.011008
1.284011
1.085883
0.789733
0.033676
1.103101
0.559000
0.507170
1.580026
-0.181601
0.100790
-0.903506
0.843740
-0.280150
1.718925
2.010576
2.832444
1.214833
1.178969
1.388433
0.814197
2.048641
-0.064533
0.598135
-0.090591
1.584155
1.493377
2.291649
0.038959
-0.160102
1.070142
0.537979
1.302439
2.654711
-0.141010
0.441736
0.332955
2.194065
1.850824
1.508529
1.809330
-0.127171
0.895718
0.368829
-1.329997
0.905132
0.229393
-0.532169
0.692924
-0.286050
1.369337
-0.003374
2.376932
1.484065
2.256990
1.239300
1.039305
-0.614068
1.239090
0.964428
2.300145
1.977847
-0.779459
0.448903
1.426081
1.312823
0.522773
0.554457
0.909248
0.898460
1.437348
1.134918
0.914704
1.699034
1.310423
-2.161207
3.224647
1.505536
0.954468
0.298234
-0.039857
1.504085
0.544468
2.132735
-0.627625
1.832982
1.248478
2.313074
0.906098
1.093529
1.946214
0.807904
-0.654360
0.988121
0.285165
0.822423
-0.097446
1.670272
2.161942
-0.042350
2.574546
0.844044
0.062997
0.495518
1.263477
0.565323
-0.322826
0.983566
-0.660520
1.756667
0.421054
0.853229
1.345869
1.123175
1.490094
1.708334
2.525827
1.799718
0.929521
-0.516186
1.496133
1.625699
0.336102
2.586115
-0.088742
2.855346
-0.050244
0.736399
0.470011
-0.050682
0.202780
3.340591
0.671275
0.536599
0.892247
0.511117
-0.034025
0.235742
1.212164
-0.167254
-0.582492
2.037632
-0.217270
0.639993
-0.401767
0.172715
1.835278
-1.224431
-0.255068
0.647246
2.160700
0.849160
1.056402
-0.274000
-0.004811
-0.765856
2.022364
-1.859582
2.136094
2.178394
0.663371
1.495156
1.378862
1.312477
1.352160
1.121667
0.331383
1.784355
1.326555
3.834095
0.438022
1.926080
2.041191
0.462561
1.434385
-0.411088
2.357689
2.739137
0.460863
1.230272
1.045567
2.073704
0.432734
1.620180
0.698946
0.883887
-0.764075
1.328473
-0.070974
2.332276
1.975550
1.685742
-0.070620
1.481619
1.475317
2.808826
2.168714
2.327013
0.213362
0.821660
3.109173
-0.210271
3.049065
0.656974
1.191569
0.835447
-0.561081
0.819666
-0.738464
2.642567
0.973370
0.188452
1.167864
1.408914
-0.807174
2.441914
-0.648127
0.807327
0.219142
2.091502
1.955766
0.317189
1.088555
1.330543
1.224621
1.059563
1.844786
-0.795930
-0.267435
3.348163
1.687945
0.303834
-0.116387
1.065778
-0.782299
0.888871
2.012116
-0.137544
2.168884
0.648596
-0.352358
1.387046
0.172967
2.300662
1.325199
-0.027317
0.036208
1.786649
-0.056354
2.023117
1.570903
1.371858
2.629236
1.366159
0.067685
1.158885
0.504842
1.863972
1.158166
0.212116
0.228312
0.114698
1.106992
1.347253
0.145618
1.478902
-1.346869
0.651504
0.445488
0.793671
-0.407190
1.173893
1.184222
1.322906
2.849573
1.286526
0.420040
1.568831
0.397823
0.946601
1.754727
3.634358
1.584535
2.716838
-0.531601
0.638143
2.314667
1.314797
0.865942
0.048003
1.346511
-0.709450
1.563805
1.225441
2.010450
0.693513
2.131152
0.814217
-0.408407
0.303028
0.705533
0.310484
1.871399
1.062951
0.748380
0.981313
3.718969
-0.231993
1.208273
1.262479
2.292311
2.204166
1.905891
0.872735
0.927242
1.496996
-0.150841
0.414140
1.156064
0.914874
0.485198
0.355996
1.882508
0.577819
0.168883
0.112436
1.836217
0.910043
2.386411
-0.065984
1.442352
1.247206
1.762727
1.896852
1.221540
1.589225
1.575498
-0.058380
0.642450
2.342346
0.162788
0.143458
0.755065
-1.352624
0.650417
0.039739
1.270056
1.522566
0.925601
0.941211
-0.520603
2.471163
2.388345
0.828363
2.388442
1.644155
1.241235
2.701526
1.950405
0.749747
2.029537
1.219394
-0.275208
0.980982
-0.235803
0.905898
0.554691
-0.162597
-0.885510
1.111798
2.419645
-0.078072
0.688043
0.972535
1.663383
1.308323
-0.695530
-0.181831
-0.762862
2.956676
1.516861
-1.260759
1.246947
0.087146
1.033780
1.010748
0.553334
0.939718
1.987601
1.282921
0.080975
2.175567
1.990331
1.407294
1.928557
2.331376
-1.377826
0.677137
1.488916
0.676586
1.174495
0.297174
2.291287
1.514503
0.879683
1.173450
1.229981
-0.135201
2.252580
1.936161
0.935833
2.411889
1.140376
1.488873
0.960736
0.453351
0.203796
2.875098
1.231942
1.664377
-0.615110
2.040938
2.606135
1.469690
0.792058
1.468739
1.607680
0.699513
1.710044
-0.635731
-1.221257
1.587119
0.511296
2.227420
-2.338246
0.727656
-0.879829
-0.045380
1.668153
0.768910
-0.533932
2.167961
1.024330
0.243106
0.876401
1.540018
1.053131
0.109961
0.269285
-0.088787
1.266403
-0.067140
0.527392
-1.198298
1.467435
0.973268
1.343526
-0.252922
1.968713
1.265931
-0.086422
2.086455
1.741836
-0.038913
-0.354361
1.753361
1.992237
0.145880
1.795137
1.082384
1.340666
-0.894828
0.834409
-0.196424
1.212039
0.722490
1.128408
1.205806
2.340001
0.881583
3.108331
0.130792
2.689547
-0.003548
1.590957
0.103644
0.350517
0.287211
-0.347510
2.014657
-0.231531
1.287548
2.248104
-1.227446
1.759666
0.640275
-0.164929
2.092225
0.962126
1.158292
0.416468
0.138305
-0.864930
2.666198
0.305081
1.345303
1.335495
2.080886
-0.181750
1.503265
0.912147
2.182480
1.472937
2.668076
2.858074
0.224922
1.331046
-1.792608
0.706073
2.006995
1.489003
1.495871
0.393819
0.988848
1.428812
0.945922
2.673515
1.424397
0.823755
1.812000
-0.186095
-0.235839
2.190848
1.656682
3.342029
2.901543
0.772628
1.580677
0.482088
1.196215
0.327736
1.673642
0.551462
2.559453
1.023418
1.936076
0.835253
3.137423
0.153030
1.357034
0.321856
1.008465
1.433192
2.436598
0.818221
3.431741
1.727124
1.103701
1.323650
0.988065
-0.042487
1.258994
2.748441
-0.714689
-0.403074
0.757265
0.721527
0.928633
2.554112
-0.206617
-1.405585
1.198494
0.266157
1.130766
0.502693
1.272414
1.407986
-1.350366
0.257471
2.113355
0.180099
0.305877
-0.170280
2.304064
1.273978
-0.976607
1.296262
2.359357
0.472906
-0.722219
-0.968175
0.733634
0.112291
0.999396
-0.570363
0.516628
1.244212
1.249916
0.224904
1.620504
-0.643237
0.358473
1.409386
0.967027
0.955156
1.145095
1.459051
1.845500
2.147228
0.373996
0.668059
-0.552923
0.325833
0.716007
1.357681
3.345072
2.065579
0.644476
1.315999
0.093020
-0.037261
1.321502
0.224298
0.307734
1.680761
2.237003
1.037533
1.387756
2.549652
2.734094
1.927027
1.334407
2.374288
1.044200
-0.965928
0.442386
-0.349502
1.984971
1.286233
1.769679
-1.332742
0.053110
1.456434
2.356464
1.357988
3.202370
1.885496
1.051733
0.824258
1.466423
-0.441034
0.694851
1.179807
2.354228
0.503670
1.260554
-0.108970
0.048259
1.007707
0.169259
1.768000
0.867861
2.020685
1.947288
2.274727
1.385162
1.989379
2.932419
0.559458
0.365671
0.378008
1.893831
0.324746
1.153489
0.626228
0.310230
1.308976
0.164408
0.991555
-0.314131
0.935322
-0.244674
-0.475474
1.210414
0.758382
1.019072
0.022609
1.154709
1.656410
0.343133
0.935831
1.298888
2.419552
-0.139225
1.979200
0.490843
0.079245
1.747908
2.840832
1.268526
1.607541
0.441800
1.813067
0.539113
0.817491
-0.566007
1.316226
1.271048
-0.687824
1.424674
1.927109
0.855131
0.827105
1.606129
0.652142
0.138258
1.671359
2.869887
0.191836
2.864026
1.693830
1.570133
2.699600
0.794623
1.738159
1.563705
0.734189
1.728892
1.393289
1.764067
2.518005
0.438089
2.883389
2.997621
-1.858656
2.314397
2.191976
-1.271644
1.080382
1.470116
1.592716
0.781555
0.191393
2.146756
1.779256
0.771240
0.750423
0.925883
0.930270
0.253051
1.442279
0.466633
1.644441
0.970511
0.811542
1.993756
-0.299921
1.050712
1.448497
-0.090316
-0.232390
2.262682
3.899844
2.146520
1.248936
2.108860
0.706115
2.690498
-0.464251
1.206380
1.218479
2.557226
1.751298
1.192700
1.077562
1.969819
-0.675175
0.006822
1.686742
0.892712
0.028957
1.608937
1.577267
2.094651
1.792024
1.718023
2.011739
1.243155
0.718667
1.104365
1.545448
2.761335
0.727194
0.632378
-0.531723
1.157154
1.462909
1.847856
-0.003947
0.735646
0.531359
1.603485
2.136024
2.513783
1.208169
0.646235
-0.130236
-0.785266
0.660611
2.935397
1.751126
1.389540
0.696167
1.227931
0.846577
1.421998
1.395451
1.222336
1.034072
1.965642
1.386839
1.281991
-2.416116
1.157437
3.128465
1.813928
1.175831
1.248149
0.896563
0.168257
0.481563
-0.146018
2.067426
0.432213
1.395950
0.165612
1.287833
1.027347
1.740939
2.286380
-0.337329
0.957982
0.270975
-1.034771
0.475135
3.071967
0.671910
1.725811
0.136081
0.673390
0.869855
0.693604
2.744774
-0.066787
0.889008
0.979267
2.372263
0.717661
2.767384
1.949465
1.154250
3.049765
1.588953
1.015555
2.414018
0.659281
1.966338
-0.304207
-0.012880
0.496925
1.291415
-0.327806
0.710022
0.591317
1.005225
1.353871
2.852190
0.948733
2.230214
-0.286862
0.854004
-0.297701
-0.124152
0.958363
2.880251
0.560474
1.573394
0.829570
0.331026
1.890689
0.378407
0.726086
2.185009
0.838193
2.499461
-0.632940
0.627879
1.990416
0.432421
2.051645
-1.313768
0.688600
1.515659
0.625208
1.074381
2.681619
1.898562
-0.298877
-0.148017
0.933822
1.996161
1.486077
1.380040
1.275922
2.287036
0.046664
1.613301
1.827524
1.989598
1.177440
1.591211
0.116391
1.462683
0.596044
-0.138122
2.341598
0.781720
1.457369
1.159109
0.028421
1.309065
2.073771
2.454520
1.633466
-0.959760
2.289846
1.055055
3.261068
1.221299
0.389106
1.554972
1.552112
-0.109261
-0.825333
0.162198
1.369461
1.454818
1.075605
0.478511
0.917348
1.195398
-1.509241
1.912369
-0.504134
1.291187
2.189786
1.359638
1.095738
1.711789
2.184088
2.447244
-0.048230
1.584363
-0.286226
0.938668
2.208188
2.086826
