1000
0.137129
1.806425
0.489248
1.821520
0.807148
0.501295
0.735252
-0.996024
0.538878
1.225351
-0.341783
0.361891
2.915313
1.934114
1.169194
0.322774
0.943916
-0.478210
0.074782
0.800218
0.278390
0.685597
-0.209205
0.078594
1.213510
0.231028
0.056957
1.509779
1.614534
0.022157
1.423050
-1.203423
2.818314
1.850388
2.218840
2.394188
0.680732
1.363607
0.646431
1.014790
0.607198
-0.185960
4.093365
0.190617
-1.027753
2.197051
1.421392
1.814540
0.518974
2.336867
0.566353
-0.174438
1.259039
1.083752
1.079375
1.728529
0.683732
1.677560
0.849734
0.245750
-0.336607
2.666996
0.630220
0.954744
0.499011
0.140942
0.130404
1.671055
0.744465
0.016096
1.824285
1.012124
1.188616
-0.105913
1.050537
1.322494
0.931307
-0.061805
1.940658
2.807132
1.343425
-0.167144
0.476785
-0.147271
1.227434
0.968732
2.014275
1.001378
3.352668
-0.828382
0.810001
0.883110
0.621078
1.352113
0.401891
0.333681
1.117088
1.670126
1.370285
1.654775
1.527337
0.425736
0.413979
1.216620
1.162399
1.588380
-0.385263
1.867607
2.611588
-0.421857
-0.048854
1.140519
1.054419
-1.170907
1.525798
1.275331
2.144799
1.482542
1.165846
1.160767
1.110870
1.508230
0.908555
2.188624
-1.575681
0.677777
0.847390
1.905336
0.501785
0.148016
-0.745615
2.673665
0.142537
0.842863
-0.038207
0.759816
0.473516
-0.212629
0.464471
1.682327
1.247385
0.960581
0.900270
0.713103
0.350126
0.982006
0.321553
3.505451
2.684681
0.448636
1.732478
-0.135473
0.828566
0.499204
0.413683
0.648149
1.261402
0.879652
1.684238
3.215713
-0.111963
1.061881
0.830678
1.180067
1.058273
1.574244
1.009212
2.061814
0.964584
1.532046
1.231036
1.175058
1.754597
2.415180
1.161214
-0.312357
1.432533
1.847508
1.892240
0.164321
0.721763
1.580375
0.357062
-0.878995
1.354452
1.473646
-0.884115
0.296351
-0.400896
0.994515
1.705422
0.868482
1.738808
0.052008
0.189277
0.032779
0.424593
0.977762
0.345239
2.090624
2.107353
2.237150
0.671162
0.240633
0.637372
0.768002
1.872722
-0.113359
1.222973
-0.891616
2.509214
2.652796
1.410772
0.719547
0.142932
3.541688
0.666798
0.826904
2.218624
1.673982
-0.163082
1.448017
-0.889840
-0.463961
-0.911281
2.180035
0.032843
3.465413
1.445018
0.621924
1.578256
0.097165
-1.285254
-0.411827
0.766236
-0.040887
2.301088
0.127912
0.875842
-0.367175
-1.349356
0.575817
1.664955
2.057155
-0.564979
-0.583065
-0.203977
2.404151
1.781308
0.955354
2.600953
-0.770472
0.874179
0.393318
-0.002594
1.726741
0.281793
-0.529520
0.535750
2.185823
0.605914
1.323056
1.584720
0.328214
1.034242
0.900315
2.200181
0.122953
1.988095
1.283261
0.664742
0.671730
-0.586603
0.501265
2.047079
0.895919
-0.459200
0.746100
0.947135
0.596484
0.597355
-0.684270
1.747624
1.556116
0.850603
0.038192
0.572670
-1.028119
0.383130
1.892039
0.128146
1.625434
1.291623
-0.270969
0.776420
1.306504
3.494883
0.086166
1.587869
-0.327694
1.175913
2.092978
0.960688
1.071162
1.212373
0.332029
1.465755
0.912863
-0.809027
-0.340535
-0.204419
1.307476
-0.595491
1.524463
2.143445
-1.251913
3.176172
0.863393
0.642819
0.696355
1.553963
1.155236
3.056702
2.378637
1.782841
2.764141
2.175482
1.509606
3.171820
0.154896
0.708617
1.627997
1.734555
0.177559
1.395672
1.868238
0.394797
1.413860
1.627351
1.349094
1.474467
1.023457
0.033013
-0.925971
1.941073
1.271429
0.530384
-0.631042
1.842877
-0.472619
2.703365
1.535120
-0.620959
2.982994
0.500497
0.430233
1.081624
1.020870
1.038226
1.165536
2.419933
0.177477
2.726581
0.141415
1.714847
0.596892
-0.152532
3.576129
2.802316
1.112328
1.762730
0.291455
1.150355
0.510036
-0.785058
1.206034
0.667524
1.382301
0.589616
0.113916
1.020931
0.718676
0.330446
-0.569711
2.760367
1.355620
0.100096
-0.108302
-0.100955
0.679095
1.826317
-0.595848
-0.258107
2.537977
0.665440
-0.841355
2.388198
1.159650
1.602910
2.171858
0.671171
-0.070666
0.856616
0.626433
1.287761
1.358911
-0.320935
0.571403
1.736968
-0.535884
2.087753
1.716520
0.527887
1.439284
1.190602
-0.398551
0.355464
1.706598
0.460711
1.855395
0.880060
1.288843
1.217989
2.108295
2.017978
2.697565
0.137651
0.811859
1.119374
0.966661
-0.658687
0.060298
0.324048
-1.366459
1.626430
1.419652
1.626188
0.583499
2.854683
1.385163
2.419031
0.736105
1.243780
2.879469
1.000198
0.980402
1.715423
4.351354
1.092387
-1.605727
3.387074
-1.014717
1.328295
0.950474
1.664387
0.163394
2.130065
-0.275920
0.067231
1.399195
1.739360
1.978567
-0.305478
-0.178109
0.028243
2.250847
0.271372
0.874028
0.116927
1.479671
2.223589
0.315910
0.732920
1.378470
1.483331
0.646995
1.444059
0.754370
2.066554
-0.080123
-0.448565
1.972017
0.537667
1.960994
0.124506
-0.782469
-1.093926
-0.492285
1.235302
1.755225
0.351474
-0.207662
0.354416
0.048298
2.002866
-0.718204
1.358321
0.230211
-0.414093
2.848980
1.390602
-0.373250
1.000863
1.657711
2.306092
1.630093
-0.106006
0.384904
1.099710
1.905794
0.472820
1.227814
2.217358
-1.332918
0.142726
1.954571
0.399314
0.972128
-0.432098
2.148275
1.644887
0.644597
-0.749069
-1.085024
1.008372
2.156463
1.322956
1.051402
1.980107
2.959087
1.187358
1.036013
3.246198
0.467380
-0.262461
1.179992
0.592824
0.548122
1.177526
1.693453
1.602053
-0.309227
-0.062216
0.825665
0.721490
0.482749
1.639062
2.696856
0.025337
1.883677
3.142464
0.555736
0.823477
3.220409
0.325227
0.261448
2.455543
0.500939
0.060931
2.756295
1.517266
-0.041297
-0.305376
-0.949033
-1.079139
0.780252
1.909571
0.125817
1.190017
1.360081
2.214301
0.665075
2.198448
1.872388
0.384254
3.836302
2.241490
-0.113443
3.008151
0.288652
0.959992
0.184306
2.864181
1.052774
0.213197
0.956202
0.102879
0.939847
0.523212
0.088839
0.671169
1.304472
1.356560
2.622461
0.410251
0.940513
0.550081
1.297831
0.651285
3.210960
-0.192744
-0.300097
2.381978
0.768897
1.563132
1.459346
0.832829
0.529205
0.991645
1.138902
1.048243
1.550854
1.566042
3.818681
-0.574351
1.338370
0.519462
1.056176
1.139052
-1.016781
0.072840
1.006442
1.955470
0.231296
0.730110
-0.431171
1.881333
0.240665
2.280471
1.526049
-0.751693
2.169374
-0.153500
1.422660
1.124359
1.664913
0.459603
0.960949
1.615009
0.624886
1.023561
-0.025895
2.882646
-0.217084
2.401699
2.460787
-0.611934
1.343575
0.644226
0.842456
1.786095
1.177762
2.638334
-0.070718
0.632742
0.930605
0.813691
1.654906
1.839596
0.229458
1.439624
0.638918
1.373587
1.583990
2.961310
1.984391
-0.479303
0.321238
1.600511
-0.270848
1.062547
0.465505
2.337162
2.038827
3.431804
0.827220
0.738805
1.767502
0.466504
0.418570
-0.069133
2.136467
1.917933
-1.138147
1.981956
0.989137
1.169483
2.929311
1.243001
1.698352
0.425292
1.465664
0.135998
0.874344
-0.150713
0.705141
1.459111
-1.225057
-0.162276
1.360918
0.746915
0.061239
0.977310
0.818138
1.489373
0.067019
1.330303
-0.457177
1.477576
0.630546
1.021851
-0.490682
2.789280
-1.141344
0.094342
-0.937002
0.320595
1.245079
-0.388209
1.400730
1.004527
1.206527
1.350668
-0.421401
-0.638189
1.505259
0.352069
1.964233
2.558616
-0.365828
-0.537685
0.910139
1.723352
1.535972
-0.089862
1.160996
0.990962
1.431999
0.192924
-0.022594
2.766295
1.596777
1.515983
-0.001452
-0.148375
0.429498
1.489071
1.161637
0.189773
0.893086
1.805102
1.603236
-0.176379
1.202517
2.698907
0.599787
-0.149393
1.889503
1.677905
2.150652
0.190974
1.458252
0.500988
2.091476
1.444590
1.226978
0.315246
0.443416
0.758908
2.396407
2.623944
2.024688
1.739614
0.043405
1.042241
3.010359
0.620734
0.577853
0.886670
2.820273
0.353277
0.436796
1.583319
1.013498
1.847689
-0.684428
1.230434
1.867870
0.653357
1.259653
-0.775711
1.453961
2.017858
1.912068
2.094520
0.459925
1.512164
0.476101
0.076242
2.028940
2.401718
2.529380
0.592383
0.856077
1.251421
1.776285
1.621303
1.356519
1.941874
0.237202
0.889117
1.659180
3.220862
0.293516
1.340251
1.083604
0.445344
1.521302
2.701398
0.740400
1.475262
0.123095
1.016662
0.129417
0.617086
0.996420
-0.599166
1.705800
1.654088
1.976556
1.721184
-0.045001
0.583635
2.714817
-1.141398
3.300543
0.213458
0.873127
3.915612
1.047410
0.384079
1.866762
-1.870274
0.753212
0.859713
0.705053
1.949634
-0.082445
0.805144
0.489641
1.641020
0.888017
1.225640
2.453958
1.883608
0.957377
1.653322
0.448357
-0.271848
-0.607676
0.597996
2.191045
3.215244
1.582620
0.787015
1.907045
0.886018
0.705781
1.710283
0.385302
0.689834
1.176434
0.995431
1.300167
0.606015
0.781565
1.043266
0.649168
1.995626
1.430901
0.749951
0.153782
1.891872
1.986492
2.068271
1.429753
0.361546
0.989519
2.875984
0.583149
1.488382
2.352551
2.198163
1.544542
-0.265945
1.323374
0.289521
0.838323
-0.175644
2.365272
0.570346
1.514533
-0.370057
1.022164
-0.691759
-0.374832
0.445381
-0.110790
1.419929
0.815385
-1.120355
1.508612
0.209049
0.592109
2.525549
1.403227
-0.743126
1.545210
1.252667
0.255998
3.356785
0.727754
1.601269
1.281720
1.364760
2.170762
1.747415
1.152123
1.505118
-0.752443
0.122663
2.504583
-0.187731
-0.258594
0.614988
0.963305
1.418833
-0.332391
-0.518424
1.035206
1.529530
1.418802
-0.550627
-0.751177
1.276564
-0.219831
0.706626
-0.217355
0.099447
0.835671
-0.674469
1.589642
2.092993
1.185489
0.327889
0.067506
1.600361
2.052819
-0.288616
1.208867
1.467221
1.805934
1.508757
0.828429
1.432996
0.606309
2.837770
3.533218
0.866517
0.103913
1.841015
0.136769
2.036908
1.657887
1.278935
0.460858
2.139349
1.181124
0.233202
0.536438
0.067094
0.966901
-0.232471
-2.134119
-0.256277
0.503034
2.040653
0.817031
0.585915
2.283611
1.177843
1.274402
-0.389676
0.260855
2.406411
0.290224
0.527219
2.470471
0.809690
0.262643
