1000
0.611090
1.579955
1.413593
-0.920304
-0.027723
-0.021846
-0.177669
0.993781
-0.836795
-0.039526
0.984532
1.171354
-0.712131
2.222861
-0.078331
0.655369
2.250159
0.871799
-1.041164
0.857067
0.790952
0.898477
1.249731
1.099725
0.609123
1.384947
0.948777
0.148388
2.356451
-1.923380
0.773290
0.865658
-0.219265
0.310294
1.463547
0.875617
0.002698
1.541522
2.040943
0.858999
0.612610
2.549851
0.983022
0.846060
3.071475
1.064315
0.482035
1.769188
0.265319
0.400211
0.982484
0.227486
2.511126
1.586154
0.818248
0.000223
0.805165
2.693194
-0.069621
1.296606
0.570149
-0.204525
1.497929
-0.159792
2.167268
0.720528
-0.047782
0.690815
0.890204
0.116228
-0.570660
0.210782
1.156842
-0.491716
2.301339
-1.160585
-0.419579
0.813679
-0.516642
2.223910
-0.696644
0.738562
-0.278061
0.787038
0.428512
1.458700
0.788944
1.848082
0.900573
0.091420
0.928577
0.096660
0.371902
0.545391
2.024188
-0.297432
-0.336400
1.160929
0.465683
-0.152077
2.004321
1.560199
0.754195
1.518288
-0.140109
2.151900
0.216451
2.239577
1.669344
0.148442
-0.265725
0.287437
2.155160
0.266823
1.887605
-1.306264
1.567226
-0.086204
1.230065
1.223119
1.736687
1.275672
1.219618
2.248733
0.312025
-0.592248
0.633136
2.857507
0.619737
0.650535
1.024650
1.672800
1.802512
2.143902
-0.969916
0.834885
1.361415
0.754398
0.148789
0.331805
1.588212
-0.641600
1.277739
1.679399
0.373726
0.428230
-1.267777
-0.750067
-0.591720
2.090713
0.134967
2.026444
2.201409
0.447659
0.401334
2.394800
-0.276903
2.143239
-0.089040
2.076225
0.687644
1.516996
1.208976
1.991250
0.966709
-0.473454
3.615391
0.665987
2.042796
1.541523
2.468729
-0.613401
1.148861
2.437096
0.537739
-0.110107
1.833807
2.280269
1.105794
0.084684
1.771778
1.431402
0.282761
2.256167
0.148556
1.432326
-0.285896
1.958830
1.961640
0.102439
1.700118
0.516312
-0.199966
2.324700
1.504884
0.628887
1.050287
0.670862
-0.507047
-0.448698
0.073889
0.209791
-0.141844
1.649908
0.002610
3.013384
1.334754
2.419016
1.098027
1.960949
-0.379007
1.235038
0.363857
1.446801
0.848649
2.701742
1.515836
2.196197
0.732913
1.542200
-0.774352
0.602128
0.902531
-0.082966
1.427968
1.938818
2.411962
2.428148
1.177315
1.127317
0.732151
0.488450
0.756194
1.197902
1.869452
1.391448
1.562318
-0.932171
1.148502
1.303338
1.054522
0.487847
0.980022
0.924974
0.906645
2.454035
0.555783
0.515317
0.286124
0.963921
1.561317
0.528732
0.829018
2.398858
-0.330439
-0.329112
1.178984
2.060260
0.101211
1.532612
3.469475
1.097456
0.862116
2.373058
0.510345
2.814185
1.081650
1.974278
1.505982
0.756478
1.737015
1.231071
0.450906
1.028530
2.611579
1.823731
0.046542
1.988908
1.221757
0.756497
2.892440
-0.054355
2.004038
0.967290
2.263567
1.546067
1.471590
1.954266
1.123669
0.900391
1.275540
2.421708
2.061036
-1.211797
0.407188
0.843222
1.155958
0.583199
1.167866
2.034311
2.055607
0.909619
1.260902
-0.771088
-0.322508
-0.872537
0.614601
0.475888
1.003902
1.825282
1.947926
1.093644
1.559264
1.782454
0.225994
0.829527
0.456941
2.938581
0.621980
0.140824
0.626656
0.723145
1.182162
1.612822
2.023877
2.145030
1.658030
0.404701
2.313980
0.739351
0.675240
0.906882
0.190699
2.678352
1.398472
-1.491828
0.043139
1.184646
0.742559
1.913254
1.412580
0.851159
0.683933
-0.355908
-1.154659
1.153914
0.813029
2.063763
0.780758
0.124309
-0.384231
-0.697512
0.998166
1.555170
0.371499
1.321013
0.438705
0.993584
-0.083825
0.953068
-0.445358
1.912095
2.619841
1.783523
-0.659626
-0.321483
1.460455
1.401504
0.954117
0.964434
1.751920
1.604346
-0.701618
1.842475
1.056290
3.258718
0.770268
0.497260
2.262504
1.253804
0.948502
-1.105543
2.044570
-0.039676
-0.051019
1.303426
0.908634
-1.095214
-1.324027
2.336610
2.571204
1.538059
1.793207
2.316423
1.435237
1.631728
1.914894
1.187692
1.462341
-0.758204
1.357297
1.550677
1.362197
1.958599
0.893175
0.002474
2.265232
0.750511
1.748226
0.724352
1.901495
0.819961
1.763848
1.967292
0.158652
0.807650
1.008251
1.442604
1.397419
0.506317
1.346500
2.292826
1.186380
0.247934
1.798939
1.565454
2.635090
0.497872
-0.955730
-0.019050
1.194429
3.049703
-0.403750
0.210130
1.518714
1.815146
1.905491
1.356374
2.236167
0.401933
0.094711
0.052626
1.822293
2.189404
0.970053
1.111696
1.954646
1.270940
1.312253
1.587661
0.339782
-0.500724
1.760003
1.317048
0.665288
0.710520
0.505037
0.844750
1.166109
2.025041
2.372905
1.258939
1.320738
0.273880
0.052623
0.767172
-0.404055
1.573985
2.145790
1.682330
-0.629525
1.951531
1.088129
0.285707
0.153374
1.095647
-0.126832
0.229856
0.032742
-0.760496
1.883117
1.417744
1.976494
-0.264947
0.403574
2.692799
-1.449890
-0.868310
2.469678
0.401487
1.428967
1.024054
1.584975
1.455485
0.964566
0.606109
0.060306
2.582810
1.364440
1.250733
0.754145
1.294400
-0.317266
1.091224
0.050014
-0.861122
1.696274
0.923829
1.899327
2.931336
0.366889
0.896416
0.193021
1.061831
1.006646
-0.015209
0.386623
2.053984
0.213293
1.965741
1.482965
1.614190
2.053640
1.424982
-0.298221
0.689421
0.157765
0.544511
1.881208
2.163809
1.005322
-0.662861
-0.581277
1.924612
-0.991857
0.359205
2.499216
0.689791
2.651481
0.539384
1.739769
3.136052
0.248065
0.131609
0.157807
1.136887
2.076969
0.760353
2.494815
1.065895
2.212391
1.505918
0.216785
0.562395
2.072281
1.847263
-0.838120
1.522824
0.686018
1.552676
0.859532
0.116979
2.065941
2.140650
1.485555
1.756828
2.257802
0.683310
1.989354
1.765160
-2.204463
0.170072
0.816577
2.300700
1.634091
-1.218676
0.748569
1.054314
2.490989
-0.923605
0.940015
0.234850
2.598406
2.917113
1.168787
-0.329556
-1.444161
2.903719
1.086996
1.273162
1.251621
2.067494
1.753880
1.401141
1.017359
1.827909
0.300066
0.404832
2.728423
1.219016
3.281382
0.993102
0.364243
0.460124
0.208103
0.784658
2.446382
0.866428
1.520876
3.285575
0.397813
-0.574126
1.618910
1.869462
0.426671
0.452408
-0.024719
-0.228428
-0.696866
0.948456
0.087555
1.683411
0.070921
0.820799
-0.696464
1.207117
2.057497
0.670184
0.376054
0.393116
0.488533
0.312108
-0.834199
-0.001311
1.510506
1.692196
0.959514
0.905165
-0.205450
2.567245
-0.480592
0.912813
-0.928467
-0.956731
3.178391
1.884614
1.799516
0.690926
0.413147
1.745951
0.336684
0.891117
0.414688
2.416700
2.940398
2.604496
3.228947
0.947322
0.622893
0.829603
1.523307
1.063216
-0.121431
0.645649
0.003439
0.135161
0.756451
1.505515
1.838367
0.514634
0.842223
1.354573
1.632676
0.512716
-1.919795
0.319004
0.168280
-1.063327
-0.100702
2.139145
2.151116
1.675471
0.267616
2.249782
-0.136627
2.313168
2.859337
2.125551
2.455388
2.036946
1.701571
1.235180
-0.338664
2.376310
0.728775
2.504291
0.534278
0.330399
0.408869
0.995982
0.418690
1.565188
-0.301300
-0.691541
2.658607
1.370033
0.499247
2.365829
1.245194
0.280435
1.625667
0.354034
1.126287
0.603371
2.280158
1.866801
-0.760173
1.689856
0.608821
-0.933868
2.142227
1.606333
1.595849
-0.097473
0.257768
1.885726
1.449988
0.084592
1.673510
1.317353
0.834024
-0.589599
1.812351
0.443121
0.293825
2.076711
-1.779853
-0.446068
2.039088
2.969084
1.137083
0.950779
-0.039142
0.654606
1.121878
1.418831
-0.520010
0.868552
1.431767
1.560384
1.167285
0.403625
1.250182
1.618257
0.517972
0.669029
0.501627
-0.758016
0.285986
-0.765125
2.159266
0.163024
1.477366
1.315083
0.862054
0.360176
1.553322
-0.262383
2.599858
1.306072
-0.671677
1.670070
0.308990
0.378083
2.767223
1.650286
0.838151
1.039830
1.452970
1.549987
1.014350
0.434780
1.450893
1.313166
1.050595
0.559312
2.151253
1.253696
1.181007
-0.596651
1.231680
-0.225272
1.177446
0.206198
0.328101
1.772550
-0.004763
1.528621
2.881942
-0.537836
1.066558
0.605320
0.939612
1.428702
-0.994884
1.647040
1.383496
1.304408
1.148976
0.773076
-0.883426
2.281596
2.005755
0.890192
1.752005
2.932934
1.287228
-0.329282
0.845948
0.120392
1.188624
0.685981
1.106102
-0.832602
1.492710
2.737729
0.450134
1.325728
2.349658
-0.529744
0.762107
0.293839
0.676787
1.183760
0.285197
1.249379
2.307948
1.167602
1.549325
1.902781
1.515379
2.369442
1.607839
0.913939
1.537491
2.458174
1.553378
0.919945
2.443594
1.520148
0.028771
0.597724
0.140680
0.390351
3.782860
0.576183
1.961278
2.516392
0.640638
2.050248
1.064620
0.151443
1.332669
3.168572
0.940428
1.871127
1.826184
1.749366
0.872911
1.832546
1.023150
-0.310344
-1.290860
1.325722
1.072809
0.060032
1.962239
-0.919853
0.715427
0.586815
-0.814609
0.699120
0.716624
1.403604
0.498931
2.686688
1.019257
0.539250
1.938458
0.804660
0.806047
2.349231
2.379910
1.830756
2.545541
-0.246461
0.151803
1.196287
-0.106060
0.057580
-1.332191
1.957864
0.677777
0.664993
0.008894
1.685361
-0.416713
1.169769
0.570307
1.802860
1.505972
1.088188
2.137593
0.710818
1.343073
-0.040868
0.254002
-0.264651
1.074637
0.843154
-0.121379
-0.809496
0.523921
0.145403
0.220928
0.749450
-0.694404
0.525006
0.787127
1.539065
0.661764
0.272980
-1.105817
1.418200
0.962780
1.203244
2.363005
1.002235
1.397494
1.518740
1.421696
2.235535
-2.397209
-0.031282
2.009272
2.011470
1.322780
-0.756000
2.094077
0.785273
1.789297
1.886515
1.113840
2.173458
0.446122
0.780357
2.058753
2.076292
2.458788
1.275178
0.679559
1.092720
0.153310
0.189673
0.567514
0.333570
-0.334403
1.440309
-0.426395
0.108187
0.585053
-0.787892
0.269247
1.351419
0.470849
1.374143
-0.002857
1.050523
0.023331
1.611730
-0.578803
1.358243
-0.907365
2.186620
-0.021672
-0.592973
2.750887
0.162771
1.045613
1.413831
1.322947
0.837417
1.447340
0.470803
-0.299279
1.798261
0.242981
-0.157944
1.315789
-0.611644
