1000
1.535577
1.486646
1.919917
0.389723
1.998086
2.161496
0.894162
-0.639937
1.183428
1.288790
0.989939
2.371187
0.670815
0.738527
0.863446
2.047694
0.832100
1.312826
2.481540
2.442051
0.453381
0.844755
0.802489
0.782119
1.217928
-0.750628
2.318323
2.247692
-0.170929
1.077517
1.732589
1.030324
-0.084715
1.546513
1.265234
2.296978
0.822501
1.185532
-0.498736
-0.718849
0.445497
0.779289
2.417415
0.561995
1.240244
1.151008
0.242442
1.534399
1.706141
2.011643
1.563985
0.999192
1.462066
-0.129108
1.335530
1.597074
0.240067
1.163696
1.167571
0.819219
1.444751
0.075004
2.630667
0.069827
-0.661528
0.261921
0.268119
1.027157
-0.310606
0.740256
1.492125
0.598525
1.322736
1.066334
0.377459
1.782784
2.032915
0.838080
2.899933
1.655809
0.515798
1.003887
1.408632
1.113574
-0.365134
0.206064
0.646161
0.290834
1.297817
2.302825
1.271294
1.206259
0.988666
0.194640
1.374960
0.300454
0.842426
0.603449
1.134304
-0.195742
0.769571
1.238043
-0.111029
0.593595
2.123106
0.701853
0.288589
1.540635
0.072649
1.611467
1.512473
0.392161
1.876152
0.551839
3.054686
1.594993
-2.441738
2.557433
0.576199
0.075331
0.579046
1.684396
0.940203
2.776380
0.007387
1.041677
-0.043460
0.028750
1.766618
1.356500
1.873462
2.770212
1.069094
2.560762
1.214068
1.405816
1.204862
0.921447
1.118742
1.337889
0.204192
-0.093362
0.809820
3.636843
2.302554
1.161098
1.514500
-0.456737
0.670599
1.925619
0.262848
1.305951
1.072325
1.189849
0.519494
-0.028346
1.513516
0.564145
1.279436
0.170666
3.028956
1.071924
-0.456655
0.953635
0.050952
1.941744
3.256494
1.465131
1.423283
0.133423
0.832783
1.126574
-0.237169
0.979214
1.547692
2.439594
2.474008
-0.828264
0.588126
0.352326
2.661627
0.839687
1.881397
0.842525
0.279223
0.665586
-0.218954
1.254648
1.254727
1.886992
2.239672
0.596420
1.389316
3.500426
-0.204432
1.125372
1.736788
0.646180
-0.385434
1.303014
1.543539
0.675770
1.820993
1.850378
-0.658716
0.911195
0.434843
1.180606
2.177172
2.501758
1.966197
1.150545
1.486910
0.588261
-0.183314
1.041380
1.967565
2.344257
1.927487
0.873914
0.154198
-0.004478
0.710834
2.429216
0.517280
0.233615
0.248864
1.657675
-0.796182
0.241483
-0.715783
2.120951
1.122502
2.420040
0.187816
1.885556
-0.290460
0.445161
-0.255166
1.416910
1.021041
0.148589
0.733990
0.137300
0.209805
1.702745
1.389610
1.598148
0.799253
1.036269
0.401616
0.141149
-0.457423
2.995847
0.419145
1.590149
1.809113
0.598303
0.424113
0.621170
1.571765
2.424935
0.316666
0.921170
0.643291
1.237051
-0.038068
-0.235954
0.990739
2.672169
0.552189
1.175346
0.910338
-0.025158
0.489316
-0.253927
2.207637
0.692154
0.827619
1.193749
2.820998
0.736103
-0.431301
0.379745
1.047889
1.929810
1.845488
-0.144360
2.330260
2.448156
0.763091
1.973118
1.686276
0.809581
1.528418
0.236415
0.707340
1.043094
2.016104
1.752536
0.361852
0.044133
0.255920
0.349553
0.485850
0.110813
2.088006
-0.281959
2.031905
0.510764
1.751437
2.226018
0.308218
0.619402
2.224596
0.785651
2.033852
0.411519
1.072587
2.484940
0.699487
2.289151
0.495733
0.317290
1.978220
2.276561
0.794319
2.021389
0.688299
1.394628
0.641313
0.922311
-0.748929
0.543864
1.058247
1.426890
-0.512066
1.269198
0.692716
1.334580
1.804522
0.904777
-1.032335
0.787383
2.021021
0.856683
3.239219
1.678455
-0.044874
1.215778
1.285054
1.235876
1.047563
1.295341
0.646399
2.980825
-1.785563
-0.067630
0.595056
0.771721
1.589643
0.698092
0.871415
3.184356
1.823235
0.816718
1.294081
0.934979
0.473856
-1.054041
0.004298
-0.337796
1.360590
2.050761
1.060698
1.553920
1.777528
-0.252120
1.627155
1.440720
0.529780
-1.125778
0.847648
1.575781
0.787174
0.223706
1.798731
0.084906
0.397639
-0.975906
0.375211
1.896906
-0.210866
1.373292
0.390412
2.741693
0.405665
0.860475
2.460621
0.191812
1.361503
0.888291
1.498187
0.173632
1.703291
0.947647
1.630269
0.375732
0.562714
0.628911
1.271222
-0.015585
-0.489716
0.016778
1.909860
1.143262
0.201458
0.369572
1.722232
0.603981
1.000454
0.043764
3.820702
2.435637
0.571359
0.188049
-0.695869
0.055431
2.151155
0.563424
1.161350
0.636770
-0.804280
2.050878
2.288646
2.613061
2.272988
0.502110
1.495892
-0.178095
1.796681
2.215165
1.694569
2.118177
0.613722
1.052798
0.775314
1.822782
1.339844
1.601882
0.783753
1.624068
0.360499
0.528425
2.471152
0.285723
0.152747
1.607901
1.182511
1.018157
0.223714
0.682361
0.835926
0.244443
1.369961
0.913257
-0.079045
2.521726
1.406023
1.413008
2.573760
0.664996
1.635103
0.208376
1.196000
0.146026
-0.137967
1.228524
1.358624
1.753868
1.214890
1.121683
1.433977
-0.563466
-0.780811
0.660355
-0.200408
1.453388
0.669849
2.446676
1.972390
0.656839
1.492996
2.141959
0.995485
2.351334
-0.951326
2.081629
-0.224404
0.466809
-0.511080
0.191992
0.693647
2.320107
2.503631
0.885638
-0.215438
0.031837
-0.449277
1.476417
0.464182
1.520083
0.824352
0.848907
0.031070
1.339905
1.168905
0.779093
3.397905
0.915475
2.018006
2.093511
1.826992
0.422440
0.130080
1.925763
0.704039
0.526538
1.508801
1.250178
0.832395
1.486462
0.749997
0.850670
-0.449104
0.791503
1.665649
2.666861
1.831611
1.616026
1.174523
-0.517746
1.386690
-0.541548
-0.557320
2.279211
0.799759
-0.057044
1.471262
0.952822
-0.528408
1.411389
1.821161
0.977609
1.353858
3.108126
1.390146
-0.149319
2.024178
3.294255
0.221636
1.770521
1.871187
0.625632
-0.684068
1.735102
0.397843
1.362603
-0.125517
1.076823
1.677015
0.467281
1.071036
0.989089
0.302718
0.939303
1.507844
0.641578
1.218079
0.679756
1.553597
1.843647
0.938483
-0.050322
0.789084
0.607689
0.471053
2.049872
0.885551
3.789344
-0.083670
0.176565
-1.051108
-0.570726
-0.438812
1.221620
1.970497
1.553096
0.315486
0.125184
-0.001305
3.461602
0.835429
0.673412
3.171606
1.336480
0.678563
2.358744
1.577748
1.154315
-0.210236
1.363145
-0.561203
-0.268209
-0.327269
1.004338
2.206118
1.102158
2.423653
1.350858
0.137439
0.123271
1.745707
1.961097
1.233346
0.432085
0.908559
0.623649
2.688291
1.659102
0.211164
1.363978
1.185211
1.007374
1.279721
0.691566
1.373533
0.690152
1.695725
0.131186
1.053992
1.142776
1.153686
0.362236
-0.694303
1.557069
-2.245051
1.735059
-1.796832
1.451280
-2.004438
1.704739
1.338968
2.749226
0.547767
1.776685
0.861547
1.373404
2.486393
1.035340
-0.285696
0.376552
-0.511346
2.306005
0.216006
2.433150
2.614283
1.111679
1.248750
1.347139
0.893195
0.138168
-1.539214
1.469829
1.306154
1.938440
2.486641
2.216290
1.146278
0.152758
1.454408
1.366238
1.162378
0.110911
1.444785
1.040443
1.305017
-0.469968
0.389165
0.032954
1.160335
-0.255087
1.928763
1.603660
-0.422821
3.085831
-0.389691
3.032777
0.803425
1.856249
2.000733
2.647910
1.530960
2.474087
1.848975
0.490147
-0.742729
0.570845
-0.665617
-0.482880
2.158127
1.227697
0.611174
0.510972
0.340806
-0.245328
0.888462
2.279850
0.370383
1.623656
1.288056
0.685807
0.531074
1.694489
-0.790274
1.274851
0.392844
1.905327
-0.000574
4.014652
2.409310
-0.048957
-0.665969
1.533300
0.245951
0.127913
-0.053196
1.306233
0.969045
2.620848
1.613358
0.240957
-0.910050
0.714948
0.671741
2.835078
0.552329
-0.564491
1.695461
1.836034
0.392404
0.124350
0.631379
-0.247312
0.556203
1.896036
0.097634
0.896070
3.237170
1.950883
0.573548
1.587423
1.535355
1.166615
2.494516
0.744750
-1.020273
-0.935112
1.371245
1.369318
1.620119
1.293106
0.087940
1.764017
0.795964
-0.367099
-0.219258
1.429013
0.528862
1.082478
-0.861327
0.074013
0.103703
1.129467
0.452027
1.101708
1.872969
3.083757
1.087827
2.928103
2.776047
-1.080505
-0.422715
0.904116
1.262076
1.118260
1.903084
1.090907
2.457021
0.308862
3.108062
0.321369
1.271261
0.711111
2.513230
2.402350
1.107688
1.197884
2.232776
0.342689
0.536179
2.503193
-0.931806
2.650480
-0.860845
-0.633361
-0.059267
0.278587
-0.321459
0.208163
1.470885
1.540959
2.417016
1.233807
-0.057900
1.496247
-0.018037
0.980744
0.613117
0.397873
0.010468
-0.036570
1.753603
-0.160408
1.275254
-1.582889
1.670677
-0.033431
3.685438
2.562339
1.970264
-0.624774
2.820638
3.050063
-0.111289
1.258973
0.093753
0.116741
1.474168
-0.520011
2.506802
2.308015
2.700179
1.995485
0.668588
-1.006691
2.628054
0.605832
1.041303
1.698866
1.779215
0.295841
0.603312
0.728902
1.904005
1.269736
0.165974
0.732659
1.195166
-0.102887
3.525108
0.960087
1.055704
0.694141
0.374717
0.650529
0.551039
0.358700
2.519844
1.149886
1.635348
0.477377
1.245104
0.536416
1.117791
0.267402
0.677120
1.463434
0.727961
2.404361
0.548888
1.257211
0.882751
0.830952
1.143493
1.367284
0.582042
-0.069550
0.454851
0.610055
3.852044
1.993532
1.850369
1.310940
2.742899
0.396461
0.206903
0.293562
0.287789
0.205191
1.531734
-0.137377
-0.666738
1.729971
2.047044
2.729777
2.477920
-0.108341
1.761119
1.792315
1.575080
1.876523
2.037243
2.997171
1.186430
0.581722
1.797120
0.237759
1.109418
2.340323
-0.997328
1.407227
2.408246
1.609237
1.538759
1.230739
0.619379
1.435289
0.961580
1.870430
-1.109277
1.270702
0.792657
1.506799
0.809953
1.426745
2.127658
1.007607
-1.669107
0.796807
2.263213
1.109709
-0.366235
0.354252
2.145393
3.244738
1.926530
1.890759
1.297214
0.420717
-0.629739
-0.037421
0.675374
1.996397
0.793859
0.380986
1.181910
1.011670
1.270857
1.831423
0.854661
3.058471
1.088898
1.393044
0.991329
1.187488
3.131181
0.613731
1.702173
1.545822
1.283488
0.145150
1.825862
0.791458
0.446910
1.081347
-0.784591
-0.389310
1.664316
1.085268
-0.088458
0.197877
-0.214582
0.523087
3.120493
0.494832
0.536862
1.075617
0.924779
0.883799
