1000
0.702088
0.313464
1.200576
1.903085
-0.486028
0.778365
0.409240
1.214528
0.858025
0.454783
0.498750
1.645043
0.405049
1.135176
1.708889
0.521521
-0.541082
0.775089
1.298816
1.528448
1.979793
0.860783
0.907129
1.198674
1.909414
1.168284
0.385382
0.610222
2.267711
1.884257
1.226629
-0.472740
2.356376
-0.376833
0.380562
1.022080
1.980705
0.470817
2.132747
1.409366
0.304779
1.416552
0.937185
0.484025
-0.368713
1.072335
1.718903
2.562745
0.690180
1.621455
2.261729
0.543943
1.261307
3.074203
0.679045
-0.010347
2.516221
1.231629
1.476417
-0.383308
4.117953
1.165780
0.609250
-0.231024
-0.306383
-0.647770
0.109412
1.790220
1.172727
1.969396
0.841764
2.881471
-1.036166
1.319412
1.305781
1.456042
1.186963
0.130723
2.297773
2.057242
1.460270
0.421405
0.679375
0.787125
0.071978
1.379395
2.008092
0.892792
1.203366
2.112780
-0.341000
0.144898
2.797439
-0.080611
1.244649
0.366018
0.244656
3.351878
0.353909
0.630207
1.171849
0.755822
2.304723
2.001773
1.887660
1.378612
1.390954
-0.671311
0.119913
0.442394
1.802546
1.727449
1.717858
-1.741443
2.783084
-0.281454
-0.216667
-0.982806
0.739540
0.383035
0.864073
2.098279
1.606464
1.428515
0.407914
2.213971
1.572778
-0.473512
1.893430
0.683064
3.429859
2.427663
0.491006
0.145399
0.369304
1.871597
1.485001
1.462033
-0.508067
0.715558
1.749745
-0.820230
0.832910
2.365260
3.007744
0.863684
-1.101137
1.509307
1.646405
0.337952
1.217724
0.600901
0.993487
-1.254972
2.105467
0.528868
0.488414
0.921267
0.606592
3.340092
0.225633
0.900608
0.607467
1.817909
1.084936
0.113078
2.296955
-0.783262
-0.052680
1.794749
1.071948
0.413536
-0.987422
2.198063
0.604946
-0.490985
-0.392516
-0.616996
-0.389846
-0.759849
-0.025072
1.156379
1.930565
2.666512
0.819659
0.246149
1.569014
-0.339463
0.416893
2.226395
-1.638832
0.328429
0.674338
1.705460
1.476511
-0.786633
2.169407
1.688933
1.397593
1.854223
0.169498
2.190732
1.356906
1.722988
1.777255
-0.238611
2.487380
2.655671
3.661485
0.998390
1.432649
1.061170
-0.122764
0.147883
2.610873
1.032307
-1.050016
2.105476
2.811758
1.446632
1.549198
1.629598
1.868642
0.459219
0.941035
2.131481
0.752610
0.173664
-0.695825
0.543007
0.574337
-0.316063
0.798963
0.012207
-0.781824
-0.217273
-0.717134
0.733270
0.820443
0.705022
0.737096
1.832694
0.441792
1.421032
1.427051
2.402796
0.064658
0.583855
1.317232
1.018418
1.997551
0.790316
2.534710
2.144090
-1.241807
2.036328
2.873687
-1.435490
1.745172
0.610320
-0.290360
2.329892
0.839994
1.268730
0.908411
0.755157
0.290969
3.063575
2.702400
0.754051
0.948130
1.434651
0.780545
0.611749
1.795917
0.531560
-0.374466
-0.052927
1.147901
2.911927
3.359215
1.017790
0.127143
0.646304
0.516073
1.874145
2.289018
1.717876
0.491273
-0.279480
0.060013
2.586343
1.357685
1.145450
0.871591
0.831519
-0.169592
-0.409605
0.929319
1.114028
0.917291
0.934052
1.067828
-0.524692
0.250862
-0.385617
0.666696
2.978314
1.423512
0.342553
2.182283
2.698960
-1.465481
0.444459
1.147534
1.074769
0.504297
1.399399
1.221434
0.255407
-0.310361
-1.965809
0.351469
2.588593
-0.006139
2.143890
1.536625
0.996323
2.596780
1.680300
2.249568
1.017840
0.023204
3.605164
-1.210142
1.199796
2.013653
0.279137
0.996391
1.945482
-1.130845
1.293970
0.848854
-0.592032
1.762752
1.433249
0.006417
1.036833
-0.108002
2.349759
0.847392
0.212235
1.191170
0.363164
0.687016
1.713969
0.993675
2.338529
1.028200
2.284412
0.606048
1.789495
0.398442
0.471546
1.746950
0.972714
0.035612
0.162177
1.158782
1.802326
1.871820
1.620860
1.730779
1.395266
1.218272
0.625700
0.165225
0.393470
1.626164
1.357596
0.929313
0.319534
0.891887
1.326902
2.427743
2.289692
0.155597
1.537302
0.738582
0.598335
3.492691
0.385358
0.749240
1.153652
-0.900030
0.983942
2.371709
-0.145394
0.870339
2.028278
1.409785
0.185482
-0.518787
-0.768725
1.028286
-0.096336
-0.022119
-1.096467
2.092800
-0.688922
3.542784
1.361716
-0.733068
1.101222
2.139123
1.692182
1.722585
1.889067
2.194468
1.671088
1.422573
2.032030
1.057799
1.176543
1.679540
1.263703
1.000119
2.539730
-0.542645
1.334798
-0.274948
3.092185
0.834345
0.375738
0.648979
2.624210
1.970064
1.317103
2.283257
0.755244
1.382037
0.621528
0.699225
0.577118
1.515867
0.943252
2.401094
1.579814
0.918243
-0.371181
1.010860
2.125903
1.467706
1.189136
-0.479992
2.601666
1.363641
1.194627
1.943819
0.435761
-0.804526
1.043319
1.451978
0.571917
0.486621
0.547900
0.624270
2.012395
2.174764
0.392846
1.832110
0.531354
2.340665
1.377356
3.049373
0.168999
1.656317
0.764857
-1.066803
-0.466802
-0.560333
1.302619
-0.522862
0.959723
2.682976
-0.284820
1.153823
0.141847
-0.832074
1.417882
1.434394
1.304120
1.738690
-0.228438
0.699753
2.278282
1.121027
0.541181
0.560583
1.232535
2.044373
1.117396
1.195947
-0.070729
-1.077875
1.031402
1.610283
0.010263
1.727786
-0.749931
0.438987
1.496949
2.377246
0.652006
-0.627302
0.117399
1.742104
2.192657
0.438261
1.006807
2.969727
0.864939
0.794191
3.790213
1.139777
0.759778
1.852661
2.380844
1.524776
0.612881
0.852473
2.145700
1.267412
0.072055
0.528103
-0.114344
1.805581
1.701630
0.727238
1.366414
3.177513
0.440630
0.579810
0.105038
1.119917
0.299003
1.598222
0.222939
1.834422
0.951256
0.424683
1.230983
0.507333
2.152567
-0.546385
0.048148
1.100972
1.143074
0.355897
2.380680
1.209359
-0.449404
1.229866
1.272792
1.980653
0.361526
2.336021
-0.057660
1.723008
1.219875
2.661843
-0.418362
0.896091
-0.008855
0.660065
-1.013534
1.843562
0.810377
0.061109
2.222074
0.228147
0.627359
1.902815
-0.714278
0.169401
0.402731
1.797221
1.173447
-0.640164
1.654888
0.993788
2.206833
0.122407
1.189832
0.944602
0.125212
1.778663
0.501121
0.933551
0.415943
0.222057
2.313005
2.159678
0.846808
0.086534
-0.154663
-0.514852
1.237169
2.006398
1.503765
0.320832
1.676103
3.746278
1.554125
1.462431
2.375863
0.320995
0.534709
0.806371
1.937967
0.616697
1.092923
1.893661
0.940707
0.774503
0.075862
1.220381
1.003020
1.567328
1.777890
1.830912
0.585405
2.368708
0.990174
1.858701
1.923204
0.743079
0.569991
2.337372
1.079941
1.556752
1.138965
0.743084
-1.242766
1.710374
2.127132
0.337160
2.019840
1.965969
1.457865
1.825641
-0.507026
1.017707
0.987015
0.417237
2.754144
0.624762
1.470803
1.261633
0.248901
1.596073
1.325198
1.024821
1.675624
0.835748
0.940336
2.215428
0.980014
1.289181
2.423959
2.113683
2.002833
0.592518
1.552432
0.734320
1.014244
0.388170
1.875124
1.254832
0.224839
3.510261
-0.033174
0.968318
1.241966
1.869071
0.572551
1.146078
1.502869
1.296761
0.337457
0.540639
1.207951
2.292385
0.623319
0.448621
0.642098
0.704113
0.247177
0.349931
1.578107
1.582634
0.969524
1.630094
0.996838
1.622420
0.581748
1.402784
0.731955
-0.643040
1.558087
0.552792
0.654754
0.581985
1.431877
1.795446
1.262370
1.055711
1.163027
1.003710
2.644287
0.788955
1.229206
1.930501
0.799807
0.948971
1.602340
1.472614
2.280602
0.593712
0.391803
1.684289
-0.897809
0.714702
2.169142
1.231243
3.012196
2.041328
2.160931
0.270917
1.687791
0.754805
1.600761
0.563395
0.209667
1.415119
-0.389575
1.166428
0.954578
0.131412
1.030940
1.551960
0.540442
1.444593
1.663623
1.318806
0.907310
0.349033
0.661466
0.850389
1.192072
0.242403
-0.046444
1.438072
0.473456
1.661480
3.420008
2.588163
2.802725
2.127834
-0.731663
1.165356
0.815849
0.882429
0.898772
1.342256
1.576465
0.346546
1.516119
0.544623
3.201697
3.156655
1.589331
1.288513
-2.090992
0.686463
-1.507812
3.541751
1.053297
2.670885
0.665449
1.886930
4.259026
1.623516
2.675747
1.512617
2.100806
0.390500
1.567565
1.176568
0.303659
0.965092
0.798849
1.023233
0.337895
0.259872
1.830650
2.392749
1.577460
1.098487
-0.427608
1.941893
1.257514
2.927177
0.907452
1.351093
1.583019
0.628407
1.622127
0.952950
0.114927
-0.330544
0.469462
1.421891
0.313687
-0.622138
1.904193
2.345281
1.142443
-0.069660
0.136721
-0.172881
1.687728
1.204997
0.624248
-0.965879
3.624642
1.349254
-1.832774
0.699576
2.240721
2.671479
1.294825
1.419364
-0.247801
1.124243
0.999697
1.047601
2.264371
0.421542
2.798551
0.721240
0.068607
1.134544
-0.540417
2.617090
-0.309182
3.363619
-0.233036
0.952620
0.596611
0.659614
2.078448
-1.675530
0.802130
1.123910
1.039651
2.576908
-0.274587
1.072899
1.849315
2.060338
3.056816
4.047906
0.042975
1.448428
-0.903421
1.116812
1.425408
0.731529
0.531127
0.303894
2.643298
-0.244974
0.606304
0.716634
1.247667
-0.102776
0.739769
1.042015
2.246657
-0.002106
-0.814512
1.731220
1.748175
0.987330
2.282403
0.528679
2.315250
0.363397
0.400649
1.603705
0.201391
1.566552
3.105827
1.476152
1.194284
1.140868
3.020170
1.364860
2.777967
-0.861001
2.159633
0.926372
1.856712
3.191122
1.767639
3.829610
2.392884
-1.053032
0.351542
-0.398931
1.242355
1.706722
1.543962
1.280611
1.580406
1.156863
3.041526
0.947521
0.558685
0.583716
-0.551854
0.985838
2.005869
1.186257
1.361806
0.553528
0.239619
0.986837
1.644567
1.034400
1.432501
1.155431
1.172885
-1.381075
0.509692
0.548424
1.617929
0.805771
0.846219
0.062729
-0.594894
0.687211
0.463436
2.271855
1.879247
0.800232
0.176191
1.408762
-0.508074
0.955545
1.457575
0.975480
-0.518223
1.383740
2.259176
0.546153
-0.200457
0.522135
0.338203
2.226881
-0.737646
0.530953
2.402434
0.108848
0.905114
2.184362
0.029360
1.862163
0.821184
1.480219
0.994083
1.295527
0.922370
2.252441
0.466301
0.804889
-0.031169
1.326220
2.265279
1.089348
1.747576
0.411323
0.740655
0.817879
0.828217
0.116089
1.445036
0.709247
1.161966
