1000
0.473507
0.910360
0.021950
-0.039171
0.464626
0.340346
0.099385
1.393485
1.347116
0.539512
1.857531
1.557087
2.791591
2.247396
0.548674
0.574227
0.128862
1.250651
0.218615
0.185292
0.147728
-1.560894
1.737777
1.015648
2.134760
1.088233
0.865169
1.594298
2.112575
0.726293
2.631902
0.356935
2.224318
1.153622
2.918013
-0.415308
-0.153414
0.938581
1.626414
2.113935
2.048156
1.166860
1.501286
1.517649
2.213191
1.418495
0.117397
0.678719
0.819284
0.294058
-0.468679
-0.491234
-0.508859
1.216418
1.929807
1.092035
-0.195600
1.328187
1.993562
3.195004
1.778959
2.442603
1.062295
0.704069
0.888974
2.135576
1.468710
-0.911556
0.910557
1.268028
1.259736
0.195509
1.704406
0.719156
2.452375
1.169671
1.543636
0.722509
0.233879
2.198605
1.453964
2.006164
2.530395
2.469138
0.596936
1.782138
3.319539
0.431461
-0.246082
-0.160980
1.612609
-0.917906
0.042579
0.659535
1.384329
1.677326
1.120014
-0.444488
0.422916
1.531909
2.087725
2.177462
-0.618261
1.660256
0.277137
1.396692
0.018831
2.923654
2.038239
-0.434511
-1.336283
1.662679
3.100939
-0.604752
-0.622008
1.551752
-0.536878
0.034688
1.820189
0.473862
1.056858
1.348501
2.956793
-0.945636
0.175647
1.857599
1.266544
-0.934910
-0.890015
1.141407
3.008835
-0.459203
0.030390
0.223964
1.458959
-0.537022
0.305283
0.855061
1.239764
1.531320
1.118799
0.841914
2.178858
1.188097
1.175279
0.546940
1.189396
1.058115
2.402097
0.142596
1.144911
1.586960
-0.806103
0.114756
2.656752
1.066888
0.480820
1.470687
1.440177
0.455475
2.481454
2.499625
1.409333
1.077188
0.314705
1.388820
1.413058
0.046227
-0.367791
1.390413
1.634617
2.446550
0.653045
0.886963
2.016607
1.718649
0.761869
1.112846
0.214065
1.006396
1.380425
1.603517
0.796114
0.272945
1.403524
2.485755
-0.233505
-0.325966
1.709407
-0.230257
2.521036
2.861188
0.996097
0.237710
1.239815
1.177152
0.731676
2.570103
1.009167
-1.009099
0.901546
0.406085
1.168216
0.920335
2.448772
2.141953
1.255633
1.020633
1.671816
0.590125
1.056979
0.860675
1.860645
0.589828
1.497991
0.979271
-0.229738
0.521336
1.417136
1.644518
2.297240
0.385502
0.064958
1.324245
0.189298
2.271276
0.489186
1.453482
0.406775
1.648444
0.106420
-0.689446
0.637094
-1.117335
2.254016
1.246017
-1.458156
0.371410
2.608339
0.816986
0.470984
1.119801
0.621573
1.441895
0.029155
3.412977
-0.703844
1.991145
0.099364
1.868413
0.663564
0.726909
0.700764
0.295986
1.366522
0.997364
0.831036
0.050858
0.161594
-0.171510
0.309968
-0.797569
1.332083
1.960081
0.509638
-0.908588
1.009370
1.650519
0.169393
0.821750
2.176034
1.137252
0.179478
0.772938
3.240390
2.298276
0.621033
1.249619
0.971422
-0.249436
1.098192
0.285602
-0.050480
-0.205683
1.085711
2.199209
2.148531
1.578661
1.895775
1.172354
0.542793
1.273487
1.060154
1.379435
0.497708
1.321902
0.323606
2.660047
-0.156473
0.418713
2.296920
0.520800
2.403675
1.248339
2.314752
1.275131
-0.116190
0.819241
0.408435
1.841109
2.270647
2.977450
1.165248
1.101299
0.219705
0.707184
0.055006
0.241345
-0.254428
0.500587
1.263371
0.252486
1.419064
0.404020
1.068124
2.117588
0.428231
1.750664
1.067990
1.061947
2.498601
1.668403
1.046891
0.996312
1.472326
0.018736
-0.701453
1.134041
0.253716
1.426532
1.188455
1.792307
2.270975
2.301962
0.886059
1.293478
1.196705
1.725399
1.422603
0.170868
-1.963995
1.427819
2.190992
1.527321
1.494420
0.844678
1.234539
1.606824
1.248427
0.582919
0.251583
0.594084
1.177954
1.351566
0.411856
1.741417
-0.965741
0.473889
1.281663
3.085889
-1.036717
-0.272667
2.229370
2.534078
1.068484
0.309839
2.089422
0.440882
2.364746
-1.170799
0.768818
1.961198
-0.025187
0.927568
1.189571
1.084366
0.786926
2.010484
0.792502
0.792301
1.552725
0.009445
1.465419
2.141954
1.271234
1.482676
1.306751
2.466354
0.986269
2.157176
1.958363
0.493845
-0.363680
1.134315
0.677728
0.247451
-0.052473
0.392924
0.845391
0.455267
2.088155
0.365535
1.496638
0.960717
0.465814
-0.609483
1.465170
1.641864
0.929432
1.156823
0.910747
1.519856
-0.968923
1.160042
0.464464
0.496907
-0.041030
1.361282
1.597837
1.616101
-1.230650
2.078167
3.465565
0.619330
0.659786
0.749736
-0.432378
1.330841
1.609058
0.175603
1.715288
1.149610
1.427415
1.949585
0.726055
0.281073
1.899550
0.016764
2.626294
1.226389
1.751975
0.400592
0.779064
-0.735127
0.357832
0.930656
0.883807
-1.932300
0.371585
0.794853
2.230919
-0.521476
1.839888
-0.850319
0.077942
2.913036
0.391703
2.585815
1.140894
-0.409545
0.399463
-1.207902
1.274227
1.539346
3.374602
1.515272
0.727820
1.779471
1.038721
3.083851
0.920192
1.656127
1.503294
1.343190
0.636329
0.640985
2.475137
0.679269
1.663429
1.737786
0.600767
0.808512
1.841038
0.250846
0.428613
1.693846
0.797068
0.218284
1.262962
0.866413
-0.747957
0.995371
0.939562
-0.075322
1.043187
1.190658
-0.122597
-0.740233
1.267272
0.206559
0.516077
2.734484
0.054306
2.137457
0.970164
2.472878
0.386048
-1.037604
0.732467
2.662048
1.350767
1.088919
0.734240
1.179394
0.152020
1.392485
1.139403
2.017391
0.165249
1.201342
1.452123
0.490311
1.056611
0.348449
1.891075
0.455280
1.792491
2.266787
0.243760
1.836912
0.808585
1.651135
2.390894
2.292500
2.075206
0.243536
0.396212
-0.855407
1.466007
0.038986
2.184189
0.149430
1.040978
0.364170
-0.388144
1.755609
1.700598
-0.496982
-1.181125
-0.486124
-0.643279
-0.029879
0.114029
2.684058
1.271318
0.264491
-0.111207
1.999284
0.780008
2.749633
-0.143239
1.740795
2.055772
1.947193
1.961064
3.010397
0.203988
-0.543367
0.502422
2.369859
1.458632
-0.240208
1.603074
-1.156194
-0.181637
2.751834
2.612122
1.214750
1.065477
0.782398
2.062453
1.313218
1.233755
0.931063
-0.328385
-1.079846
0.816123
1.433643
-0.148098
1.211084
0.683627
2.424984
0.847946
1.498560
2.439454
0.459145
0.735345
2.752514
0.393150
0.414380
1.056091
2.447986
-1.277285
1.232347
0.127890
2.206024
0.233637
0.706892
-0.040677
-0.385104
1.246926
-1.256953
-0.098698
0.736654
1.111696
1.278340
2.769593
1.984742
1.458161
1.565073
-0.667611
1.503947
1.865179
0.363989
1.237473
0.412794
-0.416781
1.622611
1.715676
3.119116
0.081140
0.769659
0.712830
0.742298
0.084765
1.374509
0.038262
-0.793639
0.844965
1.156452
0.113035
2.864068
0.324380
1.591558
2.413894
1.732886
2.043961
1.450892
1.308505
2.898353
-0.891393
2.681223
2.311355
0.837470
1.477096
-0.127370
1.240936
3.005303
2.503421
1.075636
0.563650
1.409035
2.119954
0.533034
-0.337272
-1.572222
0.393303
-0.024109
1.340926
-0.323556
1.564605
1.822437
1.551337
1.063897
1.357639
1.190060
-0.618724
-0.215202
2.148547
1.009826
2.806596
2.386918
2.482978
0.354467
2.119405
0.849949
2.589472
2.036283
1.161434
1.400490
0.955559
1.772153
0.017348
0.882890
2.017130
2.450287
1.161556
0.367127
1.667651
1.839329
0.510704
1.496959
2.184532
1.078803
1.532589
0.104292
-0.011514
1.071505
0.636960
2.602468
-0.759550
0.460497
0.468249
1.957535
0.784161
1.601217
3.014895
-0.399005
1.557090
-0.056140
1.394849
-0.333732
1.036418
0.554024
2.440059
0.428690
1.117343
1.989682
0.646324
1.464400
-0.863160
1.807775
2.228393
2.204910
1.865176
1.601182
1.018644
0.802085
1.882446
1.243922
0.835463
1.863279
1.205908
1.763702
2.369385
1.363313
1.818682
2.010809
1.210649
1.458066
0.875981
2.926873
1.025116
1.334641
1.205701
1.925495
0.500513
0.509341
1.141378
2.491580
3.316320
3.628254
1.194897
1.693968
2.469290
2.235549
2.010822
0.694447
1.855989
0.283954
0.427886
0.174373
1.208935
2.107206
-0.532790
1.556351
1.332651
0.074391
1.730102
0.948014
1.448530
1.828261
-0.115518
-0.664141
0.688718
2.029168
1.783266
-0.274236
-0.146418
0.302225
3.146198
1.642976
2.511587
1.502662
0.345743
0.527899
1.510461
1.580885
0.591526
0.932377
3.007139
1.706021
1.728030
1.684725
0.486663
1.116544
1.863859
0.286028
2.359520
1.472163
0.550312
-0.050950
0.606152
-0.359775
2.463757
0.354094
1.269348
2.395508
0.274899
0.332589
0.845970
0.389801
1.005382
1.852211
0.057321
0.736347
1.495285
2.878630
1.275521
-1.542749
-0.540387
-0.533109
-0.385124
-0.948081
1.051972
3.091390
0.976662
0.613019
1.082501
-0.577947
2.242423
-0.054014
0.842016
2.427565
0.736758
1.786730
1.234363
1.943682
0.524917
0.760799
0.408047
-1.740341
1.416862
0.235284
-0.449318
-0.319136
3.103444
2.217593
2.040178
0.915320
0.708119
0.474975
0.914382
1.796114
2.426240
1.323548
0.829227
1.792541
1.817791
2.117988
-2.032580
2.587029
1.123577
0.687137
3.014132
0.249391
2.111891
1.882154
-0.707105
-1.507253
1.665424
1.089875
1.698258
1.499995
-0.715421
1.637800
1.211649
0.168800
-0.313235
-0.131315
1.884461
0.557511
2.378696
0.288073
1.741680
3.553098
0.669325
-0.073803
1.414245
0.724078
3.134141
1.534251
1.382387
0.655490
-0.366503
1.070780
-0.001363
2.397833
-0.049416
2.034658
-0.145200
0.346711
0.761581
2.230494
3.139978
0.507559
0.825708
0.867181
1.245742
1.247928
0.878834
1.881132
1.830081
0.641006
0.979751
1.968062
1.924867
-0.466981
0.152758
0.904861
1.148574
0.986278
0.922385
1.642783
0.662583
1.527311
0.363163
1.469226
1.719848
0.940993
-0.229207
0.697857
0.729213
1.460093
1.564730
0.742145
2.460081
1.995292
1.994706
0.951454
0.762165
0.429317
-0.645541
1.623960
1.366782
0.032379
1.091769
2.142941
0.645065
-0.049150
2.115039
1.926556
1.755809
1.016918
0.582096
0.604477
0.863213
1.067561
1.211372
1.128254
1.071656
1.462187
1.558320
1.758483
0.558696
0.086390
0.875434
1.644884
0.824590
1.391729
-0.295753
1.592440
3.752047
1.341536
0.688367
1.212263
2.196148
0.543257
0.800063
1.724607
