1000
0.996118
1.671521
0.989774
1.790547
0.655096
-0.618897
0.088386
0.812849
2.186262
1.286803
0.731746
0.045644
0.993647
2.092256
0.831186
1.857797
0.386392
1.939934
0.705707
1.872977
1.708052
0.208016
1.867313
1.058774
0.821087
2.652401
-0.082259
0.518466
1.107306
1.685660
2.222578
-0.140792
0.512258
1.538150
0.081590
1.326541
1.479239
2.217101
-0.234999
0.394035
2.633570
-1.195787
1.473521
0.437487
-0.113673
0.957715
1.267812
0.559163
1.143141
0.316839
0.485098
0.773413
0.217861
0.462719
2.597241
1.523491
1.591911
0.531397
1.508882
0.338446
2.110440
0.151699
2.692340
0.588239
0.771030
1.184800
2.148076
0.957363
1.391426
-1.449337
1.643959
-0.470885
0.622969
1.641375
-0.187325
-0.838718
-1.221837
2.359895
3.139867
0.113015
2.138986
1.255178
1.583327
2.145396
1.974923
0.858665
1.510269
0.852282
1.558928
1.894187
1.729060
1.115956
1.047718
1.378153
1.964135
0.052461
1.802830
0.899108
1.808437
0.076298
2.040764
0.233621
1.606959
0.063528
-0.432713
2.307702
-0.163695
2.614256
1.499481
2.400352
1.315426
2.376999
0.431960
1.864502
0.157237
0.496020
1.554277
2.535343
1.911885
0.947516
0.616727
1.067313
2.064311
0.881832
0.972021
0.010699
1.712093
1.162570
-0.020142
1.257529
2.511302
0.269636
1.936128
1.198837
0.852194
1.502642
0.520931
-0.576050
1.150458
1.553679
2.923296
2.379008
0.782383
1.147890
0.153382
-0.569722
2.029617
2.172653
2.467190
0.120055
1.762155
-0.011052
-0.225821
2.089856
1.936198
1.118961
1.458101
0.229575
0.111211
2.997125
1.214563
1.292013
1.389216
0.566613
0.410931
0.753166
0.840504
2.169226
-0.597812
0.799363
1.155498
0.265477
3.312359
-0.806433
0.553317
1.103363
-0.608230
2.386308
0.493962
1.220591
0.419617
0.219238
0.025764
1.023060
1.021300
1.358431
1.115927
0.418622
0.390059
3.702098
-0.260012
-0.704153
1.155282
0.924178
-0.299410
-1.830326
2.248703
-0.700626
-0.244547
-1.222393
0.913372
0.877228
0.049645
0.634275
1.675470
0.606330
0.551794
0.367495
0.877502
-0.100412
0.460031
0.401126
1.367385
0.438148
0.421565
0.166787
0.229251
0.945830
0.437628
0.216685
3.041539
2.200128
1.563621
2.457443
1.886020
1.720571
1.195923
0.427083
0.453563
0.056955
-0.798456
2.843546
-0.310980
1.546268
1.270415
2.040164
0.825118
1.481762
2.165319
1.520260
1.041116
1.710393
0.277294
-0.053922
-0.248951
-0.572386
1.601267
-0.039863
0.845282
-0.013129
1.259182
0.599645
1.183264
1.134525
-0.547414
1.307586
1.177600
0.383512
-0.129777
2.032295
0.421053
1.157021
-0.600237
1.027073
-0.456917
1.621612
1.996229
1.744097
-0.373773
-0.260337
1.651050
1.180003
0.490302
0.094655
-0.518952
2.095922
-0.199585
-0.269426
0.369486
-0.052512
0.034377
1.663509
1.181948
0.118283
0.960791
1.967887
0.999990
1.149871
-0.072332
0.410819
0.042082
1.226285
0.806015
0.234587
1.017414
2.007655
-0.347293
0.701452
1.518538
-1.163147
0.826834
0.276327
1.324153
2.230965
3.022594
1.876853
0.887679
-0.417874
1.917264
0.927162
1.742834
1.633470
3.980663
0.341939
1.906967
0.136393
0.053492
0.491745
1.112034
1.051482
0.039513
2.618470
1.142539
0.820566
1.454593
-0.057204
0.305323
1.591667
0.498552
2.325233
2.186382
0.280139
0.250591
-0.429859
-0.179068
1.998984
-0.166683
1.242269
0.808589
0.322866
-0.030218
0.440076
0.353963
-0.417647
0.964683
0.825710
0.734967
1.796842
0.831365
-0.254501
0.363537
0.103920
1.748579
0.412808
1.098006
1.287342
0.003031
1.454807
3.719634
-0.108534
-0.360964
-0.477703
1.790462
1.512467
-0.788495
0.847418
1.745577
-0.242152
-0.254530
1.780470
0.932584
3.656672
0.563099
0.946258
1.491554
2.749899
1.135511
1.845890
2.649355
-1.308227
1.348994
1.588734
2.140783
0.125602
2.523519
1.458025
1.520137
1.200048
-0.490744
0.441047
0.421594
-0.017205
2.631317
1.269761
2.185084
0.872992
2.285053
2.489836
1.139263
1.651341
0.904644
1.958786
2.262834
1.074191
0.000177
1.700715
-0.145659
1.073944
0.659790
0.907107
-0.297530
0.599311
-0.851139
2.113583
0.056303
2.858232
0.641356
-1.329381
1.020636
2.776510
0.422814
-0.600813
0.320249
0.585363
1.567164
0.974277
2.335723
2.076094
0.740212
0.963878
1.223526
0.151578
0.467020
2.099916
-0.574336
2.274988
0.272075
1.002681
1.310717
1.815078
0.870949
1.334688
0.842770
1.006966
0.845713
1.031956
-1.459494
0.635732
2.285354
1.384341
1.593646
1.014485
0.934802
0.901129
-0.591243
1.498548
0.753376
0.657051
1.349092
-0.252323
2.020524
1.891798
1.456021
-0.585044
3.094145
1.676579
1.865542
-0.102781
0.992684
0.544979
2.345677
-0.563889
1.805474
1.304697
0.253602
-0.242063
3.708741
1.868865
-0.415173
0.495351
1.575998
1.011343
2.969549
0.253702
0.006670
2.184852
2.692257
1.446553
0.546388
0.331409
1.358196
0.258916
0.756136
2.151654
0.522626
1.394447
0.553259
0.825342
1.483403
2.626624
2.338823
0.524172
1.268744
0.253969
1.488150
0.081721
0.156435
0.492027
2.368911
0.811435
1.672062
1.876423
0.598455
0.805803
3.151497
-0.048553
1.308893
1.361715
1.010109
0.611278
1.084295
2.897643
0.708353
2.095677
1.025678
3.023844
0.714490
1.454199
-0.349935
1.170348
-0.029105
0.544713
1.397615
2.077359
0.866774
-0.346073
1.409376
0.242971
2.349206
0.859088
1.286170
1.713732
1.859907
0.113732
0.185888
1.958599
0.218278
1.600089
3.178042
0.144070
-0.504768
1.112278
1.315228
2.098995
-0.139143
4.125585
1.264291
0.697225
0.227639
0.316229
0.657536
0.875037
1.060940
1.523327
0.912482
1.132850
1.828453
-0.132341
2.501078
1.374033
0.360598
2.574624
0.816652
1.604054
0.200216
1.831467
-0.006262
0.721230
1.857585
1.701930
2.932788
-0.775007
1.857707
1.066829
0.331906
1.833369
0.208145
2.428989
-0.164562
-0.886744
2.103266
0.051354
1.208914
2.474028
-0.176487
1.768722
-0.363178
-0.450254
1.055606
1.315032
0.465664
0.632448
1.860760
1.248320
0.467083
2.196859
0.937612
0.148897
1.185905
0.620006
2.666445
1.171790
-0.074037
-0.185588
2.138386
3.105745
2.605193
-0.482536
1.492375
2.966925
-0.430382
1.650924
1.097221
-0.786610
0.680866
1.617533
0.424816
1.121427
1.125428
1.493213
-0.850411
2.213412
2.305331
1.183508
0.469865
0.487824
0.983756
-0.261675
3.641955
0.808012
2.754560
0.562832
0.938642
1.363212
2.704039
1.584738
0.834586
-0.234605
0.481009
1.433101
0.343186
1.590892
2.391764
-0.991971
2.802576
-0.293385
0.296131
2.192412
2.056323
1.676873
2.607737
2.169440
1.833582
-1.283021
3.193652
1.104575
-1.088228
-0.393042
0.411175
0.939904
1.051172
2.499270
1.621279
-0.104278
3.602782
1.590341
-0.813782
-0.031405
-0.123596
0.014917
0.787500
1.102628
-0.912931
1.872202
2.015333
0.057613
0.251180
0.924136
1.684292
0.522199
0.812837
0.908068
0.559616
1.444138
0.373117
2.226500
-0.035450
2.305991
-0.083160
1.186973
0.150721
3.292845
1.395703
0.206589
-0.603273
0.884449
1.059085
0.760760
1.439577
0.038886
1.927509
0.881464
2.573811
1.186649
2.128743
2.269257
0.775326
2.510234
-0.276124
1.319863
2.308666
3.871909
1.102427
0.892408
0.963297
2.325188
1.565026
0.845933
2.739762
0.321848
0.227604
1.206898
3.230381
1.700438
0.085324
1.593827
0.680500
2.344496
0.295387
1.187849
1.093106
0.401856
2.031686
1.365381
1.476423
0.993674
2.588795
0.898117
1.232522
0.505235
1.085817
0.186543
1.457065
0.438594
0.762661
-1.073416
1.657917
1.015434
0.982799
2.410199
1.110846
1.434866
1.999479
1.209525
1.316708
1.097981
0.095428
1.292973
0.422661
0.571006
0.164154
-1.261600
1.140181
1.599842
1.394846
1.137567
-0.869541
-0.828069
0.385887
2.305333
0.252515
-0.157689
-0.004170
1.408657
2.544809
0.926505
2.599960
0.369795
0.128932
-0.272454
2.600397
-0.746698
1.529378
-0.242645
0.600014
2.626933
0.703813
-0.063068
1.531233
1.502650
1.270261
-0.380336
0.648502
0.087799
0.509830
1.793644
0.964495
1.828082
1.444043
1.198030
1.004362
-0.086241
0.538348
1.720773
2.138773
2.253741
-0.372569
1.570529
0.626253
1.315223
0.265391
2.869842
1.284636
1.445336
0.240478
2.722381
1.955231
0.251962
0.604446
0.455850
1.176477
-2.094136
-0.502005
1.671635
0.393892
0.666448
-0.119841
1.880135
0.659502
-0.024427
1.561390
1.377209
1.941758
0.799850
2.643989
1.832897
0.616975
3.078289
0.202259
0.199731
0.730555
0.620605
-1.530965
1.568056
0.792304
0.014179
0.509807
0.400207
0.431095
2.931601
0.317020
1.572326
1.497575
2.235897
-0.339809
0.920248
-0.051227
1.713937
0.032364
0.640699
2.665199
1.718189
2.283664
1.197669
1.008479
0.878837
-0.261719
2.397889
2.055867
0.355069
2.742422
1.000446
1.358111
2.232056
0.588321
1.367089
2.377578
0.398283
0.661159
1.990756
0.789588
-0.120426
-1.180036
1.875540
1.351100
-0.420635
0.817944
2.101284
1.603690
0.548140
0.198670
1.602245
1.465446
-0.806499
0.499393
1.223634
1.017082
-0.412174
1.203700
1.037848
2.408678
0.852594
0.751275
0.638704
2.103628
1.415243
0.183768
-1.483187
1.315216
1.987077
1.407543
-0.012594
1.152892
1.985919
0.063258
0.135072
-0.214504
0.642941
0.610338
2.053819
1.420040
-1.220760
0.700482
1.979451
2.890827
2.056181
0.898114
-0.368905
2.228636
0.776257
1.851569
0.673490
0.973916
2.412236
0.873905
1.146304
1.715048
2.180013
-0.403252
-0.326898
1.168295
1.135028
2.109913
1.408459
0.414481
0.954977
1.584244
2.780922
0.471827
0.436985
0.048400
1.638993
0.638428
2.395087
1.775222
0.078583
1.820477
1.825039
2.370680
1.028570
0.706767
-0.201439
1.877516
2.138081
1.333772
0.511591
2.010189
-0.969591
1.397963
-0.294011
0.335601
1.510700
1.413811
-0.186214
1.599775
0.021801
2.823627
1.973939
0.732268
0.327556
0.765467
2.665682
2.560572
0.870067
1.670727
0.610748
2.112495
1.504103
1.768690
1.395366
