1000
0.256258
1.039605
0.090112
0.677121
2.418010
1.542830
1.653227
0.053605
1.056623
-1.315863
-0.983116
-0.302041
0.682781
0.727917
0.079436
0.864295
1.141977
0.971750
0.284575
1.700846
1.341961
0.296449
0.861215
-0.345514
1.117853
-0.082458
1.205841
0.128973
0.954928
0.928999
0.546129
0.274357
2.351215
1.212384
2.745342
-0.245775
0.469325
1.237795
-0.152096
0.656695
0.162945
1.057660
0.228523
0.278063
1.467806
-0.085971
2.203427
1.628279
-0.301934
1.422130
1.288063
1.564388
0.123627
2.379516
2.267353
-0.331623
1.034060
-0.248692
-0.518298
0.806427
0.983481
2.551648
0.091649
0.777658
1.685980
2.126919
2.515489
1.755413
-0.488062
0.967986
0.776009
0.747816
2.616730
0.658240
1.686331
-0.181867
0.953866
-0.260607
0.992191
0.022382
0.224199
-0.700878
0.568795
2.426672
0.803123
2.314947
1.044220
0.415561
0.237117
-0.258978
0.890747
0.281907
1.728095
1.269770
1.291712
1.637447
1.358611
1.411543
2.630199
0.797171
0.567577
1.109377
0.957962
0.399784
0.562236
1.258402
2.666496
2.005184
0.840003
1.141516
1.966986
0.260955
1.125752
1.564423
0.914160
-0.166425
1.864172
2.689480
1.897675
1.513618
0.843882
0.290900
1.745314
1.456078
0.110877
1.660993
1.215487
2.149625
0.189712
0.892603
-0.243645
0.858982
1.113254
0.300040
0.028237
1.157386
-0.495127
1.057140
0.484949
2.263656
1.911514
-0.807437
2.100946
1.402859
0.981941
3.018623
1.670398
0.963423
2.005637
0.758715
0.564402
2.005545
1.528218
0.108098
-0.231978
2.035884
0.786787
0.271974
1.303674
-0.128620
-1.093670
1.769211
0.996096
0.544445
1.522953
2.360139
0.462568
1.851956
0.591835
-0.239181
2.307768
0.864419
0.223854
0.182282
0.226825
0.737434
1.477396
1.878606
1.231989
2.872294
-0.105074
0.293866
0.890340
2.921888
1.803373
-0.771382
1.965294
0.082317
2.613218
-1.123076
0.229885
-0.746238
0.050914
2.368324
2.254297
0.621947
-0.013233
1.823045
0.334166
1.622638
0.869076
-0.324728
0.481132
-0.323717
1.441004
2.182071
-1.586526
2.286463
-0.062009
1.593168
0.258756
0.144602
-0.261515
0.311414
2.998493
0.326045
1.181126
1.340812
4.629325
2.083510
1.110580
1.051245
1.319812
0.455487
0.976161
0.828942
2.481094
2.420816
1.576018
-0.491317
2.884130
0.409836
1.166224
1.678251
0.952083
1.107120
2.497555
3.002239
1.089926
1.556572
1.139867
-0.027706
-0.170188
0.568741
1.845075
0.983145
-0.619988
1.704339
-0.242576
1.178557
1.626245
0.809658
-0.882980
0.676942
0.175292
0.793099
1.664805
0.397681
1.867593
0.809108
-0.353736
-1.079862
-0.787385
1.752141
-0.756982
0.022370
-0.598947
0.961278
1.534809
0.527745
0.518436
0.321806
2.371410
0.655202
1.199545
1.294405
0.102790
1.166057
1.023721
0.974749
1.528031
1.731692
1.056478
0.760827
2.337494
0.177058
0.231971
1.020722
1.530811
0.597046
0.727148
1.134402
0.636233
-0.014906
2.201529
3.040163
2.641875
0.647194
-1.122007
-0.701035
3.952648
3.456756
0.822960
1.599836
1.401659
1.253270
0.228431
1.163830
1.489003
1.387597
1.505980
0.059585
2.151851
-0.395065
1.060922
-0.003616
-0.003422
0.823099
2.147944
1.011095
-0.315532
2.248158
1.134605
1.277709
2.081127
2.157543
1.075273
0.298926
0.324590
-0.210503
-0.824856
1.404952
1.591325
1.897015
2.009095
-0.087547
0.483447
0.001301
0.840909
1.359327
2.080775
0.721387
-0.570633
1.111449
2.238869
-0.014743
0.651164
1.585463
1.980506
2.316468
-1.340222
2.146501
1.312319
-1.688635
1.279840
2.290224
-0.245701
0.960601
3.409792
0.654443
1.620309
-0.059119
-0.486788
1.089027
-0.298568
1.655458
1.110411
0.559819
1.730971
1.970443
0.465307
0.215679
2.941800
1.065429
-0.167724
1.143576
1.825100
1.187697
1.802069
2.407997
1.382237
1.886941
0.937726
-0.156137
1.700278
2.100854
0.373827
1.046225
-0.131977
2.788460
-0.151767
1.582530
3.118448
3.174651
1.562370
1.006424
1.067912
1.769461
1.213110
2.426443
1.670815
0.670785
-0.540117
0.695767
-0.830977
0.084503
2.270488
2.204642
1.486930
1.190293
0.291553
1.174332
1.745194
0.557505
-0.551171
1.220792
1.008133
0.286391
1.263802
-0.061435
1.572882
1.145981
1.279054
1.554580
2.477972
-0.821218
2.153575
-1.106117
-0.275615
1.154633
0.830912
-0.140528
0.704436
2.233226
1.190421
0.644143
2.488620
0.517724
0.998564
0.951893
1.367508
1.080085
0.757583
1.851763
1.492696
-0.110603
0.936010
-0.771628
2.065481
2.810707
1.149034
0.373709
0.688494
0.363151
1.722506
0.431793
1.459944
0.554618
4.357289
2.031721
0.507199
1.411521
1.469500
2.204113
1.868130
2.128103
1.171850
1.201665
0.016748
1.586257
-0.998166
0.641495
-1.368638
0.428788
-0.183379
0.420019
1.358911
-1.938903
0.748264
0.378386
1.568029
0.280283
1.936612
0.485235
1.262594
0.106016
0.907017
2.452675
0.081120
0.844611
-0.594049
1.628245
2.111060
-0.218536
2.339851
2.114399
0.765250
0.613551
1.996585
0.225987
1.264666
0.905808
1.570328
-0.955406
1.198507
0.405590
0.316053
2.549275
2.422012
1.181387
0.035825
0.988099
0.334648
1.682809
-0.529153
-0.275517
1.071862
0.759216
0.930598
-0.200342
1.575565
0.197202
1.401283
0.885541
1.131083
0.190744
1.559811
1.185277
1.309718
0.924511
2.844095
1.666214
0.780303
1.890582
1.334368
0.069500
2.423134
0.669683
3.000518
0.298926
1.918314
-0.160183
0.934282
-0.666207
1.031023
0.325987
1.764029
0.060627
0.298795
-0.114671
2.091815
2.290584
0.136230
0.963771
1.435748
2.698097
2.836232
1.921760
0.131817
2.169983
2.127326
1.722816
2.243659
-0.426201
-1.771835
0.649561
0.659328
1.250482
1.258099
0.583926
2.721621
1.202714
1.504041
1.375039
2.854357
1.355977
1.227128
2.024325
0.626718
1.360843
0.999312
-0.463822
2.086831
-0.212339
2.424557
-0.811608
0.121551
0.671858
1.483716
0.028023
0.500542
3.838397
1.133891
2.979553
2.642975
1.716106
0.682337
1.509552
-0.351637
0.046347
0.176113
0.585983
1.571461
1.779349
1.440326
0.211253
-0.320385
-1.162838
-0.220697
0.208835
-1.223014
1.690861
-0.087533
-0.017217
-0.511133
0.506151
-1.158363
0.931507
0.753376
0.858920
2.082697
1.719537
2.653935
-0.202314
1.867298
0.703034
2.124768
0.629801
-1.235179
0.551053
2.371575
0.377496
-0.989401
0.940024
2.150597
1.783782
-0.430116
-0.022770
-0.888195
2.225309
1.618225
1.376655
1.020512
2.195334
-1.116542
0.809500
2.615324
-1.047320
1.055635
0.720551
2.570632
2.172837
1.040719
0.269038
0.375463
1.976715
0.352981
1.560460
2.721544
1.107291
1.715253
0.594186
0.720579
0.101594
2.155810
0.699296
1.391514
1.605693
2.039585
2.516850
-1.099280
0.109628
0.871132
2.194212
2.189337
-0.106066
1.242514
-1.470018
0.622263
-0.555671
1.745215
0.420395
2.077131
-0.110650
0.231187
3.092110
1.483413
1.541604
1.087497
1.844054
2.610311
0.937765
1.881246
1.358427
1.902412
1.459437
0.820064
0.385517
-0.972344
1.616110
0.128645
-0.387827
0.105195
1.436081
0.804014
2.458884
0.431093
0.042181
1.398790
-0.017871
-0.162988
0.628520
2.554159
2.355211
2.150733
1.683185
2.365226
0.979015
0.832257
-0.120774
1.737081
0.085736
0.416361
0.495315
-0.381680
-0.462677
1.989562
1.714217
2.045821
1.055843
2.476493
0.798309
0.278979
1.129616
0.990259
1.660307
0.843612
1.906382
0.808506
-0.056305
1.162917
-0.613586
0.706790
0.399954
0.565447
2.107667
1.035292
1.729544
2.281314
0.526095
2.794242
0.329988
1.035537
2.475058
1.667802
1.024106
1.499643
0.552470
2.782252
2.216305
1.404801
0.750838
1.558817
1.233264
0.824781
1.386987
1.858043
1.186349
1.561466
1.415968
0.407970
-0.463235
0.895208
1.357498
1.824010
2.322886
0.707078
2.978832
1.112115
-1.922162
-1.046173
0.519136
0.554301
1.040760
1.818734
-0.313443
2.557151
-0.367877
0.790346
0.521031
-0.657781
-0.269163
1.083171
2.531620
3.107040
0.374904
0.062865
0.097603
1.410830
2.360356
-0.113226
1.917791
0.757194
0.203713
1.063169
2.320405
2.476654
-0.087871
0.534070
-0.695484
0.524105
-0.893527
3.674203
0.344826
1.225841
1.589765
0.717546
1.109667
-0.457601
-0.172464
1.917064
0.157220
-0.091059
1.886699
1.119975
0.823133
0.853885
1.552432
0.581120
1.770507
0.677971
0.158015
-0.550578
0.930095
-0.845753
2.235461
1.580744
0.091202
1.408619
1.806330
0.900904
1.916240
3.367291
0.649521
2.413391
2.901774
1.436553
0.132400
1.853146
0.683550
-0.274483
1.304721
2.399342
-0.809529
-0.597462
1.149298
1.447387
2.226102
2.920619
0.219634
2.473074
3.195223
0.775461
1.570646
1.848638
0.861111
0.825192
0.847865
-0.474407
1.321763
1.867871
2.891381
1.522546
1.838066
3.984164
-0.452950
0.838348
-0.464879
1.032321
0.929830
0.065438
0.225180
0.951987
1.076952
-0.055984
1.014811
0.173084
1.314629
1.271388
1.736338
-1.193513
0.761649
-0.167609
0.005236
1.326914
1.463394
-0.071600
0.656940
0.924520
1.161583
1.105021
1.724188
-0.604117
1.176517
2.511112
1.793998
0.587488
2.008308
1.018910
0.319041
0.399219
1.570921
1.302800
0.796278
4.390854
2.095267
1.790184
2.392449
1.387485
-0.185051
2.609095
-0.344776
0.856092
-0.069516
-0.887588
1.956174
2.505038
0.132329
0.220528
1.231517
0.958391
0.419714
-0.416542
0.028038
1.030869
1.021561
0.862268
0.307014
0.730007
0.787811
3.115691
-0.219946
0.312261
0.513906
-1.569345
1.731694
1.109491
2.736065
-1.042065
0.134590
0.738660
1.717633
0.554087
1.348196
2.710567
-0.480865
1.068817
1.752092
0.147722
0.137104
1.561220
1.099120
-0.708552
1.733950
-1.380808
2.074650
0.263933
-0.720069
0.940370
-0.079966
0.474313
0.795421
0.658892
0.524379
0.264846
0.880007
1.458319
-0.768358
2.230449
0.608473
1.068577
0.445078
0.285516
2.081645
0.259062
0.502377
0.722159
0.620674
2.145374
0.866916
1.449078
1.868081
0.624313
-0.498148
2.193319
2.081769
0.026340
2.125272
-0.916798
1.012578
