1000
0.274662
-1.741602
0.095889
0.667267
4.393499
0.321902
0.546979
0.867721
2.234839
0.788721
1.444527
2.185676
0.159428
2.093506
2.183183
1.448707
1.928881
2.472049
-0.007015
-0.868173
1.025562
-0.467481
2.745654
3.144250
1.773631
1.042856
0.063454
2.353472
2.084839
-0.193956
0.810345
0.374233
-1.144568
-0.601295
-0.346389
-0.044184
1.270986
2.845878
1.471661
2.106323
0.849183
1.943602
1.763096
0.162913
1.035809
-0.030527
-1.199371
2.257478
0.521005
0.583652
2.012352
0.977842
0.284292
0.776834
2.021255
1.402017
1.082671
0.613948
-0.410462
0.956945
1.276795
-0.043553
1.378404
-1.129377
-0.385016
0.455325
1.656143
0.368036
1.564135
0.292747
2.207980
-0.763852
1.435157
1.117956
0.467844
3.070310
0.830990
1.502204
2.088370
0.103038
2.496613
1.863217
1.291232
0.678353
1.404362
1.537563
-0.063481
1.567735
2.476271
0.007827
2.143558
-0.133500
2.069081
0.465853
2.332857
1.955568
0.401157
0.418267
1.332797
1.198585
3.204671
1.012137
1.362681
0.638437
1.216922
0.565298
1.155072
0.679855
1.879691
0.155803
-0.621919
1.374264
0.901645
1.982412
0.942834
1.464945
1.819002
-0.877685
0.337727
1.484929
1.392066
0.715426
1.485907
0.639616
2.281927
1.656807
1.664663
0.393803
1.502791
1.016307
0.965257
-0.934476
1.265298
2.649737
0.857986
1.814538
0.649852
2.815672
1.558179
-0.043487
2.279123
0.610999
0.262646
0.091797
2.398319
1.406453
0.443884
0.369515
-0.166162
0.774242
0.398592
2.606205
2.110678
1.078487
2.234361
0.147848
1.981922
1.336182
1.310740
1.856628
1.293191
1.615596
1.157328
0.585886
0.028047
0.753452
-0.951046
1.145202
1.311141
1.016540
0.332871
-1.028249
0.040740
3.120501
2.481718
-1.322103
0.288127
1.728698
1.078402
0.171537
-0.298270
1.725163
0.075686
0.441420
1.438403
0.131939
-1.534663
2.091651
-0.241922
-0.096624
0.990055
0.656099
1.021280
1.237700
0.570168
1.940191
0.650227
1.886208
-0.559593
1.673170
0.988020
0.897934
-0.476468
0.842206
0.668410
3.170848
-1.064313
0.177177
1.856555
1.245594
0.552714
0.619630
2.242093
1.026966
1.274939
2.937461
0.613939
0.639905
1.496695
0.657269
2.250193
2.210793
1.493438
-1.548266
-0.084343
-0.244422
0.825830
1.550392
1.356956
1.512106
1.059493
0.087614
0.883021
0.585779
-0.608533
1.501809
0.685984
2.445602
0.383640
1.519676
1.837220
-0.366787
0.320405
1.770635
1.011126
1.395232
0.853700
0.651446
1.599407
1.451557
1.580627
0.604856
1.007596
0.992315
-1.079688
2.735825
1.014670
2.947727
0.677737
0.375287
4.016576
-0.958109
1.659741
1.308676
1.234757
1.199899
1.528260
1.662537
-1.314008
1.493049
1.318647
0.133886
0.752698
1.424658
1.736445
1.121081
2.109953
2.320404
0.866151
1.871904
1.935859
0.575467
0.411284
-0.391575
0.575765
0.806680
1.959883
1.227561
-0.193823
-0.563464
0.593534
0.126338
1.706363
1.685505
1.351679
0.939693
2.241426
0.633957
1.511572
1.930092
1.263208
1.772640
-0.537070
0.782877
2.147017
0.413516
0.239497
1.167995
1.301496
2.976569
0.187268
0.496438
0.344127
0.792384
0.895449
1.078314
0.723158
1.764552
0.799480
-0.547955
0.829009
1.070750
1.973984
0.655650
-0.549127
1.581437
1.568990
0.935497
1.463213
1.574229
1.279717
0.650945
0.275874
1.218156
2.198283
1.939350
1.846668
2.548218
0.737403
2.312052
2.862761
0.706531
1.763819
0.517752
0.379665
2.247228
1.118264
1.401568
2.024387
0.369110
0.132480
1.761882
0.199514
0.928289
1.164328
2.588331
0.099097
1.032982
0.422796
-1.085617
-0.387483
3.409890
0.788926
0.679391
-0.227530
1.109566
0.061705
0.942538
-0.688799
-0.615072
1.856339
1.006365
1.497723
1.668005
0.058435
2.031746
1.663812
1.232391
3.521946
2.487675
3.034084
2.806662
2.664503
2.411212
2.212565
1.710595
0.556816
0.799752
0.193374
1.387089
2.498848
2.492023
0.099019
2.212219
1.801613
-1.654672
0.426787
2.091609
0.449361
2.286932
1.825369
0.923110
1.848031
1.277776
1.846928
1.450172
1.126095
1.023179
1.020540
1.683373
2.877800
-1.070935
1.329981
-0.285158
-0.219134
0.914339
1.850586
1.610070
1.595946
1.281911
0.899038
0.879171
1.089431
0.191541
1.105432
0.976985
0.376621
1.846818
1.142575
-0.021710
-0.247723
1.412379
-0.519577
1.411655
-0.154828
-0.473833
0.367551
2.934460
-0.470750
1.960587
1.168871
0.723176
1.925812
0.881776
1.841947
2.505760
0.541116
1.261525
0.406366
0.419271
1.620293
1.685613
0.081139
0.242525
1.757123
0.237393
1.282795
2.317907
1.984326
2.122454
-0.718077
0.838327
1.577953
2.313668
1.744434
0.927018
1.518096
0.317140
1.650196
-1.425556
-0.905426
2.225724
0.423772
1.695190
2.236551
1.602540
0.752893
-1.553241
0.489202
-0.452156
0.208103
0.370178
1.678946
-0.294728
-0.009690
-0.368806
0.008853
0.248372
1.471985
1.803490
1.903579
0.788467
0.044353
2.022128
1.476852
0.752503
1.973702
-0.507337
1.584999
1.175166
0.099190
2.265672
1.826861
1.153569
-0.299068
1.772824
2.279655
0.117090
2.702397
0.789145
2.618892
-0.123108
2.215615
0.542636
-0.520066
1.576074
-0.315066
1.217581
1.324021
1.268020
0.248194
0.881331
-0.604749
2.262286
1.399318
1.189253
1.533174
1.298479
0.193399
1.669027
1.153680
1.054354
1.734783
1.932817
1.300923
-0.017056
-0.263763
0.554035
1.557707
-0.108003
0.592008
0.236088
1.330405
0.746435
0.487638
0.795020
-0.116984
-0.890749
2.132517
0.806872
0.299664
-0.366443
0.517970
-0.200223
2.083417
3.011416
1.417937
1.573596
-1.255447
0.464676
-0.533800
0.380348
0.168666
0.828854
2.841179
0.219717
1.806386
0.399862
-0.028913
0.918341
1.673352
0.681595
1.819713
-0.236480
1.007680
1.773697
1.114027
-0.338132
0.666018
1.850782
0.712965
1.305906
1.123354
1.666917
2.298835
0.462686
0.228764
2.137038
2.111022
0.902516
0.988467
2.155488
0.525390
1.850539
0.296358
1.096232
-0.481833
1.361314
-1.576153
1.080857
0.855381
3.249491
-0.995785
1.328999
0.829476
1.441334
2.270720
1.391277
0.849013
-0.314573
2.656846
2.104460
0.069205
1.983265
-0.668573
-0.146891
0.442361
0.685270
-0.709940
0.507421
0.712880
2.073649
0.245044
0.787597
0.666700
0.326809
3.359577
-0.923681
1.066856
0.399504
1.493738
1.106656
2.121334
1.108182
-1.946673
0.625198
1.453719
2.386473
1.671180
1.274770
0.635506
-1.283691
0.317575
2.105743
1.103610
0.276750
3.036033
1.396576
-0.244038
1.840359
1.497837
-0.534611
1.458219
1.189442
1.524909
1.226861
0.851182
0.749277
0.498055
1.038974
0.170596
0.162837
0.482757
-0.755985
0.730054
0.230958
1.715594
-0.842043
0.826173
1.739351
1.780610
1.164948
-0.515590
1.775355
1.408541
0.279779
0.744067
-0.067866
0.776905
1.419927
1.494340
2.437466
0.950771
0.548706
1.038766
1.138273
0.892063
1.753325
0.033532
-0.278192
0.828979
0.850931
0.006658
0.499424
-0.903484
0.362367
-0.175688
1.322482
0.151261
2.178593
-0.168951
0.474949
0.876439
1.496681
2.524506
1.443026
0.600447
1.947206
1.480154
0.416191
3.065248
0.334474
0.719402
-0.480637
1.801006
0.480190
1.233328
2.505616
1.445747
1.551077
3.199405
0.281084
-0.095248
1.708808
0.166716
0.771677
0.144928
0.267086
0.438803
1.027724
1.214980
-0.234283
0.632120
2.307239
1.005298
-0.413829
0.096904
-1.451767
0.210377
2.114143
0.892753
1.559948
0.979507
0.177045
1.376712
1.967113
2.110505
3.325440
0.371522
1.601888
-0.006616
-0.069033
1.191799
2.209817
0.340748
1.631292
0.431544
2.852091
-1.077052
1.838377
2.026502
0.419665
0.783842
0.446194
0.920932
0.749565
0.638700
2.508062
1.499657
1.026571
2.296884
2.637577
-0.123658
-1.180644
1.364975
1.534067
0.110335
0.863238
2.833286
1.713163
0.558298
0.926833
-0.720427
0.822535
1.472959
0.643898
1.284565
1.124043
1.651380
0.231164
0.650207
3.596765
1.578072
1.504433
2.023291
2.302250
-0.054118
1.395243
1.673393
0.556992
1.637526
1.961515
2.651893
0.452005
-0.131327
1.431399
1.603126
0.813985
1.440925
-1.803039
1.440747
0.465364
0.469497
1.145436
1.810713
0.587903
1.366444
1.613230
0.541735
1.678224
0.497284
-0.314721
-0.164158
1.939560
0.865161
0.662728
2.531665
1.218579
2.497489
0.244743
0.796907
1.464869
3.507513
0.599709
1.171389
1.016438
-0.007431
1.454552
0.785523
1.919913
-0.245973
1.664663
0.472768
1.752550
1.054893
-0.476540
0.300096
3.574504
-0.114457
0.711574
1.718802
0.349148
0.921272
1.081767
1.016863
0.622208
1.977774
0.505488
0.780926
0.518570
1.101482
2.227592
1.733852
0.269234
1.286766
1.268154
2.812882
1.438271
1.167377
0.268819
-1.790607
-0.339862
1.537339
3.277112
1.315689
1.957388
1.792261
1.338016
2.589637
-0.342032
-0.495284
1.221139
0.305956
1.362020
0.562759
2.209775
0.467167
1.983393
1.479418
1.757233
1.561613
1.599972
3.069139
3.095560
1.328879
0.549480
0.859713
-0.372936
0.604074
1.321333
0.943741
0.179350
0.916871
-0.093161
1.494674
-0.685103
0.258802
1.593448
1.629659
2.337912
1.426432
0.191536
-0.959354
1.503827
1.779339
1.218848
1.222794
1.477927
0.220522
0.616576
1.965630
2.362034
-0.086330
0.322070
2.483624
-0.076537
0.917167
-0.218022
1.358710
1.592035
1.758305
2.618389
1.822007
-0.249672
0.253416
1.582459
0.514407
2.042563
1.337681
1.791987
0.465790
1.177701
1.112249
0.356896
-0.337919
-0.363530
-0.950461
0.733222
0.672513
2.495277
2.072733
-0.314524
1.617380
0.380675
1.201557
1.993286
1.400559
-0.086118
1.125982
-0.580596
2.408044
1.448965
0.737301
0.908287
0.028383
1.828908
0.173350
0.293655
-0.768513
-0.103014
1.302536
0.677218
0.766886
0.040431
1.753428
0.520916
0.182280
-0.228064
-0.879727
0.832267
1.067998
1.627625
-0.310627
1.849576
0.982196
2.175452
1.603374
0.013089
-0.183616
2.844898
-1.813284
-0.113104
2.450106
0.056486
-0.503847
1.229579
-0.558652
1.257469
0.658735
2.415890
