1000
1.048639
2.921365
1.603138
3.073244
0.621297
1.081559
0.707083
0.337550
2.862674
0.569794
1.013120
0.443682
0.078691
1.265005
1.521115
1.027412
1.888112
0.453635
1.177202
1.702558
2.514287
2.676036
-0.394809
1.774535
0.169122
0.900281
2.045248
0.030692
1.484546
0.758495
0.571130
2.153704
-2.302974
2.100578
3.318177
0.488474
2.017287
-0.596878
2.634160
0.959623
1.636582
-0.092763
1.811333
1.263009
0.695533
-0.258121
-0.102282
3.374291
2.024500
0.926672
-0.439910
1.658280
-0.395907
1.734536
2.061619
2.230991
1.446762
0.425285
2.085928
2.557704
0.671075
0.475682
0.592248
1.679234
0.899984
0.761440
1.145164
1.809928
0.656581
2.674933
-0.429473
0.012545
0.257782
0.242638
0.723832
1.672009
0.752709
1.912462
0.943371
1.623020
1.716288
-0.185545
1.247613
0.008066
0.478102
1.382156
0.850879
2.560275
1.666997
1.156609
0.444071
0.041774
0.602108
-0.382146
1.226587
0.239294
0.768139
-0.583298
1.165120
0.878264
-0.575114
-0.553844
0.749605
2.040917
-0.462102
2.125147
1.493055
0.007419
1.911072
0.282208
0.476186
1.697752
0.990317
0.533334
1.942474
1.467313
2.686429
1.540808
0.349222
0.919591
1.583036
1.597049
1.295536
0.750694
-0.210469
1.457409
0.200821
0.413072
1.197651
0.115910
1.789386
0.363872
0.169668
1.299961
1.450606
1.350595
-0.372214
2.870638
0.750868
1.682079
0.851270
0.156185
1.102346
0.689798
-0.860580
0.841894
0.625277
1.869897
3.042234
-0.419257
1.055751
0.324513
0.443827
1.100408
2.272911
1.240797
-1.018115
3.318120
0.682262
0.979297
1.031567
1.454510
2.279763
1.425951
0.943613
2.419489
1.218253
0.937706
2.208307
1.590969
2.487946
-0.439667
0.026702
-0.675316
1.606494
-0.085203
0.941416
2.357893
1.138494
0.945007
0.969051
1.092566
2.233209
-0.086833
1.125570
-1.162646
0.315677
0.881418
0.750211
-0.069851
0.824725
1.920524
0.210922
-0.471160
-0.582212
1.571500
2.589661
2.834709
0.584591
-0.606299
-0.456494
-0.523546
1.383718
-0.018165
0.680421
2.524482
0.828600
0.812388
1.990960
1.817750
3.434967
1.297234
-0.334520
0.714199
-0.068069
0.525143
-0.682298
1.581304
3.978122
1.400202
1.110148
-0.782030
1.752325
0.492540
0.275718
0.196969
2.330093
1.150643
0.006797
2.485750
0.648626
2.479327
1.893589
1.113204
2.580656
1.112263
0.179275
0.717533
0.832053
1.712601
1.201903
0.224036
2.132183
1.360653
-0.553402
1.689393
1.294725
0.950536
0.203132
0.344733
3.487247
1.991153
1.936262
0.421621
1.000058
1.125498
0.466965
2.002683
0.362487
2.151103
2.418593
0.909701
-0.753940
-0.157983
1.711260
1.695269
1.109593
1.287174
1.309776
0.601136
2.512989
-0.586893
0.756950
3.126629
0.613518
1.230828
1.226472
1.205278
0.841773
2.188471
2.428905
0.705185
0.562803
1.822607
0.242571
-1.418461
1.896575
0.988501
-0.907016
1.830787
0.624821
0.502989
1.961059
0.782970
1.516298
0.506014
1.166409
2.778762
-1.069144
-0.682251
1.010735
1.973920
-0.619194
1.211214
1.619582
-0.696977
0.615917
1.903202
0.757167
2.361225
-0.576276
1.352469
-0.596686
2.693181
2.316510
-0.005641
0.771506
1.623418
0.521850
-0.780751
-0.052849
0.834435
1.464594
2.451952
0.303910
0.703358
2.246349
2.147469
2.702508
1.839755
1.280579
1.115939
1.538252
-0.014201
0.801531
0.401907
2.784484
0.605026
0.026643
3.081838
2.558208
1.270646
1.487336
2.041832
1.369469
-0.916957
2.120886
0.881320
1.049139
1.432480
2.072600
2.327658
1.469839
1.528303
0.032214
0.113628
1.249964
1.438543
-0.646373
1.238500
0.515992
-0.111614
1.161914
2.652255
0.116508
0.156297
1.209491
0.521097
1.026770
1.698693
0.885701
-0.692719
2.442716
1.925003
0.630360
1.148272
3.466021
-0.349682
2.006001
0.054378
-0.606324
-0.024283
1.152856
1.790445
-0.321731
1.505539
2.490548
-0.467738
0.998656
0.289046
2.055748
3.105200
2.014744
1.126087
0.104656
2.218620
0.566674
2.310907
0.275624
-0.802486
1.802455
-1.071205
-0.280872
1.885424
0.943156
-0.101294
1.594472
2.235439
1.673835
0.421674
0.053628
0.330247
1.441855
0.905006
1.238021
-0.629260
1.069435
-0.440911
-0.457890
-0.791462
2.218506
1.237471
1.626825
2.748014
0.851826
1.474316
0.722030
1.080256
0.022353
1.191017
-0.699969
0.928543
0.616484
1.739039
-0.779939
1.202986
0.910627
-0.039199
1.722829
0.691914
0.810461
1.888101
1.517269
2.981116
1.533931
0.112871
-0.591078
0.390175
1.239463
0.581981
2.005360
0.062209
2.609049
1.147118
1.657586
0.389303
0.027774
0.796891
1.082769
0.188758
-1.648336
-0.316746
2.502547
-0.023080
-2.028264
0.430444
1.361169
2.365222
2.092666
0.283611
1.139972
1.509202
0.302174
2.675216
1.429759
0.986067
1.765635
0.903111
-0.369253
0.742284
0.072197
0.983923
1.456465
-0.019249
0.519337
0.290178
0.102459
1.390115
1.900227
0.268986
0.637051
0.365136
1.744253
1.737295
-0.030265
2.105132
0.092444
1.527635
1.176490
-0.179236
1.401064
1.849266
2.448609
1.133131
1.817422
0.924783
1.310098
0.527575
0.623834
1.955220
1.290141
1.685522
1.445308
2.981406
0.578551
0.791597
1.088431
1.089207
1.073443
0.981975
0.325807
-0.062902
2.453860
0.228096
1.171665
1.319533
-0.192623
1.524736
1.879733
0.764649
0.159525
0.906743
0.625309
-1.222631
1.792202
1.927685
2.335223
0.589228
1.967293
1.635714
0.579922
0.490425
1.328120
0.959309
0.607595
2.116122
-0.251456
-0.092631
0.494601
1.026778
0.499881
2.456092
2.076405
0.187134
0.025734
-0.065769
1.097106
2.919773
-0.346771
1.068175
0.149730
0.219544
1.723760
2.673890
0.970206
0.726975
1.989943
0.381065
0.234504
0.863932
0.487006
3.067840
2.050921
1.017080
2.310243
1.430959
-1.051436
1.192076
0.438805
1.279762
0.954939
1.362826
-0.866524
1.545268
1.280332
2.726338
1.595831
0.670159
0.494504
0.192765
1.052290
0.127712
2.922387
-0.468896
0.862856
1.427778
1.165248
0.547649
0.660510
1.372852
1.981972
-0.997242
1.427259
0.882330
0.999403
1.626759
1.586939
0.852830
1.724996
0.822558
0.916231
0.690149
2.481643
0.725511
1.064769
2.450998
1.021278
-0.564285
0.164123
1.066356
-0.806555
-0.057336
0.568086
0.960468
1.381703
1.664302
1.182119
-0.984582
1.249666
0.157445
-0.257793
1.866576
1.558814
3.405009
1.070552
-0.519584
0.140569
1.219311
1.225505
1.726060
1.679636
0.341613
1.096961
2.762215
1.417199
1.858543
1.423592
0.124007
0.690620
1.703920
-0.447924
0.640041
2.178030
1.333347
2.219565
1.765690
3.541026
0.657354
-0.449057
1.566383
2.227951
1.027376
1.845213
2.725144
0.039812
1.218008
1.826309
1.076900
2.054305
1.260202
1.411415
-0.274061
0.434287
0.418959
0.190442
1.804093
1.240701
-1.433140
-0.506397
2.276695
0.661398
-0.293796
-0.439541
1.885900
-0.414387
2.298341
1.030017
-0.258575
-0.678140
0.876940
-0.985638
1.467990
0.908168
1.547645
0.741741
-0.240656
2.617366
3.253544
2.145327
2.840204
0.937825
-0.731030
1.080825
0.457526
0.980791
0.232326
0.155371
1.352618
0.439153
0.888362
0.868851
1.184158
1.819493
-0.320925
2.108572
1.033341
0.342067
1.910950
2.173848
-0.119244
0.917689
2.050517
1.055399
0.183202
-0.485196
1.708487
1.410858
-0.462740
1.210440
0.424153
0.562427
1.474306
2.015343
1.232524
-0.111433
1.069446
0.950023
0.829306
1.102939
1.614900
2.042072
1.034489
-0.837810
1.754991
1.679824
0.095798
1.868970
0.816544
1.641251
-0.105139
2.211752
0.838928
0.294375
0.746584
2.110926
1.008790
0.088241
0.960171
0.620935
1.337242
-0.677699
1.152775
1.247906
-0.615976
1.810685
0.904421
1.135583
0.469675
1.091602
0.781832
1.751601
0.910083
-0.250457
1.350039
2.337846
0.578453
0.259074
-0.065643
-0.805235
0.974800
0.556921
0.404291
1.460561
0.841921
-0.151401
0.888844
0.670438
1.648912
1.158926
0.548520
2.005828
1.548794
-0.695941
1.115315
3.312499
0.699778
0.100408
1.858551
1.875089
2.828346
2.237730
0.810522
-0.476526
-0.068641
0.849830
3.955195
0.993966
0.422874
3.319738
-0.498719
0.860506
2.014243
-0.071474
1.176673
1.735506
0.548423
0.825633
1.757521
1.618437
0.750244
0.430579
1.142238
0.095093
3.151592
-0.595542
-1.454832
0.935608
0.342534
0.442745
0.714179
0.929296
0.701367
1.256313
1.389231
3.122180
-0.015014
1.574470
1.532206
1.732463
0.766087
0.808168
1.183419
2.324795
0.499134
1.764688
-0.700056
0.974606
1.850199
1.961745
1.889091
0.081616
1.468013
1.976877
1.739146
-0.898696
0.134861
1.782613
-0.560497
1.300624
1.619842
2.960405
0.525363
1.802209
1.300465
1.985080
0.528191
1.514134
-0.931795
1.293222
1.585627
1.689640
0.282673
-0.107047
0.291202
0.464262
0.975423
-1.560575
-0.538848
1.217981
1.977044
1.933248
1.520405
0.725046
2.803445
2.821329
1.053846
0.472164
-0.640484
1.244173
-0.168122
0.390118
1.603945
0.760067
1.230756
0.160795
2.510548
0.329059
1.835383
-0.348416
2.215173
1.245534
1.229539
1.955503
0.589632
1.410693
0.218454
0.999164
1.305044
1.032766
-0.384110
0.673178
3.101273
-1.681740
0.900705
1.545382
0.408641
2.247062
0.295394
0.175180
0.219651
0.590674
1.569776
1.909792
0.471478
-1.575606
-0.336103
0.986995
0.991227
0.036775
0.094765
0.739514
-0.726222
1.625654
0.007134
1.250357
0.826399
1.518013
-0.348823
-0.849243
2.730203
2.248178
2.173871
1.908449
0.452925
0.046847
0.279991
-0.660471
1.452620
2.145563
1.995275
-0.986555
0.216548
-1.372882
1.370975
1.675871
1.032464
0.050066
-0.833036
0.731125
2.366409
0.438780
1.018176
1.852926
0.604718
0.169696
2.160335
2.976630
1.070942
-0.584088
0.382962
0.596343
-0.011605
2.446154
0.630571
1.839976
2.473679
1.897862
2.896678
2.570766
0.271815
0.434531
0.221284
0.738337
0.312960
1.343069
1.531847
-0.970406
-0.324518
-0.090886
2.777496
0.228538
2.926820
1.722132
1.116065
2.626837
0.263663
0.787358
2.353248
1.078620
0.002280
