1000
1.766624
2.193306
1.724601
1.001383
2.386187
0.411194
2.255639
1.933807
0.421071
1.021030
0.078865
3.471704
-0.095789
1.015334
-0.386448
-0.084936
1.839221
1.025881
0.174333
1.989049
2.752436
0.852582
0.493846
1.550878
-0.658001
0.853787
0.304825
-0.079327
-0.223903
2.499428
2.608253
1.151389
1.063724
2.318871
2.883240
1.177859
1.418313
-0.018400
1.958942
1.285052
1.418857
0.413436
1.851797
0.315377
2.892052
2.122766
-0.096453
2.459483
1.559698
2.083415
1.575748
1.657508
0.989238
0.934393
0.557965
0.193041
1.581486
0.812442
1.984117
1.318655
0.004786
3.364762
0.003759
1.131139
1.638956
-0.089125
2.038041
1.345759
3.074823
1.373102
0.448210
1.758549
0.098858
2.118356
1.172311
1.077354
1.928046
1.437701
0.833278
0.847609
0.183045
2.836787
1.034793
0.424591
0.273324
-0.476147
0.514811
1.156867
0.538592
1.151609
1.266790
0.980459
0.804315
2.137655
0.011749
0.529356
0.022202
2.760380
0.732089
0.467000
0.556173
0.458379
0.565859
0.366273
1.419726
1.243334
-0.128537
0.128151
1.601560
1.863870
0.915885
1.687197
2.110436
0.636211
3.596561
0.284748
1.174203
1.358157
1.387248
0.489237
0.229322
1.334312
0.053310
1.705042
1.116176
2.859992
1.375018
2.725604
0.834492
-0.115580
1.294370
1.552074
-0.020568
2.142976
0.970614
0.372567
0.812356
2.874837
1.796218
2.763876
0.646363
-0.382409
3.119203
1.264372
-0.709770
0.131590
2.383351
3.848581
0.485979
-0.189374
1.558655
1.176012
0.072973
0.143009
0.293739
1.921661
1.085560
1.761682
0.930974
1.012174
0.675605
1.704093
1.108440
1.882560
2.422438
1.223092
0.237847
1.834084
1.325452
0.523002
1.345179
0.688043
-0.434700
1.833857
0.605259
0.504196
0.911249
0.666166
0.602453
1.243784
1.789030
0.280628
2.017038
1.020491
1.807747
1.768248
1.367704
2.296456
2.603118
-0.439961
1.171691
-0.016532
1.021720
-0.000809
-0.287274
-0.576607
-0.027859
2.051976
2.467331
2.744787
1.999884
1.812415
1.098280
0.886047
1.280145
1.300710
2.423310
-0.414530
3.419165
0.320358
0.886414
1.656085
1.467178
0.372269
0.523385
0.439881
0.480027
-0.129232
0.899796
1.735652
0.373893
1.586089
1.607650
1.190892
-0.146515
-0.678619
0.914477
1.002884
0.247294
0.655948
-1.133099
0.548429
1.489720
1.220672
1.761081
0.350856
0.250023
1.991708
1.226465
1.317878
1.723798
1.427063
-0.323897
2.037552
0.865171
2.138209
1.024514
-0.547246
1.420874
1.494493
2.899686
0.330741
3.003319
2.342621
0.833994
0.066673
0.406969
1.796292
0.828691
0.992018
0.253820
1.416602
2.113477
2.371037
0.323618
0.947922
-2.493642
1.394130
0.409055
-0.202033
1.353473
0.939679
2.723447
0.643757
-0.036179
1.606483
3.469416
2.146997
1.063417
1.421572
0.257109
-0.773497
0.843011
1.358902
1.970166
0.355664
3.791615
1.054892
0.289169
2.674436
0.430349
0.827665
1.181893
1.240988
0.019222
1.608371
1.856383
0.475573
1.023228
2.614612
0.838913
0.430148
-0.001181
-0.499560
0.885070
0.649848
-0.944563
0.626152
0.411920
-0.221922
0.050228
1.130158
1.752910
1.299573
0.644161
2.457642
2.251927
0.384513
-0.014482
0.444609
-0.026031
-1.188538
1.950477
0.737232
2.066970
-0.457524
0.890070
1.742219
-0.197239
1.355356
1.383303
1.341922
2.950758
1.139416
-0.319243
-0.574370
2.750453
1.195489
0.223485
1.638620
2.509702
1.332864
1.175903
0.791361
-0.407991
0.185167
3.452394
-0.726091
2.773863
1.987568
0.482480
1.071444
-0.562918
0.130732
1.182581
0.214772
0.977340
1.451546
0.477669
0.460581
1.885055
2.015162
1.439907
0.302490
1.979947
1.255736
1.987385
2.704546
2.273236
2.337983
-0.035716
2.352123
2.689375
0.108722
0.171135
1.003784
-0.872853
-0.061528
3.021460
0.840373
0.079774
0.526541
1.682640
0.668374
0.208997
0.211802
1.941135
-0.486623
0.098481
0.413960
0.482155
0.676289
3.088461
2.930318
0.318412
3.005668
2.698334
-0.051449
-0.173742
1.716471
-0.738553
2.023992
0.230743
1.261840
0.938368
0.766655
0.350783
2.209065
2.014486
0.852835
3.658736
2.248516
2.419760
0.727096
0.169425
-0.673154
2.179326
0.265679
0.311182
2.046435
1.329656
-0.074204
1.982447
0.123750
0.998553
0.179044
1.797190
1.028991
0.636507
0.291024
-0.609070
-1.578473
1.358438
1.417534
2.569242
-0.955964
-0.281251
1.269688
1.827619
2.696133
1.368628
1.039788
1.859767
0.406278
1.585119
1.345024
0.837144
-0.271799
2.704929
1.787585
-0.411780
2.083608
1.585538
2.540982
3.178657
0.791193
1.001721
-0.058399
1.766159
1.896935
0.072061
2.100263
0.779827
0.756205
1.303475
-0.264060
-1.597658
0.896451
0.312345
0.629900
2.469407
-0.357884
0.805452
0.597327
3.349439
0.886017
1.144995
-0.734610
1.065901
1.775879
0.362640
0.473347
1.889507
1.257737
1.098205
3.637509
3.418939
0.214601
0.273004
2.264952
-0.301153
1.005851
1.005247
1.780353
0.483414
1.032601
0.898628
1.874956
2.675027
1.177366
0.787559
0.376340
0.163481
2.150243
0.749339
0.384853
-1.289235
1.688308
0.674696
1.462168
1.049296
2.696816
0.317206
1.161576
1.391023
0.179211
1.903083
0.560968
2.706067
2.309141
0.661463
1.761830
0.333883
1.923767
1.718963
0.310142
1.018182
1.948713
1.462804
0.821448
-1.091232
-0.162889
0.538567
2.334837
0.318798
1.314630
0.946700
0.313466
-2.456116
-0.110793
0.573219
0.243517
1.728479
-0.503833
0.297152
1.134353
1.449320
0.903615
0.681028
0.898320
0.885011
0.097993
1.599725
0.522059
0.347702
0.921806
1.992625
-0.188549
1.744017
0.624257
2.087769
2.171667
0.179513
-0.528701
0.191693
0.148231
1.038812
2.330987
1.579450
1.565729
0.274376
2.277538
2.384600
0.595114
2.049398
2.069727
-0.632206
0.821525
1.434688
0.625925
0.634787
1.786691
0.940109
0.663987
-0.718526
0.713612
2.154127
0.288674
-0.320725
1.501385
1.470855
1.085809
2.106415
-0.444908
-0.704809
2.035887
0.854172
1.421173
1.001195
0.850880
0.037774
0.100379
0.773589
-1.257678
1.647978
0.315318
1.405389
0.619592
1.694341
1.622664
-0.681461
1.736937
1.629769
1.540893
0.313007
2.453684
-0.039299
2.873373
1.147441
-1.680954
0.453980
1.067819
-0.758756
1.794250
2.354562
1.312055
1.505723
-0.267093
0.443923
0.305140
1.956567
0.350288
0.026753
1.345709
2.405203
0.216532
0.144814
1.981858
1.729538
3.599795
0.802172
0.399994
1.432378
2.375353
0.993558
1.373076
0.393212
-0.932931
0.340938
1.090273
1.704044
-0.436138
0.679441
0.951115
-1.019712
2.710179
0.380654
0.378803
1.490603
1.062091
0.075471
0.290239
2.686700
0.871644
1.090853
1.959580
0.957366
1.023361
0.810475
-1.446414
-0.271380
-0.315519
0.399255
3.241086
0.211519
0.951044
1.444272
1.655538
2.205963
2.464038
0.367549
0.993238
1.867429
2.983337
1.663776
-0.210504
1.772264
0.179738
0.211413
0.315824
0.616485
0.575604
2.405030
2.414258
0.827031
1.908059
0.674993
1.445233
0.985479
1.279137
0.252918
-0.225373
1.494845
2.415447
0.370285
0.534735
2.994107
1.858433
1.384676
-0.207306
3.083659
0.663569
-0.120716
0.044799
1.718000
-0.165347
1.718035
1.522466
1.056376
1.493550
0.964487
1.812819
0.487910
-0.514425
3.783386
1.843972
1.078816
1.046240
2.285977
0.006994
1.203577
0.039535
1.193173
0.431514
1.136607
1.001061
0.870922
-0.773223
0.903966
1.437673
1.093561
0.062608
2.261170
1.201499
0.806585
1.226820
0.840572
-0.677314
0.698847
1.258020
-0.735159
-0.141013
0.600116
1.357872
-0.299648
-0.498397
1.609662
1.746553
1.520712
1.329548
0.336391
1.712203
0.228355
0.771287
1.476197
1.824005
1.892490
0.997862
1.117037
0.740421
1.573647
0.606698
-0.461825
0.724959
0.428958
0.306572
0.940884
1.721214
1.012073
0.510997
-0.009323
0.412527
1.575253
1.765107
1.448426
2.374214
-1.311362
0.786297
-0.767618
1.209900
0.009197
2.560791
0.515618
0.741718
0.899620
3.405581
1.832300
0.326851
1.844445
0.747605
-0.946716
0.541453
0.910592
1.105110
0.491179
0.417571
0.918046
0.579714
0.772837
-1.146418
1.100519
3.395450
1.376690
1.714502
0.265038
0.291844
2.225211
1.079031
0.947347
0.483949
0.654752
1.375431
2.639422
1.137442
2.740988
1.450196
3.952433
0.709740
-0.101437
1.371185
1.277224
1.012362
-0.698976
1.549251
2.612657
1.320943
1.766753
-0.621250
1.392655
1.604644
1.937713
0.931154
3.707269
1.302133
1.355086
0.399487
1.421940
3.308518
2.195285
0.675129
1.778419
1.292570
2.639946
0.742076
-0.291783
0.536361
0.561078
-0.687148
1.310743
1.477901
1.173639
2.725800
2.640308
0.042914
0.566601
0.688292
1.479685
0.074720
0.551235
1.099431
1.879024
1.789212
1.757334
0.292476
0.913564
0.188067
0.518186
0.964008
2.229959
0.235743
1.005220
0.395117
1.499205
0.402695
0.980044
-0.951257
1.269088
1.226675
1.101195
2.294408
1.861365
-0.889770
1.585318
1.799846
0.365712
1.311992
1.173667
2.383036
1.443286
2.072797
1.392409
0.607041
-0.189231
0.098013
1.746415
-0.071786
0.856633
2.160033
-0.190792
1.694106
0.009080
2.257958
2.715906
0.781039
2.455439
0.282281
1.458839
2.561691
0.662919
-0.279611
1.701134
-0.094762
1.352511
2.700775
2.436737
1.785642
1.626965
0.302674
0.707769
1.872480
0.098979
2.587772
1.675598
0.981454
2.125546
0.780476
1.560876
0.049148
1.043451
0.343913
0.771665
1.729199
0.110400
0.591581
1.302219
1.390724
1.619949
2.024392
1.084523
-0.202037
1.868359
3.198641
1.691041
2.517224
1.120817
-0.281054
0.195708
0.361906
1.237201
0.427110
2.894621
-0.581162
0.529696
1.043322
3.438334
0.739665
0.289737
-1.405055
2.246814
1.444794
2.196693
2.374582
1.462144
-0.382068
0.091285
1.287103
-0.414892
1.871919
2.332545
0.863840
0.729639
0.462590
-0.750658
0.940379
1.798109
1.258972
-0.013419
1.650189
0.344063
-0.419649
-0.232743
1.137611
-0.060639
-1.374540
0.994931
1.454735
1.671245
3.069978
2.376930
0.663171
