1000
-0.651336
1.874125
2.610073
1.933994
-0.026137
2.057738
1.311281
2.029528
-0.424416
1.010478
1.848181
1.874645
-0.253962
2.225539
0.601103
0.937009
1.629919
1.691925
1.055481
0.346369
0.251612
-0.017745
0.103341
1.659547
0.586054
0.544765
0.881503
0.119361
1.604591
0.166964
0.713000
1.089876
0.487077
2.091645
1.178660
1.185037
2.115089
2.022196
1.477929
0.818132
1.133095
-0.066964
1.372961
2.283880
-0.564494
1.297432
2.492850
2.012111
0.760772
0.117054
3.258385
0.988044
0.940308
-0.715414
2.274087
1.567888
1.286137
2.657793
0.252442
0.387971
0.145117
2.138808
1.781853
3.427453
1.136002
-0.436145
1.515980
0.425582
0.636117
2.087716
2.334934
0.943692
1.550674
0.949334
2.216764
0.263955
0.266173
-0.350762
0.876609
2.313608
2.791020
-0.136020
2.168105
1.429206
0.068637
2.104308
1.778182
0.243974
1.707265
0.973509
1.718752
-0.409890
-0.083476
1.315306
1.463679
1.085000
1.053369
1.788333
0.789047
-0.160328
1.432833
1.555357
1.866391
-0.260232
0.401417
0.883809
0.720316
-0.566886
-0.170623
0.988518
1.209530
0.153113
0.457737
3.005679
0.862947
1.373683
1.711116
-0.898748
0.859271
1.106797
0.401276
1.908208
0.740842
0.796827
1.341021
0.158175
2.589701
2.921589
2.768074
0.735016
2.597071
0.104854
1.803587
1.120045
3.826094
1.040122
0.868581
1.798566
-0.512908
-0.278964
1.017338
0.830475
0.915119
1.242382
1.453053
2.388948
2.311465
1.851548
1.691429
2.627282
-0.791067
1.275600
1.059675
1.466233
0.317560
2.439591
0.642635
-0.147065
0.325894
-0.607891
3.246557
1.477679
-1.343899
2.118813
1.947530
2.099120
-0.439748
3.195808
-1.403811
2.225023
0.773704
0.322392
1.442038
-0.324591
-0.305458
0.374501
1.004955
-0.338228
0.136206
1.591505
1.608901
4.429405
-0.089812
1.677707
1.870947
0.614476
-0.874202
1.299095
0.847254
1.149985
2.169730
0.399456
0.197981
2.389718
-0.711752
1.639548
2.958659
-0.150817
0.722288
1.454931
1.635152
-0.051285
0.778228
0.283767
1.462216
0.983901
0.727493
1.087682
0.962040
-0.423918
1.581763
1.326353
1.926078
0.950475
-0.042682
0.614966
0.758163
1.601725
1.897839
-0.260651
1.269094
0.883226
0.980843
1.650571
1.482662
0.031180
0.311973
2.368197
1.726690
0.525709
1.207808
1.280338
0.646786
0.984380
1.098025
1.211536
1.699455
1.483010
1.407710
1.371038
2.004377
1.679867
1.711254
0.396908
1.246967
0.969191
1.069168
0.450945
0.876049
2.813400
-0.142110
0.071156
1.164394
1.581703
1.601484
2.078709
-0.138579
0.970805
2.592607
0.149833
1.107380
1.358388
1.967411
0.599002
2.880613
0.369538
1.786062
1.381081
2.801114
0.223282
-0.952076
0.395438
1.054397
2.025870
1.230761
2.150935
1.622760
2.762378
-0.036040
1.488410
2.211203
0.776289
0.823128
0.505998
3.078890
-0.387253
-0.491197
2.905828
1.875328
-1.366552
1.658181
2.321789
0.123718
1.898505
0.347668
1.661125
3.249557
2.130354
1.618126
1.336249
0.739908
1.484531
0.338011
0.372249
-0.054265
0.728532
-0.492411
0.095955
1.745479
1.144919
0.848719
0.477849
1.401404
-0.094919
1.260479
1.647453
1.002301
-0.342326
0.872115
1.408327
2.908756
0.126771
1.437259
1.508458
0.645470
1.273160
1.480631
0.777681
1.963885
1.776006
0.957681
0.161584
0.106922
-0.642636
1.229547
1.574290
1.382163
0.121865
-0.827260
0.973852
0.042863
0.410931
0.381019
1.238073
0.556326
0.391496
1.539960
1.033935
0.388337
0.573129
-0.341197
1.809561
0.829757
-0.032498
0.771419
0.752166
1.311574
1.695638
-1.104593
0.357297
2.490952
2.024632
2.034161
0.712240
2.295655
1.367216
0.655116
-0.771526
1.094979
0.947886
-0.940199
-0.130028
2.378764
1.300198
0.684149
0.612021
1.043235
0.244577
0.363720
1.681825
2.252548
1.274927
-0.562276
1.010648
1.123416
0.913997
0.197615
0.980594
1.697214
-0.059573
1.392602
-0.015520
2.565015
0.478143
1.969950
1.428038
2.056227
-0.133505
0.782777
1.223297
-0.400568
0.421216
0.682603
1.053473
2.079413
3.021934
0.591544
0.413051
0.683011
1.466589
1.656196
0.311420
2.872788
0.123348
1.038941
1.527503
0.910121
1.516905
1.154553
1.244964
0.901339
0.973765
0.225252
1.909153
1.379943
0.990785
2.300206
-0.942881
1.569466
0.115099
0.882303
0.626152
0.286883
1.047461
1.392121
0.733360
1.162982
-0.204181
2.185047
1.026871
0.433592
2.009286
0.372846
1.528869
1.319212
1.482677
1.665298
2.743696
0.470743
0.774577
0.497444
1.019403
0.907257
2.298326
0.633211
-1.152664
0.550141
1.064735
1.257314
1.700421
1.279718
0.635616
1.717271
0.892983
1.193747
1.104897
-0.208921
1.882738
0.598983
1.632482
0.652756
0.869196
3.046949
0.202594
0.728408
0.098304
0.422336
2.244830
0.686189
0.521524
-0.292143
0.891017
0.646479
1.125323
0.750174
1.812335
-0.434511
1.046541
2.437187
1.904721
-1.028981
1.220264
1.444736
1.446787
1.014244
1.345540
1.482525
1.125770
1.885302
0.957724
1.151245
0.520432
2.449424
1.631602
1.413965
1.986469
2.293588
0.145061
2.094899
2.242620
0.109105
0.613451
1.120262
2.168198
0.595796
1.379281
1.635621
2.418346
1.401423
0.592841
1.297070
0.709815
0.831308
1.764684
0.255840
1.156716
0.458724
0.956928
1.837521
-0.040747
0.109684
-1.275735
1.262542
2.124157
2.092366
0.634241
1.202155
1.031929
0.643754
2.767090
1.450076
1.676904
-0.151665
1.215513
1.041530
0.219205
0.055981
1.710107
0.249660
1.954067
0.662654
-0.002085
-1.380145
1.028735
-0.305942
0.804475
1.548090
1.784711
-0.027711
1.523658
2.079164
0.634984
1.110622
0.749613
1.339607
2.369798
1.289329
1.929619
2.097435
1.659741
1.611881
1.787302
0.202265
1.642659
0.664717
1.465890
1.311932
0.506491
1.072888
-0.347066
0.718148
1.224846
-0.795746
-0.762524
1.521567
-0.248939
-2.175863
2.699740
2.563087
0.476024
1.405980
0.725225
-0.066264
0.146134
1.099704
1.998946
0.419664
1.505872
0.928394
2.044760
-0.734658
0.956278
0.524935
-0.240736
0.405737
2.244196
1.230406
1.385353
0.636442
2.560718
0.233084
1.731794
0.600976
1.110240
0.059836
0.520778
0.242798
1.201851
1.391468
1.613125
0.467091
0.832362
2.389824
-0.532165
1.075228
0.868263
-0.228278
-0.870063
1.819281
1.183082
0.834556
2.473797
1.460255
0.582397
0.965112
2.739172
1.471492
-0.109272
4.401839
1.598119
1.196055
1.111039
0.623434
2.587338
1.533125
3.321753
0.819592
1.271811
2.252013
3.542640
1.269474
2.629460
0.807811
0.294373
0.965104
-0.000577
2.506431
3.335223
1.252608
1.189118
-0.244694
1.791618
0.425482
0.610343
-0.406445
-0.277132
1.602079
1.545067
1.935258
-0.108001
2.014020
1.471019
0.507785
0.412611
2.024991
1.877343
-0.756956
1.246363
-0.513319
1.555574
1.709018
0.432659
1.019470
-0.411726
0.501361
1.156055
3.230585
-0.136631
2.798080
2.478850
-0.465905
0.783167
-0.308116
1.497647
3.629090
2.347424
-0.587586
1.646578
-0.448073
1.301417
0.731086
-0.049737
2.089179
1.446752
0.616313
1.972585
0.755021
0.253007
1.581215
1.830062
2.424688
1.644513
0.984679
0.041499
0.871095
2.292498
1.196766
0.839477
1.904472
1.039984
1.395620
0.656161
0.615884
-0.840332
-0.254800
0.401235
-0.298226
3.629976
1.147209
0.975428
0.158961
1.954548
0.561544
0.616063
2.623661
0.553126
0.612434
1.611091
0.809881
1.205960
0.968624
1.154621
0.975544
1.545395
1.381904
0.354681
0.518870
-1.796682
3.319266
1.397036
0.813830
0.764745
1.870112
0.367845
1.476238
2.065196
0.893849
1.313096
-0.649696
1.159738
1.900839
2.195627
1.813753
1.381133
1.712430
3.525584
0.827838
1.081237
1.208389
1.759763
0.982016
-0.582511
0.750263
1.570110
0.456884
1.685408
0.665163
0.447459
1.057309
0.413077
1.934118
1.086821
1.445477
2.817507
1.313919
0.206568
2.803330
3.842605
0.414185
0.712081
1.797520
1.726819
0.556991
2.164116
1.262205
0.253345
0.439694
1.493116
2.904204
1.767966
0.199676
1.408072
1.065619
1.307618
0.293316
1.359542
0.499207
1.670593
0.458789
2.485289
1.682842
1.211454
0.343053
2.882738
0.846938
2.243277
1.621592
1.333225
1.154192
-1.923622
0.650201
1.517965
0.230024
-0.590286
2.212764
1.308173
0.602546
-1.508451
2.768776
1.397865
0.524287
0.722563
0.725100
2.527325
0.253781
0.239878
-0.452067
1.598682
1.311047
1.654018
1.059681
0.233200
2.010549
2.002529
1.361105
1.983238
1.666416
0.970963
2.332830
2.462915
2.335891
1.495524
1.862637
0.594660
2.191323
-0.158380
2.892662
1.375901
1.787261
0.908241
2.905730
0.892447
2.032617
2.346792
0.707411
2.034706
0.464885
-0.000699
0.130957
1.208418
0.312527
1.134582
1.668133
0.690820
-0.136130
2.314301
1.315425
1.887965
2.023580
1.059738
1.337615
-1.471153
0.740189
1.259005
0.429013
-0.280191
-0.887168
1.236970
1.619178
0.308052
-1.011993
0.249433
1.864574
1.784160
-0.041834
0.858249
0.076992
1.842100
1.558503
1.942850
1.840339
0.034399
-0.731397
2.435910
1.122965
1.130567
3.249618
-0.618848
0.590697
2.997712
2.137865
1.014740
1.321049
0.911278
-0.518493
-0.985780
0.952255
1.978297
0.320639
1.761787
0.072184
1.247214
-0.150916
3.172308
-0.372662
-0.625991
0.459487
1.641593
1.327717
-1.895518
1.881887
0.618689
1.080236
-0.066690
0.989062
0.070720
0.361794
1.293269
1.491391
-0.044288
1.735755
1.647960
1.697049
2.043062
2.079389
1.282757
0.949427
2.117414
1.105335
3.037467
0.052323
1.539812
1.908245
1.365123
1.400604
2.263828
1.320479
0.111792
-0.380174
0.596787
0.494807
1.340503
0.982774
3.095443
0.702359
2.493217
0.731319
1.851309
1.802189
2.654319
0.252032
1.870906
-0.341402
-0.181316
1.973156
-0.148247
1.047350
0.778378
1.024270
2.102675
0.917957
2.128909
2.259526
-0.643504
1.494467
0.455185
-0.278981
0.594831
0.839973
1.239543
1.047108
0.281295
0.145208
1.551062
-0.102909
0.616292
-0.324464
0.513582
0.434818
1.957153
