1000
1.385018
1.519670
0.349226
0.952866
1.078925
0.851210
3.048724
0.676151
3.501972
-0.201530
2.505821
1.182198
2.107303
-1.870227
1.170004
1.574135
-0.441357
2.120194
1.084486
1.631224
-1.068310
1.473452
0.254514
0.020600
0.949200
0.295501
0.874610
1.915034
1.186029
1.792713
1.242827
-0.669037
1.161781
1.317644
-0.702462
1.015589
-0.084941
1.473755
-1.479946
0.845363
2.244142
1.149362
-0.237764
0.465422
0.354782
0.198694
1.553523
-0.281553
0.997808
0.153372
2.367546
1.190963
0.291950
1.236716
0.620212
0.222515
-0.401445
1.288655
0.556936
-0.799981
2.055110
2.276570
1.264649
0.411225
2.209988
1.999500
0.045375
-1.081067
2.112139
1.442122
1.964708
1.107653
0.725564
1.597881
-0.826866
0.169393
-0.214708
0.596732
-0.440001
0.208465
1.594945
0.116902
0.983565
0.936036
3.295554
2.274118
0.121330
0.341774
2.841871
1.163822
0.922395
1.642757
0.458804
2.485317
2.296821
1.860623
0.624549
1.519723
2.173976
2.158554
1.696976
0.992983
2.062033
0.270876
1.838651
1.617620
-1.573553
-0.024295
2.306230
1.659638
1.548230
-0.275718
0.024298
1.766425
3.743304
-0.346954
2.023543
1.312851
1.682555
0.167094
1.010635
1.855794
1.036759
0.720784
2.060414
1.106115
-0.286898
1.091471
1.687333
1.217197
1.339230
1.473518
0.147239
0.889735
0.166231
0.651791
0.717589
3.037943
1.810735
-1.768165
1.974060
0.873037
0.380520
2.368420
0.904567
-1.380147
0.681955
1.103096
0.853138
0.132328
-0.756089
0.999503
2.233323
0.806965
0.198924
0.321399
1.927372
0.797343
-0.112828
-0.425662
2.474357
1.089107
0.881080
1.837451
-0.920653
0.799267
0.804224
1.673865
1.283657
-0.375874
0.851589
2.261248
-0.196890
2.427345
0.436826
0.769251
0.467828
1.744605
1.552303
0.215288
1.832050
1.378287
1.637792
0.532916
1.487991
1.369481
0.946456
0.452934
0.927033
2.027652
2.001572
2.882063
2.308829
1.160595
0.311866
1.842932
1.155681
1.552333
-0.094935
2.084238
0.716854
0.289246
-0.943514
0.828668
0.806175
0.892521
-0.440994
1.316613
0.906255
0.828685
0.776216
3.063875
0.298865
0.837250
1.862823
0.643526
-0.770385
1.114063
1.203213
-0.393847
1.318582
0.220865
0.424491
1.860602
0.880396
2.124924
2.181139
0.515048
2.208543
1.177562
1.606904
-0.054218
1.438906
0.644441
0.259409
1.514581
-0.180247
0.966282
1.135363
0.686213
0.659751
2.436913
2.012187
1.068613
0.207161
2.603630
1.532581
1.717306
-0.631737
0.693909
-0.125272
0.677556
3.578952
0.502076
0.756836
1.819960
1.919903
1.410509
-0.201861
2.677292
1.121679
1.171981
1.117669
0.463621
0.048527
2.428928
1.876015
-0.064998
1.521805
0.091011
0.977217
0.870141
-0.304706
1.652525
0.402696
-0.460269
1.801648
0.816489
2.038725
-0.056958
1.525946
0.709925
0.504560
1.442991
0.425873
1.273392
0.581290
1.419335
2.138491
-0.324113
0.104859
2.386153
-0.125881
-0.725726
1.668165
-0.592043
1.352499
0.509294
2.212869
1.904325
0.284122
1.959651
0.710421
0.968673
0.480442
0.770347
0.859964
0.980280
0.966587
-1.568843
1.852866
1.019118
-0.235397
0.582316
0.331440
0.559948
2.315831
0.877210
1.147343
0.462697
2.214033
0.511798
-0.469587
2.052342
1.378396
0.314258
1.505842
0.074093
0.756170
-0.570422
0.515663
-0.616010
2.437699
0.335169
1.024905
0.155883
1.059772
0.512684
0.336540
0.022815
2.690214
2.920987
0.115912
2.417529
0.334289
0.867178
0.761949
2.077634
1.582615
0.270991
0.590793
1.455266
-0.750724
0.244944
0.674053
0.128576
0.726084
0.382202
0.659198
1.769395
1.527773
1.007759
1.221607
1.202454
0.767399
0.918470
-0.930436
0.302529
0.632432
0.795737
1.891037
0.896967
1.226418
-0.998435
1.550738
2.905553
0.934432
1.950883
2.683197
1.760045
-0.193095
0.321161
1.322182
-0.152243
-0.226058
-0.999003
1.633673
0.699760
2.468503
0.761674
-0.919775
-0.547152
1.245674
0.212161
2.018407
1.588811
0.641408
0.441973
0.793156
-0.181400
3.550477
2.146780
0.271652
0.321975
1.564018
0.211125
0.779509
-0.233941
2.128771
0.546079
1.148038
2.113070
1.007097
-0.069423
2.951401
1.588791
-0.657896
1.933260
0.160766
1.044399
1.836439
0.839827
0.916219
0.377360
1.237748
0.329152
0.631526
0.921120
1.197135
0.559807
2.170654
-0.031713
-0.379592
2.028251
0.884361
1.247420
-0.458164
1.944597
1.395264
1.051053
0.112720
0.955906
0.310288
0.855448
-0.329936
0.158717
2.103058
2.456032
1.064798
0.363519
-0.560302
2.834776
1.255167
-0.004756
1.356986
2.296122
0.928910
1.181549
1.385834
0.047925
0.395032
0.410848
2.090492
0.857633
2.437979
-0.546158
1.581959
0.760076
1.530063
1.412958
-0.030850
0.807269
0.385423
0.977257
0.188256
1.082860
0.392710
1.738440
0.107520
0.320014
2.451645
1.552857
2.566806
0.929103
0.284270
1.816090
1.468059
0.680948
2.199391
0.227543
0.263890
0.613358
1.408138
-1.159257
-0.167586
3.407462
2.369561
0.530472
-1.119838
0.491356
0.171707
0.710407
0.311821
-0.608789
0.159960
1.552802
0.842220
1.620073
-0.383537
0.518553
0.847997
2.318367
0.137518
2.408603
2.497014
0.850606
1.831858
1.232890
1.378938
-0.143225
-0.534115
-0.030695
2.085045
1.713276
0.772790
1.904591
1.439336
0.942002
-0.388250
1.554974
2.736286
2.450410
0.239644
0.496081
-0.002714
0.172603
0.546452
1.199093
-1.432037
2.615826
1.410009
0.108611
1.989438
0.761309
0.978593
1.007448
0.252385
1.854792
2.261552
2.634122
1.729125
0.046723
1.853122
0.668905
0.540358
1.850995
1.148424
0.214086
1.403407
1.535156
1.227580
1.634202
2.491120
2.855095
1.626251
0.255938
1.335711
0.528129
-0.236042
0.369194
2.299664
1.013484
0.675382
1.585409
0.115103
2.474690
2.600398
-0.276803
2.151248
2.523067
0.995869
0.853391
1.140173
0.267145
0.690410
0.282444
0.059012
2.522331
0.406195
1.779982
0.940835
0.923867
-0.666002
0.684115
-0.069343
0.124396
1.958455
1.381637
1.674949
1.531603
2.558970
0.338587
1.476532
-0.154301
1.921961
-1.175901
-1.066724
1.150470
1.461928
0.367005
0.823899
0.779296
0.557876
-0.167516
1.185466
1.359512
1.007938
0.824537
1.437756
-2.002338
1.141897
1.060218
0.016129
1.178356
2.108967
0.221484
1.405723
1.516848
1.258956
0.217703
1.542686
1.388147
1.687536
2.924712
1.375303
2.470437
0.441777
2.404501
3.384724
0.576503
0.542277
0.368257
1.573543
0.511937
1.561416
-0.416167
1.203851
2.157427
0.411591
-0.299352
1.073289
0.822249
2.584977
-1.442025
2.160754
2.442687
2.340625
1.907040
1.608011
-0.154453
1.966558
1.311731
-0.492284
1.346367
0.755671
1.168629
1.897316
-1.018513
0.275158
2.219354
1.374741
2.122825
2.002356
1.832854
1.619491
2.222243
3.040843
0.569089
2.354792
1.698388
1.698240
1.657470
-0.204803
1.586655
0.756471
0.047367
0.866188
0.692612
2.409424
0.121403
1.935949
0.042815
0.297011
-0.143570
1.958783
2.457626
-0.117115
1.840217
-0.617036
1.414919
0.453149
-0.697822
2.525015
0.957995
1.602378
0.147528
1.036348
1.179915
0.664984
-0.902112
0.493787
-0.784131
0.621267
1.456878
0.898866
0.633681
2.089954
-0.268146
-0.954851
-0.413158
1.510821
1.937935
1.418154
1.748243
1.183364
0.980666
0.264116
1.363998
0.506378
0.425901
0.098772
-0.127936
0.714701
-0.823215
1.468250
0.226850
-1.007835
1.328492
1.127546
1.737501
1.063877
2.095726
1.604573
1.642912
1.623894
1.671989
1.692740
2.510415
1.369737
1.648105
-0.367390
0.191489
1.540262
0.647286
3.660317
0.003214
1.018971
1.345229
-0.061503
1.277732
1.833323
0.910987
1.411761
1.629818
0.804803
0.946695
1.769453
0.108551
1.033839
2.201614
1.073005
0.113584
0.950375
1.291205
2.613544
0.791814
1.626674
0.746365
0.926407
1.292175
0.207088
2.833124
2.057163
2.310874
1.268795
0.938039
0.642872
1.064905
0.430885
-0.441267
1.340782
-0.252916
-1.098967
2.254300
0.489598
-0.216557
0.900810
1.779908
2.029679
2.518348
-0.419324
1.828453
0.916433
0.363451
-0.244156
2.459722
0.569915
0.734830
2.078591
0.891763
0.819481
-0.371427
0.800449
2.066557
-0.367547
-0.747790
-0.583749
1.433299
-0.583381
-0.404530
1.240407
1.156549
1.625752
0.574396
1.063167
1.188309
-0.706798
0.616048
0.506158
0.321050
0.823218
-0.694356
1.327425
0.020613
0.868816
-0.404546
0.747935
1.048295
0.482549
0.557768
2.225381
2.515191
0.683742
2.345841
0.321992
-0.924859
0.539655
0.463975
0.122599
0.462983
1.506780
0.786108
1.607906
1.421924
1.182070
1.522308
2.097626
0.631317
0.780647
2.162931
2.170257
0.188401
0.336931
1.327906
0.918056
1.739767
1.531129
2.464610
1.705192
1.347094
1.003418
2.400627
2.233781
1.542704
1.331227
0.795999
1.956904
1.228232
1.004789
-0.677339
0.194675
-0.550466
0.922391
1.343088
-0.006281
1.169814
2.356633
2.063530
2.670173
0.867505
0.038698
1.147997
0.927816
-0.255826
1.065324
0.576412
0.950393
0.818675
1.381529
0.746744
2.183933
-0.725730
1.879189
1.291054
1.280307
1.648751
1.740149
1.707836
1.199752
1.739950
2.881944
-0.926481
1.582134
2.698564
2.912116
1.333876
0.321018
-0.880722
0.488850
0.819784
1.172914
1.383063
1.263586
1.216358
1.009263
0.044590
1.216629
0.903152
1.085238
-0.464977
2.885096
1.073335
0.183773
2.072716
1.463407
1.335401
3.244203
2.253657
1.275529
2.147602
1.818174
1.290547
0.027261
1.044991
-0.336641
2.570243
1.682023
1.699984
2.885348
2.432557
1.029694
1.185756
0.964946
-0.076651
1.539326
1.455050
0.808462
1.447586
1.142970
0.213178
1.352525
1.580955
1.631467
2.393636
0.932081
-0.099723
2.722880
2.330068
0.397499
1.565602
1.135137
1.685743
-0.844941
0.274536
0.853785
0.862935
0.839817
0.782495
0.851294
0.426109
1.729843
-0.554830
0.384584
2.329422
1.400626
0.108092
0.928144
0.861148
-0.353739
0.548461
-1.051987
1.143484
2.203970
0.912985
0.854120
1.518263
0.984867
0.774335
-1.205647
2.307936
