1000
1.269097
2.400102
3.758395
1.249569
0.720565
-0.701797
-0.252104
0.752247
1.519593
-0.019995
1.219038
1.912795
1.043356
-0.927067
1.610922
0.278902
1.044896
0.864244
1.141046
2.411229
1.289180
-0.770751
0.968364
1.057850
0.554605
1.260829
1.200381
0.078330
0.743180
3.140453
2.306679
1.851780
2.090710
0.935972
1.930523
-0.238843
1.739736
2.136418
2.095408
0.465655
1.523334
1.405989
1.035053
1.261141
-0.680542
1.337243
1.555910
1.355260
0.594776
0.529734
0.022792
0.852068
3.054430
1.764828
0.497782
0.842896
1.419950
2.225994
-0.107011
2.281153
0.540393
1.595154
1.331183
1.834930
-0.072569
0.200008
-0.436914
-0.277092
2.199280
1.952424
1.467842
-1.210979
2.308977
0.562016
2.900014
-0.807705
2.699764
1.281220
1.126906
0.902808
1.559398
1.331050
-0.594409
0.306741
0.358193
1.369661
0.639331
-0.397991
1.674722
-0.198058
0.537117
1.089892
0.833716
-0.615033
1.057118
2.100602
1.128154
0.938223
1.058728
1.043586
1.017696
1.522353
0.506426
2.226123
2.837646
0.811016
2.051613
0.419650
0.281554
1.867028
-1.114425
1.517582
0.770161
0.051981
1.479665
0.539721
2.237124
0.527650
1.344754
-0.032457
-0.246768
-0.445327
0.966362
1.825445
-2.103393
-1.113421
0.785405
1.613685
0.458956
-0.857875
-0.780327
2.023565
0.094449
1.404992
0.263156
1.265397
0.830543
1.691433
1.261027
2.038653
0.389756
0.484782
2.174724
0.289485
2.508424
0.826511
0.416210
-0.678412
2.336144
1.384282
1.920723
1.789362
0.994198
0.838492
1.925000
1.139240
0.537282
0.188225
2.092567
-0.379334
1.095974
0.317889
1.389844
0.375863
1.629360
2.902190
1.401939
1.279763
1.487852
0.191317
-0.300246
0.594393
3.590286
2.390191
0.641907
1.936494
1.319681
-0.044642
1.639184
2.221009
0.050390
-0.399185
1.004932
0.175921
2.518782
1.667699
0.769365
1.932200
1.452219
1.473057
0.001643
0.957671
1.566925
-0.982400
0.260805
1.746948
0.505122
1.573985
1.029017
0.715691
1.865127
-0.292797
1.232544
0.386088
0.089340
0.411664
0.444658
1.281598
1.364219
0.562894
2.371171
1.690813
0.039628
1.473459
2.054003
0.660922
-0.882728
2.047129
1.474054
0.380323
3.215016
0.778604
0.209679
-0.595232
-0.739495
0.355683
1.403500
0.747859
1.183717
1.722844
1.553226
1.566367
1.378753
1.321478
0.335935
1.115163
1.372983
-0.597991
2.433644
1.244015
-0.420379
1.601988
1.918304
1.940076
-0.272923
0.899476
2.231113
1.528910
1.475161
0.257951
1.719588
0.153792
2.747148
0.674194
1.483051
0.297896
-0.071203
2.141524
-0.153446
0.045334
2.170003
-0.030989
1.712793
1.561746
0.453725
2.490077
1.674442
1.040203
0.982512
2.843448
2.269522
0.825275
4.188701
1.355797
-0.772628
1.194989
-1.140043
1.814007
0.089496
1.314130
2.603358
1.406196
-0.202631
0.123812
0.217677
2.821867
2.407298
2.103270
1.170232
2.533461
0.198266
2.630642
0.541732
0.670368
0.836208
0.791710
-0.009733
0.852455
0.111525
1.197271
-0.010114
1.953274
3.032823
0.127152
1.394911
2.961429
1.208594
0.635764
1.549386
0.423375
2.028256
0.499219
2.274021
0.676649
0.471223
0.760695
1.247310
1.086503
-0.769563
0.678965
0.538812
1.911752
0.885601
1.868388
0.401877
1.913737
0.567294
1.718385
1.311196
1.460244
1.091828
1.032398
2.478948
-1.846742
0.928478
1.930256
2.281247
-0.898815
0.623029
0.042561
0.220915
-0.453156
1.178382
0.314670
0.804267
0.602205
-0.216440
2.224627
1.030581
0.231657
0.022401
0.373185
1.417037
0.517545
-0.721562
3.346511
1.186833
0.988175
0.720464
1.213525
1.140636
1.375584
-0.177126
-1.093290
1.547879
1.826135
1.366745
-0.404462
-0.096328
1.126623
1.421687
0.966976
1.144079
0.192207
1.677894
1.936161
3.180294
1.548362
3.372311
0.393939
0.849633
0.593177
4.438022
1.008543
1.355475
0.955727
-0.464827
-0.741677
2.577806
1.752500
0.911912
1.240249
0.729305
2.003602
-0.376640
2.025543
1.016291
1.385176
2.568708
1.440776
2.201742
1.763296
1.291007
1.684642
0.036516
0.738354
0.981041
-0.431537
0.005569
-0.120036
1.014182
2.551383
0.609431
0.514669
0.507611
2.089097
0.631618
1.781392
1.135581
1.269733
1.906737
1.062592
-0.807424
0.958861
0.755475
0.778095
-0.091145
1.846090
1.867052
0.073242
0.391938
1.515648
0.747249
0.482547
0.557875
0.667800
0.940210
1.151423
0.571270
-0.056250
1.451299
0.745780
2.949737
1.568605
-0.369214
0.959492
1.367225
1.788671
0.116627
1.241083
2.522431
-0.396652
0.363598
-0.110755
0.262275
1.976100
0.657505
1.012965
0.827175
-0.544268
-0.435890
0.744325
0.433319
1.597882
-0.307592
0.892740
0.230868
-0.396163
-0.444871
0.800346
1.363154
0.309582
1.326606
0.515364
0.956436
0.587079
-1.126526
1.358958
0.332992
1.740127
2.145202
2.329166
2.501416
0.540843
-0.776935
1.265855
0.495316
0.798337
-0.089134
0.672137
1.706979
0.276871
0.016428
1.011814
1.204567
0.951144
1.246794
3.175912
0.896115
2.738346
-0.355450
0.069196
-1.249233
-0.722464
1.101783
0.698932
0.605474
1.696397
0.133926
1.050919
0.746519
-0.076805
-0.766228
0.573306
1.919235
-0.627231
-0.124429
1.270806
-0.243334
2.144953
0.109199
1.352122
1.522386
3.633417
-0.687258
1.441091
1.880880
0.317741
1.488091
-0.517264
1.936607
0.146471
1.721932
0.785850
0.685561
1.272413
0.298433
-1.000023
0.701801
1.375110
1.915445
1.108849
1.354460
1.692063
0.433912
1.981240
2.745768
0.462191
-0.377291
-0.191098
1.104836
1.834443
0.215805
1.120804
1.037496
0.807413
2.806479
1.489626
0.750295
0.832515
3.082356
0.749695
1.025306
1.528056
2.664632
1.473594
1.497685
0.405739
1.522772
0.231577
1.371540
-0.568807
2.860564
2.777664
0.788225
0.137317
1.087093
0.543321
0.280113
-1.187663
3.499070
3.477151
0.860796
1.816288
0.197834
0.022498
1.332242
0.855538
0.891350
2.989831
3.027909
1.454981
0.081850
2.473210
1.035117
2.544412
-0.006268
-0.242646
1.422888
1.729992
2.964421
0.161998
0.831517
1.238530
3.357328
1.281565
0.419683
1.763776
1.360166
0.042031
0.293824
0.289343
2.702309
1.764422
2.829737
0.682886
0.892273
-0.098590
2.476815
1.022908
3.310315
2.446749
-0.826749
1.384221
-0.618993
0.408726
0.933061
0.857973
0.772312
2.240065
1.366866
0.214622
3.459418
2.929997
-0.120051
1.585648
0.843735
2.366718
2.830386
-0.079748
2.803251
1.818702
0.796178
0.777344
0.792268
0.530295
1.567380
0.701904
0.971687
-0.245224
1.638365
1.043978
0.183161
3.028417
3.033615
-0.645105
1.576749
0.421948
0.359991
2.352351
2.487211
1.952020
-1.036571
1.316294
0.703489
2.800702
1.715734
-0.112194
1.832618
0.979188
1.606013
0.381280
0.843995
0.454584
-0.843907
0.861640
2.737312
0.695682
0.610211
-0.091434
1.089957
1.396505
-0.458379
0.581482
0.257922
1.617136
-1.075857
1.111744
3.180171
2.473096
1.001526
0.038219
0.659647
2.102014
2.947151
2.071871
2.940149
2.359520
1.267848
0.224807
0.032642
0.487575
0.800914
-0.162758
0.844327
-0.181315
0.319273
1.145059
-0.628392
1.365665
2.382975
-1.021271
1.502298
1.617587
1.283031
1.003064
1.571993
2.049542
1.850378
0.592880
0.679927
1.816818
1.438266
2.474934
0.875167
0.149115
0.427325
1.272331
-0.685806
2.475161
0.578892
0.583048
-0.416933
0.454152
-1.040910
-1.226077
1.675194
0.662280
-0.614681
1.127447
2.134492
1.448209
1.953007
0.526190
1.681421
1.227423
0.378172
0.708405
1.666192
0.965773
2.050406
0.888844
0.726768
0.550780
0.483650
-0.546977
1.534954
0.627596
-0.370761
1.401266
2.768293
1.212695
0.556307
1.532035
0.753641
1.196611
1.937506
0.687911
-0.155922
1.659398
0.711367
1.189409
0.632587
2.170000
0.812084
0.696005
-0.240563
1.503621
-0.299566
0.989559
-0.802171
1.201962
-0.625292
0.905872
0.908527
1.590790
1.033076
0.512759
1.762209
0.104460
2.722817
1.218583
1.043953
2.311321
0.977660
0.343997
2.052317
0.785403
0.593714
1.150512
1.162037
-0.048517
2.660114
-0.002446
0.777744
2.077410
2.152369
0.418145
1.424409
0.410134
2.495519
1.289237
-0.281696
0.636321
1.179951
0.090259
0.515163
0.820261
1.582230
1.018638
0.180076
1.312316
0.440077
0.328402
1.447761
0.023819
0.154432
1.362193
-0.263377
0.615141
1.264818
0.982677
1.500708
1.062157
1.538634
0.543379
0.773217
0.022000
1.114912
1.891696
2.040565
1.677704
1.119240
0.884609
0.790846
1.272222
2.027400
0.735046
1.065452
1.253702
0.044143
2.163163
0.666998
-0.246822
0.737492
0.478378
1.125567
1.764152
-0.035886
-0.464396
-0.030654
0.943479
0.832787
0.117297
0.903837
0.250314
-0.220733
1.667885
-0.208391
0.891353
0.486074
1.628948
0.314379
0.375581
2.648013
1.299059
0.491197
1.442478
0.559248
1.016994
-0.401971
1.467947
1.419316
1.755767
0.304994
2.243987
0.636535
0.441793
2.474580
-1.106719
1.605909
2.228978
-0.109287
1.377721
1.385274
-0.185052
0.979500
1.945316
1.668707
2.339848
0.274725
2.319935
1.192982
0.627757
2.744660
0.292748
1.797520
1.781154
-0.275598
-0.578551
1.017790
1.867504
0.373555
1.217194
2.108512
0.146066
1.012325
1.989311
1.420675
2.373323
2.365951
2.017188
-0.724054
1.559260
0.102431
0.180519
2.045566
-0.086635
0.992822
0.749358
1.220879
3.495894
1.995359
1.238410
1.134273
2.370745
0.625449
1.370967
2.707441
2.175846
0.618878
1.105310
1.719804
0.515881
0.980436
0.011194
2.714056
1.476143
0.947539
1.583821
2.138333
1.856979
0.049911
1.122068
0.862944
1.516607
0.799190
0.796911
0.772407
0.207405
0.936576
2.592142
2.527444
1.067979
-0.510946
-1.145178
0.657167
1.743693
0.196096
1.236043
2.629675
1.127774
0.912764
2.144991
0.999520
2.074976
2.280355
1.739004
0.988866
1.679787
0.416860
2.131989
2.401101
0.229425
2.273254
1.200774
3.076113
0.438739
0.978748
0.784531
0.043894
-0.713289
1.410898
-0.163209
-1.931959
1.312151
-0.194377
1.205297
2.454858
1.515631
