1000
2.429540
0.376879
3.676142
-0.409159
-0.328261
2.052623
2.937961
1.763607
1.366985
0.575495
2.202890
0.662383
1.894684
-0.149602
1.213102
1.588538
0.330902
-0.482942
1.400138
-1.045538
2.708993
2.396217
2.287149
0.005256
0.473415
0.751773
0.550519
-0.460442
1.235585
1.279299
0.435372
1.004617
-1.095712
1.593981
1.095281
0.949955
2.330262
0.190716
0.694286
0.344044
0.422442
2.269999
-0.215784
0.754932
1.701105
0.868709
0.895683
1.359038
0.002249
0.948748
-0.134434
-0.236559
-0.357939
0.343956
1.263609
1.088701
0.904238
2.435832
-0.683702
0.851018
1.572513
1.029704
1.321876
0.923192
-0.937074
0.905359
0.752798
0.713422
1.585817
2.440457
2.193517
0.557328
1.448192
0.208841
1.686711
0.709115
0.506925
3.313365
0.273525
1.508123
-0.988005
2.266489
1.846357
2.368795
0.708373
1.242208
0.819351
0.742308
1.501946
1.347071
1.449232
-0.201708
1.631976
0.200364
-0.285052
1.082803
3.415522
1.710178
1.106892
2.328637
-0.597904
0.870630
2.120403
2.486630
0.970898
0.218372
0.249419
1.768899
0.806247
-0.056011
1.055494
0.053842
0.739314
1.763782
1.668535
1.963992
0.938731
1.034729
0.855221
1.053675
0.724841
-0.047891
2.241904
0.507873
2.139394
1.540560
1.646796
0.189838
0.440119
0.292395
0.557730
0.832828
1.474008
2.772431
1.049024
2.351210
1.955415
0.359253
0.499610
0.468899
0.952617
1.739721
2.130466
0.743697
2.397277
3.066381
0.513529
1.729320
0.446298
1.174841
-0.427905
0.390418
2.204419
1.519148
1.642450
-0.188781
1.015003
0.446954
1.650586
0.503127
1.788796
0.826098
0.452911
0.876740
2.054023
0.494128
0.585832
1.283268
-0.225427
2.423347
1.270412
2.159558
0.634099
0.361377
-0.416821
-0.825906
0.158744
-0.231279
0.837913
0.478901
1.177269
0.062121
1.509286
1.986420
1.377141
-0.790978
0.992303
0.112137
-0.523748
1.076225
-0.554082
2.135352
0.475441
0.821438
1.485115
0.512018
-0.204329
1.958008
1.272899
1.164068
0.365057
1.190982
0.964747
-0.040629
0.403595
-0.297713
2.253562
0.299247
0.641117
0.920916
-1.735012
1.704919
1.961295
1.031708
2.990478
1.219471
2.160446
-1.541869
-0.205023
0.071481
1.154921
3.305154
1.881310
-0.839850
0.968734
0.187068
1.343100
0.482149
0.657237
0.559028
1.262672
0.597264
0.537226
1.361917
1.270559
0.950660
1.553723
2.660849
1.419465
1.885807
0.800974
0.719219
-0.542487
1.380991
-1.400811
0.677082
0.530916
2.091962
0.371507
0.233578
-0.487231
-1.296322
0.928010
0.208298
1.359704
1.994255
0.869136
0.674551
-0.824995
1.790148
0.864000
0.093386
0.983857
1.860708
2.428490
1.577785
1.920829
1.863220
1.024648
0.477313
1.578013
0.622801
1.175465
0.895858
-0.471646
1.876466
1.910161
1.745989
0.773512
0.993669
-0.174004
0.568424
0.776644
1.885586
1.331453
1.663108
-0.086940
1.927753
0.206160
0.677856
2.253668
1.270999
1.851208
0.917150
1.512189
0.371642
0.973582
0.344486
0.887902
1.382279
1.678596
-0.851810
0.498786
2.215083
0.563684
-0.120587
0.106051
0.117406
1.084236
0.114862
0.496465
0.193501
1.540016
1.064783
0.993680
0.798121
2.473867
2.064649
0.068315
0.223561
2.560776
0.280667
1.675746
1.266352
1.345931
0.723130
0.240552
0.065074
0.285520
-0.997062
1.254643
0.759816
1.924518
2.145185
-2.044654
0.253273
0.748016
0.654581
0.162054
1.830122
0.935567
0.617117
1.321995
0.324273
2.174976
0.955638
1.393955
1.389460
-0.499119
1.117151
2.265247
1.707327
1.189974
0.467795
1.941299
2.371997
1.616741
0.344379
1.357279
1.722771
1.835897
0.885864
-0.190679
2.083261
0.237587
2.521322
2.648855
1.414845
1.303816
0.937721
1.760180
1.455344
0.750226
-0.334182
0.478714
1.093503
1.253004
0.500033
1.285156
0.230329
0.983187
2.110452
0.778209
-0.169293
0.580403
1.916904
0.118801
2.593789
-0.127170
1.512948
2.037408
1.233323
-0.779659
-0.767289
2.890303
0.316515
0.808599
0.842980
1.379985
1.417153
0.611359
1.711620
-0.176157
2.007499
1.518173
1.365778
0.770154
-0.251128
0.230058
2.097091
3.012157
0.582994
-0.262343
1.899147
-0.582556
2.285573
-0.201575
0.257609
1.163934
2.513001
0.614965
2.594598
2.573307
1.351179
1.345947
1.311410
0.885262
0.864973
1.254202
0.814899
-0.259577
1.095775
2.449252
-0.834373
2.247671
0.360932
0.990250
1.550074
-0.725457
0.555054
3.563622
1.361580
0.599686
0.003958
0.506633
1.359258
1.872222
1.420656
-0.705039
0.923694
1.224703
2.234038
0.427166
0.031782
1.210538
1.293340
1.487662
2.441041
0.518286
0.151693
0.943517
0.789493
2.143475
0.209794
-0.020948
1.642197
3.527175
1.047249
0.422137
1.251364
1.227364
2.687801
2.714569
1.805376
0.652724
-0.266546
0.091740
0.514697
-0.485070
1.050659
1.051629
2.244378
2.084114
-0.956671
-0.038536
0.610801
1.113117
-0.598641
1.061467
0.700233
1.136418
2.591596
1.637804
1.202347
-0.403307
0.218368
-2.839947
2.599995
0.314984
1.925390
1.809436
0.062780
0.707096
2.657889
2.226874
0.511124
-0.208615
1.765487
0.460003
3.189466
0.279869
1.003147
0.430683
1.324113
1.460863
-1.164266
1.231688
1.718535
1.367828
0.586076
0.695830
-0.599811
-0.141377
2.665317
-0.066870
1.405939
1.209746
2.759927
0.766697
-2.249756
2.027131
1.940003
-0.519181
0.713233
0.542528
0.136777
1.877224
0.555218
2.242285
-0.385032
1.484783
1.134131
1.545285
0.783159
0.865232
2.520671
0.324630
1.116296
-1.047633
0.631472
2.328018
1.637354
0.275859
0.151325
0.325126
0.838440
1.041144
0.913695
1.406586
1.829347
0.336647
1.604275
-0.443530
1.725949
0.327021
1.034541
-0.120617
-0.576328
-0.118115
-0.543228
0.521826
1.833747
1.224316
1.984806
0.346825
0.410708
1.188908
0.717828
0.389417
1.327071
0.560492
0.133383
0.840703
3.973447
2.131339
0.053259
1.586228
0.872797
1.069001
-0.143929
0.885538
-0.187518
1.892184
0.351924
1.012048
0.049240
0.889654
1.225607
0.507792
1.094212
3.887981
1.448141
-0.990259
0.737189
1.413223
1.530178
1.842740
1.132677
0.147009
2.380683
1.703613
0.948961
1.513272
1.011861
-0.638762
0.456578
2.803414
0.354069
3.507218
2.223949
2.563587
0.745250
-0.754765
-0.429200
0.370512
2.478327
0.730208
1.670962
0.777995
2.537823
0.696356
0.541691
2.103009
2.108948
2.004573
-1.016963
2.133417
0.010942
0.578915
2.836409
2.108417
-0.013636
-0.439773
0.021422
0.921294
1.377336
0.366041
2.375464
1.306030
-0.291240
-0.722255
1.263163
2.641476
0.196339
0.923717
3.170247
0.566428
0.174913
1.528162
1.004284
2.113750
2.010015
-0.209416
-0.292527
2.674386
0.093303
3.192018
0.561637
0.617821
2.124034
0.704630
-0.564251
0.697035
1.104205
0.742934
0.282406
-0.394505
2.451527
2.428688
1.548627
0.999619
1.015178
0.466780
0.333543
1.858133
2.765200
2.697005
-0.161195
1.421830
0.458664
1.720876
1.674744
0.379162
3.130083
0.246975
1.094250
-1.803612
0.969949
1.072372
0.790938
1.437377
1.087014
0.869341
0.043275
1.159526
0.036698
2.287491
1.114773
-0.145671
-0.162739
-0.290171
1.967849
-0.952938
-0.082589
-0.600271
1.702107
1.599833
0.913033
3.553343
1.520467
0.323314
0.488631
-0.034151
1.881870
1.260639
0.373165
-0.323149
0.692365
1.068573
1.294498
0.972077
0.525115
1.208655
0.690681
2.055209
1.037432
0.528295
-0.960747
0.472542
0.884115
1.973226
1.194797
1.020334
1.823360
1.585293
0.294069
0.018707
-0.017582
2.498436
0.884383
1.009577
2.689057
0.534431
-0.026530
1.142858
0.997138
3.210916
1.179810
0.789882
0.769292
1.239142
0.069198
0.365499
2.250263
-0.796769
2.208533
1.053157
2.721959
1.560420
0.168981
1.541564
1.005639
0.943418
1.816553
1.144226
0.903113
1.958465
1.032036
0.825899
3.061732
-0.336202
-0.020922
1.741891
1.927259
-0.164756
0.976276
-0.839469
1.499610
2.115501
0.916724
0.679715
-0.017901
0.271127
0.449501
1.164243
0.509298
0.286272
0.220976
1.427958
1.256065
2.713530
0.238698
0.554339
2.479618
-0.035407
0.929675
0.497222
-0.124807
0.333229
1.465595
1.487728
-0.435460
0.803239
1.584358
1.395847
2.734969
1.644747
0.636326
0.759038
0.232563
1.297423
0.024722
-0.109990
1.437264
0.077540
0.882550
0.302315
2.261425
3.019545
1.425056
1.371557
1.735573
0.899102
-0.107782
1.338795
0.433894
0.326722
1.159019
0.508964
0.828197
1.074594
1.291317
1.842695
3.295285
0.845312
0.383900
0.482720
1.015491
0.943922
1.716584
-0.057335
1.230201
2.175617
2.435813
1.450983
0.264481
0.692668
-0.449072
2.244808
0.372783
0.834920
1.164408
3.285842
0.846098
0.850579
1.570519
-0.371318
1.091653
0.119423
1.286645
2.147541
-0.065579
0.951155
1.629391
-0.572677
0.044268
0.356297
1.893950
1.171865
1.451997
-0.758185
0.520755
1.503308
0.072798
0.542805
1.573656
-0.134538
-0.512061
1.666564
1.030207
-0.282265
1.029955
1.039868
1.704747
0.957394
1.058950
-0.137460
0.688598
0.394358
0.122370
1.614043
0.198537
0.902071
1.292347
2.451860
1.848099
0.230359
2.489703
0.390146
2.389336
-1.860420
0.307803
1.815746
3.373208
0.048405
-0.233284
0.265402
0.776703
1.144041
0.694415
0.921209
1.406725
0.829767
1.236085
-0.185822
0.072280
2.811939
2.013361
0.866854
0.366329
0.603162
-1.025167
-0.440930
1.899675
3.303225
1.512998
0.215814
2.151638
1.081790
2.658890
-0.148709
0.455390
-0.479370
-0.547066
1.027917
0.940095
0.509056
1.698719
0.464585
0.603970
2.587117
1.755120
2.472008
1.550683
1.053330
1.756733
1.955322
1.469173
0.648537
3.216869
0.588555
0.974223
2.680584
0.899081
0.584084
-0.422420
-0.224985
0.736631
0.725285
1.758666
0.415238
1.154950
-0.603497
0.999660
2.770130
0.618083
-0.988542
-0.094425
0.563228
0.394242
1.403464
0.114650
1.446797
1.331373
-1.125955
-0.544402
1.290925
0.697068
1.824524
0.637948
0.605986
2.106770
1.007597
0.433689
-1.009052
-0.466036
0.549266
3.207604
2.260782
-0.395309
