1000
2.393363
2.004555
0.103787
1.026376
2.721898
2.674676
1.509741
1.443881
0.647840
0.864623
0.183510
1.409233
2.260926
3.466943
-1.295867
3.280228
0.604800
0.942549
0.920966
2.007463
1.912781
1.159486
0.789822
-0.466252
1.014492
0.468244
1.465499
0.825140
1.671564
-0.846363
0.777120
-0.365788
-0.618454
0.177779
0.496773
0.286235
1.212172
1.057930
0.379877
1.133133
-0.769513
0.131855
-0.164184
1.831776
-0.003890
1.743113
-0.870503
1.690992
2.321499
0.653995
-0.888758
0.805193
0.785796
3.308126
2.395264
-1.507648
-0.184162
-0.127624
0.673137
0.308290
0.767465
2.044799
0.099685
1.994637
2.850049
2.261902
1.201515
0.535732
-0.246593
0.510004
2.313950
0.665797
0.936727
0.578965
1.826397
2.070321
0.893925
1.200582
0.511923
2.158208
1.114372
-0.103078
-0.069078
2.158836
0.517494
0.122783
-1.315594
1.268334
2.310406
2.100282
0.944326
0.729679
-0.460659
2.596414
1.968924
1.673083
0.635401
1.720139
2.844191
0.931271
0.973828
2.466094
0.963347
0.833149
-0.083228
0.662498
3.038502
1.255529
2.085508
0.727682
-0.684002
2.659645
1.194585
0.639437
1.151559
0.754368
0.192103
0.587190
2.975700
1.326497
0.355383
1.175140
0.008727
1.141076
-0.166603
0.648429
0.914164
1.249311
-0.954275
2.084004
0.820581
1.441141
1.509515
-1.189849
2.047398
0.450363
2.387687
1.004596
1.657542
1.531712
0.146922
1.228917
0.657093
0.341420
0.550806
1.302701
3.904976
2.319761
1.086339
0.164141
0.528837
1.855489
-0.093157
0.982061
0.465908
2.645402
1.105509
3.404514
-0.442900
0.357915
3.677819
-0.160495
0.772605
2.170164
0.199987
0.656453
-0.097394
0.747140
1.585463
1.129114
1.410799
1.720528
0.619901
1.473112
2.536125
-0.467436
1.798651
0.354031
0.536430
1.849610
1.014117
1.850345
0.172068
1.240974
2.593559
0.992920
1.959364
1.325047
1.158717
2.493907
1.240538
0.935655
1.911954
-0.894804
1.190237
0.370855
2.490939
-0.754088
1.453176
0.636107
1.747872
1.112201
0.704204
-0.825595
-0.582865
0.802313
1.249005
-0.385373
1.283424
2.198015
2.014594
0.212702
2.671585
0.197017
0.071633
1.980463
1.897549
0.488436
1.417208
0.745528
1.082982
1.588668
0.595232
0.727594
0.583286
2.139162
0.236507
0.115904
-0.478007
2.145694
-0.074404
2.390763
-0.504435
-0.905571
2.908834
3.725156
1.224515
3.027618
-0.279478
1.648715
0.424290
0.559648
1.633745
0.496792
-0.214331
-0.789134
0.730686
1.693440
0.537461
0.029409
1.626810
1.529615
0.648326
0.040605
0.257689
0.775093
1.503680
-0.005291
0.619250
0.566570
-0.263014
0.655828
0.605456
0.642054
0.992179
-0.620227
0.668357
1.062966
1.188020
-0.362769
1.444860
1.551036
1.491509
1.618299
2.543500
-0.503177
0.999109
2.309882
-0.460764
0.982692
1.623606
-0.342870
3.543787
1.444864
2.380503
-0.889277
2.823220
-0.601579
0.961187
0.791099
0.904468
0.155765
1.438252
1.269966
0.672341
1.829397
0.296875
0.819518
-0.901524
2.306702
0.034354
2.605438
1.148568
0.631486
2.565370
0.441343
2.074758
-0.735165
1.499718
1.018336
-0.446599
1.864283
1.042533
0.829860
0.269318
-0.216247
1.210800
0.877244
1.665695
0.522607
2.467482
2.077713
1.133763
0.795372
0.228039
1.609287
2.074500
3.941601
2.317157
3.510719
1.082626
1.619405
0.661035
0.640853
0.261911
3.932299
0.402602
1.463342
0.726771
2.093311
1.379872
1.276186
0.888979
1.018988
2.539435
1.540013
0.687699
1.861679
1.188211
-0.103853
0.942554
0.604538
0.472563
0.051177
0.865964
1.250391
-0.396378
3.590819
0.833191
1.240676
1.563470
1.923234
0.953091
0.813524
2.424698
0.215224
1.513960
-0.945017
-0.182597
1.436418
2.361849
2.713607
1.158409
0.081176
2.154399
1.404589
1.353589
-0.417010
0.303131
0.857462
3.002516
-0.683111
-0.796937
2.349341
2.008645
1.245240
1.832231
0.354018
2.018854
-0.336045
0.601937
2.139327
-0.329717
0.126034
1.765296
0.661928
0.163143
2.793235
1.585265
1.527302
-0.019816
1.537121
0.408966
2.681559
-0.817358
0.144241
2.348670
1.472097
1.106866
1.235247
-0.396509
1.530032
0.354799
0.011502
0.036467
1.300871
0.883173
-0.151317
-1.000619
1.540821
1.512855
0.757699
0.202118
-0.872732
1.157591
1.293538
1.479846
1.110354
2.427939
0.297115
2.020227
0.443197
0.880902
-0.218294
0.485551
0.471207
-0.389739
1.055104
0.209291
0.828893
0.627813
1.479890
1.919358
0.967558
-0.180727
0.118037
2.480527
1.355513
1.179301
1.218242
0.951581
2.522001
-0.034743
-0.994226
-0.158457
1.579030
2.293038
1.625942
0.511285
1.853388
0.983625
0.770046
1.696721
0.363077
2.291919
0.573571
0.056851
-0.213933
1.641356
2.521704
-0.135910
0.537724
2.068211
0.670768
0.367951
0.119300
1.229344
2.287315
0.956833
0.036683
1.134545
0.070165
1.413074
0.180186
0.566119
2.325550
2.035550
0.473052
2.904883
3.273876
1.661479
1.622642
1.011622
0.555052
1.650633
-1.203553
2.673859
-0.048428
0.417860
-0.914233
0.219597
2.029128
2.269280
2.165105
1.638277
1.977563
0.937830
2.086365
2.158054
1.170527
-0.392096
2.587703
2.209227
1.278458
-0.143397
1.469497
0.098392
1.408661
2.040641
0.009903
1.690994
1.688903
1.933521
0.029243
0.960819
0.608773
-0.621927
0.039998
1.254402
0.671017
2.420969
0.687514
3.439108
1.102593
0.012823
2.734371
-0.268562
2.795240
0.825152
0.729953
-1.462228
0.542575
1.247255
-1.276242
0.656416
0.751281
1.057607
1.624986
0.948332
1.293679
3.431476
1.156220
0.787855
2.720916
0.025084
0.228356
0.778055
0.081558
1.397722
1.970721
2.902804
0.008891
-0.367735
1.469419
0.263520
0.571209
1.601880
0.041658
1.098371
2.364161
2.382817
0.845216
0.058957
1.108905
1.776794
1.577897
3.264435
1.333941
-1.434496
-0.217571
0.731710
-0.063892
2.515507
1.665333
1.993598
2.084611
-0.907241
-0.310950
1.141367
0.995782
2.194352
-1.217885
2.475144
0.740960
0.282856
2.396695
0.952798
1.698244
2.508185
1.277509
1.454028
1.814768
3.641699
1.004541
0.208804
-0.202361
0.382525
0.178701
1.898542
-0.292264
1.522456
2.706082
1.330861
0.462460
1.921618
-0.827899
1.035339
1.307446
0.278077
-0.211293
0.669946
0.622448
1.752445
0.695433
-0.246411
2.357904
1.830288
-0.034483
0.546833
0.954466
0.686342
1.260043
0.680048
1.775233
2.282833
-1.379585
0.998541
0.762476
-0.422299
2.110829
0.233343
1.754550
0.571111
0.203663
0.490298
2.768155
1.151216
-1.911748
0.376114
0.988725
0.668297
-0.314153
-0.202130
1.090920
1.310534
1.388398
0.380641
0.481351
-0.832582
0.502489
0.473537
1.536246
1.539767
2.102473
0.046296
2.459996
1.059708
0.891566
2.007397
1.479759
1.920658
-0.185877
0.604668
0.651137
0.272629
1.207372
0.156375
0.295365
1.370991
1.927816
1.177482
1.860670
-0.605237
1.592988
0.637013
-0.200027
-1.494411
-0.561653
1.460455
1.609406
0.826403
1.199029
0.873063
0.601355
1.343573
1.285733
1.245297
1.769932
1.106718
1.162765
0.312109
2.369502
0.670173
-0.170154
-1.168648
-0.560210
-1.177119
-0.136734
-0.348056
0.769403
1.821494
1.469220
2.816470
1.276978
1.036195
0.630048
1.384028
1.365136
0.964998
0.498365
2.491583
1.079747
-0.280428
1.025222
1.152777
0.738316
0.500410
1.834790
1.479631
0.565985
1.148100
-0.004644
1.563149
2.506037
0.389238
3.449176
0.937598
-0.621415
1.273507
-0.524788
1.657857
0.942571
1.013096
0.873006
2.063882
-0.589637
-0.664228
1.314553
1.591363
3.525134
0.378196
0.062696
1.201265
2.119540
-0.569024
0.534406
0.392892
0.356739
1.811759
1.799865
0.123485
0.861392
0.742748
0.406678
0.961857
1.342561
2.307238
2.356933
1.834699
1.110566
0.441251
0.827739
0.822286
1.539114
0.478980
1.432386
-0.539244
0.908394
-0.077177
2.093733
1.051554
0.610705
-0.016927
0.827425
1.304964
2.607881
0.734932
0.299527
1.112675
-0.142633
2.745228
0.932904
3.312766
0.623344
0.279612
-0.551525
2.062099
2.153314
-0.130411
0.797637
2.762252
2.114692
2.577757
1.235883
1.801445
0.942637
0.988133
0.657644
0.715323
0.737077
-1.075761
1.763547
0.102658
0.084740
1.536600
0.936132
0.592117
0.431500
-0.291090
0.519172
0.094615
0.673004
1.398781
0.573383
1.775520
1.950793
-0.657802
-0.068154
-0.122082
0.964145
1.405133
1.957361
1.387942
0.007075
3.774978
0.799297
0.340438
0.753909
4.083979
1.232056
0.619498
0.643056
0.602374
0.498057
0.545657
0.196962
1.756257
0.539117
1.801674
2.042892
1.084954
1.095004
1.258818
1.878357
0.704575
-0.155213
1.755181
0.839856
1.249976
1.150691
-0.327301
1.936708
-0.669786
1.100368
2.827688
1.235675
1.142162
0.160214
1.766372
0.107677
1.781718
-0.080852
1.286319
0.649448
1.875138
0.079288
3.482434
-0.409656
1.034194
-0.851279
1.591891
3.242327
0.297638
1.026377
0.569992
2.122370
1.060013
1.081244
0.546843
0.092696
-0.413312
2.708140
0.295201
-0.299819
1.006936
2.695137
1.120507
0.879367
0.142046
2.221351
2.715713
0.417223
2.224540
3.089573
2.588740
0.008512
0.783267
1.992451
0.402515
0.208082
1.282556
0.589944
2.557316
1.951182
-0.223298
1.283926
3.191974
2.268824
-0.337177
0.311593
1.112810
2.008799
0.579477
0.624877
1.129459
0.032118
0.874377
2.109802
1.292844
0.903507
-0.500100
2.253875
1.208223
0.606837
0.410881
2.500218
2.247684
1.944770
0.512811
1.298335
1.403731
-0.705583
-0.730223
2.284509
-0.318966
1.331490
1.592938
1.591491
1.684134
0.773373
0.540905
0.524222
0.222509
0.438962
0.945031
1.011197
-0.816671
-0.563406
0.466607
2.295143
2.558288
1.857938
2.184922
0.029923
0.255932
0.330463
0.123308
1.311306
1.379561
1.233051
-0.691495
2.222798
0.595952
0.345804
2.158844
-1.101950
2.158104
-0.017736
2.559796
0.079832
0.591254
1.472938
1.371515
0.127344
1.763747
-0.462331
1.577854
2.240144
0.080567
0.233889
0.079274
1.804069
1.996739
1.837224
0.454513
1.047778
1.732966
0.422570
3.209869
1.112622
