1000
2.664773
2.022620
1.329924
2.551015
1.931543
0.473025
0.395801
0.985899
0.014350
1.298951
3.010113
1.270247
1.319906
2.402017
-1.616250
-0.157653
2.099891
-1.569603
2.244971
1.950939
0.290280
1.707778
0.245261
0.933689
0.231464
0.374929
0.481530
1.641709
1.302802
0.483163
1.344984
0.672648
0.842564
-0.812822
-1.173109
1.750389
0.278465
2.630709
2.799350
0.880901
1.596229
1.316654
2.532986
2.438236
2.081493
0.883030
1.502907
0.611329
-0.011629
0.097466
1.134165
0.667114
-0.726539
-0.289951
0.968563
0.462765
0.433480
2.048803
0.597440
1.316151
-0.234179
0.118913
1.795369
1.133183
1.353213
0.855047
1.388029
4.237332
1.726549
0.989952
0.286937
1.714172
1.312105
1.887314
1.483969
2.336694
2.000675
-0.201207
1.646124
0.279738
2.089358
-0.206140
1.389068
0.466410
1.458324
0.500964
1.200920
1.048185
-0.299233
1.529051
0.406773
-0.708760
1.889496
-1.045606
0.621750
0.574069
0.605560
2.990972
-1.276753
1.176671
0.445769
0.632504
1.510047
-0.372041
0.938232
1.787125
3.687125
0.271768
1.443409
-0.284018
1.201171
0.364577
1.632737
-0.941732
2.002449
0.337025
1.260809
3.056162
1.065200
2.530662
-0.725843
2.013419
1.183438
1.565836
0.112978
-1.165111
2.096163
0.798587
-0.097392
1.194439
1.153937
-0.176547
1.200649
-0.532046
1.382140
1.967477
1.727142
1.598966
1.633160
0.917504
1.176523
1.384565
1.810152
-0.414584
0.913204
1.722155
1.905830
1.868564
1.818863
-1.125123
0.336614
0.988315
1.277445
0.472395
0.631916
2.392843
2.226511
-0.007376
1.093781
0.768374
0.430436
1.513929
0.643767
1.404472
0.609107
1.821598
1.428744
0.877899
1.358548
2.109488
2.877739
0.437362
1.080456
0.376873
1.683829
-1.019416
1.713788
-1.005191
1.556158
0.991407
-1.463094
2.128006
2.419116
1.125649
1.615006
0.517298
0.994021
1.498213
0.625525
0.903029
0.717067
1.137265
1.524164
1.058876
-0.418312
0.813294
0.299016
0.830538
0.116040
2.000805
1.523846
1.287368
2.553804
1.485755
2.349515
0.576602
0.533845
1.330054
1.468128
-0.404760
0.203793
-0.078250
1.152536
2.845600
0.971088
0.130013
1.086141
2.026804
1.885497
0.412954
1.677347
3.878731
2.747258
2.530886
1.055920
0.050594
0.023306
0.471774
1.801965
0.043149
1.144739
1.733588
1.901153
0.892308
1.628403
1.364964
0.994034
1.477229
1.380523
0.580611
1.627272
1.004855
-0.774837
0.220116
0.745923
0.458981
1.880542
2.551704
0.959502
0.802632
2.014425
0.709084
3.129090
1.727736
1.605656
0.412451
1.269035
1.342543
0.170389
0.846048
0.348785
1.705582
0.867892
0.821160
1.150425
0.461273
1.612007
-0.255531
1.766079
-0.501718
1.427785
0.857725
2.101747
1.669255
0.521017
-0.064234
0.831310
2.411933
0.779256
0.852141
1.071500
1.010575
1.728000
0.055352
1.234441
2.451855
0.180940
0.963542
1.473550
1.266072
1.867849
0.868861
1.112120
1.278926
0.505969
1.404401
-0.778434
0.534620
0.658356
-0.083275
2.273070
0.775284
1.223890
0.317283
1.224892
-0.402084
-1.142850
1.964774
1.645440
3.093307
1.265443
1.358031
2.302707
1.319621
1.631755
-0.709893
0.401858
-0.157788
1.741983
-0.428972
1.238306
1.580728
1.441804
-0.690481
0.240981
0.942991
0.728061
-1.010077
1.386596
-0.017877
1.508309
1.623967
3.960207
-0.449411
0.414110
-0.408611
1.492147
1.377307
1.622728
1.788269
0.518257
1.829367
-0.838380
0.289982
-0.073033
1.041740
0.679232
0.907968
-1.737008
0.529499
1.321163
0.064342
3.123006
-0.247627
1.923380
1.227571
0.065886
1.892924
0.237597
-0.302798
0.210497
0.363044
-0.137369
2.570189
0.345918
2.265939
0.914706
1.722480
-0.106623
0.535430
0.880903
0.348216
3.327986
0.298549
1.187778
0.913750
1.691623
-0.279023
-0.492539
0.901605
0.307301
-0.549760
0.572136
2.352448
0.506857
0.386295
1.063774
1.968247
-0.337485
2.845834
0.989251
0.442623
1.568544
2.020371
1.098903
2.531141
0.342030
1.076065
2.513238
0.750368
0.103549
-0.807791
-0.546956
0.552133
0.115391
1.498682
1.083758
0.481792
2.312069
0.613332
0.627085
3.485509
1.934817
-0.178015
-0.001347
1.462967
1.474488
-0.208790
1.105270
2.359525
1.501951
1.013194
0.032800
-0.393350
0.123017
0.910153
-1.127165
2.597969
0.521197
-0.213795
-1.068571
3.624582
2.150780
2.834043
2.060220
-1.082352
-0.525825
1.345726
1.478989
2.660687
0.722740
1.743345
-0.206419
0.973867
1.280781
-0.305842
0.045493
1.709480
-0.081659
0.905455
1.576845
0.560035
1.405395
0.493052
0.025282
0.883124
0.917315
2.047217
0.708236
-0.002543
0.566840
0.852040
2.120539
0.930681
0.917055
1.401671
0.358949
2.191760
2.243310
1.638130
0.605231
1.605282
0.560459
1.253043
0.686099
1.723643
2.454465
1.910716
1.163281
0.504736
1.339157
0.549672
1.676697
2.843310
0.378582
2.794467
0.692676
0.206772
2.182034
0.014012
1.172941
-0.169996
-0.177253
1.100385
0.088785
1.519000
0.956457
1.827528
0.371036
0.601804
1.798322
0.761774
1.444803
0.881828
1.431407
0.084186
4.053513
3.108963
0.253038
2.590430
-0.738481
3.440244
1.676958
1.519149
2.182948
0.479845
0.275120
1.593434
0.890062
0.486601
0.261231
0.787849
1.172868
1.514497
2.681823
0.739293
3.072965
0.194650
0.247505
0.900759
0.127074
0.490909
2.036197
1.063852
1.585607
-0.087150
2.102526
2.127762
2.811306
0.853363
1.572599
-0.781064
1.883034
0.389038
0.139111
-0.496719
0.809120
-1.107595
1.439301
-0.349653
0.139949
0.746230
1.472136
0.207421
0.413562
1.376631
0.463809
0.849574
1.896790
0.635878
2.431216
2.493237
1.411879
0.907459
1.229836
-0.412355
0.396275
1.476057
0.214386
-0.353613
1.492721
1.667112
1.385851
0.285057
0.090014
1.105641
1.043759
1.267765
2.519191
0.474361
-1.714693
-0.765467
1.024698
-0.490578
-0.348112
1.147840
1.522885
1.685942
0.099556
0.060738
0.861225
0.850977
0.925836
0.631162
0.359321
0.154988
0.766028
0.778642
1.582388
1.988438
1.181156
1.304921
-0.415326
0.123304
1.894365
1.520632
1.362836
0.696229
0.570269
0.335627
0.560346
1.960911
0.786071
1.578875
0.006507
0.334997
3.238854
1.033171
-0.670585
0.115691
0.427715
0.628448
2.209032
1.103824
1.674702
0.546491
1.132549
1.649400
0.374857
0.043498
-0.819840
1.436715
-1.065300
0.367998
0.211133
0.367495
1.451257
1.244021
1.359325
1.462314
0.987919
0.576110
0.187237
1.967128
-0.240107
0.276375
-0.008103
2.046578
1.507127
0.678334
1.385043
2.497517
1.296921
2.916080
0.691854
-0.413148
3.085215
0.038451
1.731467
0.293665
0.018635
1.339239
1.148097
1.627350
2.534075
1.902627
0.109996
3.183775
1.194307
-0.062348
1.088915
0.349046
-0.388666
0.432976
1.009516
-0.714212
-0.623127
1.738956
1.626170
1.090050
1.704594
0.209821
0.079972
1.113215
-0.273949
-0.416320
0.873931
1.052679
0.626698
1.206150
1.756615
-1.485454
1.801731
0.734312
-0.087981
-0.386798
0.329536
0.406160
0.518964
1.643421
1.865609
0.793386
0.446055
1.028559
2.011187
1.289707
1.316280
1.746705
0.545466
1.348680
0.408044
1.189816
0.773515
2.245077
1.249999
1.514444
1.333728
0.560543
2.505277
-1.156834
1.256957
-0.240856
1.365944
0.484858
1.265760
0.139477
-0.379062
0.185957
0.933472
0.294893
1.512345
0.898051
0.009254
0.491938
-0.731579
0.767793
0.450886
-0.786974
2.394483
0.329702
1.320751
0.806157
2.059296
1.355363
2.343038
0.949262
0.173360
-0.616098
1.714925
1.286362
1.278662
-0.127002
2.584572
0.912618
0.494882
0.975909
2.036870
-0.628800
0.625483
-1.243192
1.441800
1.622309
0.816775
1.019217
0.947012
-0.343100
1.836206
-0.501691
2.176064
1.231840
0.914935
0.410752
0.146576
3.144748
-0.615560
1.699167
0.165172
1.517939
0.307881
1.059219
0.975713
1.134849
1.517159
1.259443
0.979358
0.083185
-0.073910
0.604913
0.428414
1.569956
1.726473
-0.218091
1.400401
1.030738
0.678947
0.013727
0.474142
1.086511
-0.081435
1.704360
0.770314
0.109658
0.166558
-0.809057
1.670590
1.367756
-0.044733
1.417100
1.294265
1.305083
-0.188426
2.534947
2.090081
1.589929
2.083342
1.395565
-0.112241
0.609980
-0.574226
2.389212
3.099849
0.282594
1.730883
1.364525
1.746536
0.688580
0.669156
1.599910
1.245151
0.428118
1.925635
0.783705
0.701753
-1.098715
0.539109
0.807699
0.107141
0.321494
1.024285
-0.059179
2.840426
0.583660
3.159856
2.112583
0.689750
1.449777
1.420926
0.216688
-0.594107
0.931055
-0.169088
3.068502
-0.035816
1.590694
0.905688
-0.589638
0.660604
-0.855837
0.183781
0.734413
2.566122
0.886048
1.043442
1.049893
0.118578
1.113651
-1.244317
0.157439
1.095226
-0.789744
1.131342
2.231374
1.235180
1.441784
2.992346
1.046509
0.821072
-0.490925
1.519371
-0.175515
1.677332
0.611084
-0.027745
-0.754913
0.145577
1.647314
0.752352
0.919901
0.470216
1.139352
1.470680
0.644154
1.347297
0.932580
1.917414
1.925583
1.249310
2.585527
1.295971
1.215572
1.056006
0.094686
1.244451
2.353543
0.411983
-0.245131
0.774659
1.561292
0.129344
1.720091
0.707528
0.694828
1.199875
2.080275
1.104116
0.587025
2.573189
-0.224935
2.011710
0.147954
0.286830
0.314969
1.499962
1.561268
1.100478
2.700424
1.725288
1.512684
1.180684
1.846830
1.462556
0.065005
0.442523
2.032405
1.273826
0.890972
1.278697
0.815740
2.055125
0.826945
2.080886
1.297364
1.335011
0.952519
0.466656
-0.120295
-0.332692
2.340058
2.387038
0.989582
-0.246734
1.223348
1.150121
1.579315
2.425899
0.201996
0.553020
0.300330
0.450342
1.637408
1.578806
1.967687
1.475997
2.455133
0.335467
1.001699
-0.180737
0.919317
1.066473
2.808045
-0.184217
-0.108316
1.311200
1.668966
-0.141714
0.862278
1.677804
-2.305369
1.327445
1.446703
-0.546670
0.069257
0.628569
0.082668
0.459102
0.423063
1.932785
0.954908
0.816598
1.197480
1.060737
-0.482841
-0.754518
1.939959
1.272472
-0.625537
0.517765
2.252054
-0.773066
1.452106
