1000
2.094468
1.046485
1.600574
0.669008
1.652926
1.529904
1.299217
0.169890
0.880843
0.970093
1.006610
-0.016020
0.550393
1.630470
-0.568795
1.872454
2.013803
0.960611
1.281778
0.970320
-0.018134
0.676957
2.965527
1.901244
0.440214
-1.006047
0.370498
1.858733
-0.695127
1.613648
1.601062
1.683045
0.424011
-0.546368
-1.665783
3.739694
2.122906
1.814819
1.238693
3.658105
0.090103
0.599369
0.580621
0.955178
1.872626
3.334613
0.545523
2.274234
1.924424
1.381225
0.093510
0.530014
0.918581
1.019479
0.817237
1.005580
0.470869
0.509217
-0.066481
1.128499
1.729091
1.086816
2.493333
0.398264
1.457021
1.457826
-0.204431
0.510814
-0.283686
-0.001288
0.412464
-1.250450
0.791961
2.586943
0.803627
1.554792
-0.285829
0.571926
0.934704
1.285650
-0.197050
1.025657
-0.522483
2.057785
0.141608
0.977860
0.002531
0.986805
0.636377
-0.000479
3.108730
0.885507
0.850897
0.887520
0.471459
0.255493
1.134714
-0.509570
1.065526
0.677784
1.532912
-0.274526
1.411899
0.059455
3.158245
1.617204
0.882941
0.509151
-1.197473
0.180564
0.185144
1.294960
2.419729
1.138403
0.154442
-0.186208
1.295413
-0.062604
2.157458
1.553059
0.125492
-0.239499
-0.751449
0.293856
2.951771
0.613525
2.954458
1.455105
0.836393
1.246937
0.064303
0.017700
1.766616
2.526954
0.714464
1.565221
1.940841
0.784650
-0.169668
-0.654893
2.672585
0.988954
0.605614
0.355406
0.239924
0.614485
0.228117
1.132363
1.519251
0.254041
0.793779
-0.685851
0.722297
-1.320558
1.338900
1.312237
2.402270
0.274959
-1.066925
0.761620
0.499262
2.812688
0.724130
2.067456
1.129839
2.535314
0.026515
1.065884
1.673453
1.250154
-1.754375
1.762813
0.679503
0.808553
1.007613
-0.125053
0.993467
1.669951
1.729560
1.401090
-0.169734
2.626362
0.302412
2.008401
1.424799
2.427486
0.184486
-0.495922
1.498568
2.535868
1.319912
-0.815440
0.376278
-0.003313
2.423691
-0.532884
1.211377
1.581297
-1.415773
1.628702
0.604353
1.294093
0.602111
1.346977
0.234695
1.907184
-0.167500
0.517955
0.000014
0.965565
1.295138
0.345341
0.472603
2.544321
1.861571
1.323239
1.206602
1.052384
1.380144
2.153930
1.601336
0.976448
2.991525
0.850079
0.336183
0.343922
-0.738347
2.363842
1.117362
1.117832
0.080149
-0.480861
-0.223509
0.479645
-0.384251
1.681111
0.521922
0.270893
1.463185
-0.160201
0.249349
0.897102
-0.903538
0.548005
1.406487
-0.195979
1.634070
2.327941
3.169899
1.334152
-0.155802
0.582364
1.153657
-0.607215
2.675254
2.347247
1.972198
0.378915
0.459015
1.018334
0.744383
1.088762
1.499847
0.832383
0.972494
2.178141
0.676487
-0.499527
-0.079018
1.411558
1.069212
1.349544
1.112020
0.415861
-0.171161
1.443474
0.166018
0.688821
0.907303
1.313278
1.778765
1.116880
0.342247
0.267583
0.633194
1.216286
-0.220020
1.207554
1.685443
1.149456
2.202489
0.550142
1.149771
0.871719
-0.530170
1.776666
0.820470
0.668769
1.056319
-0.000324
1.669648
1.308719
1.558357
0.777715
-1.580310
-0.680711
-1.185339
2.207628
0.100640
2.562760
0.671041
0.202924
2.658892
-1.891114
0.196638
2.422662
0.094488
0.801022
0.687609
0.694011
2.260542
0.156746
-0.236335
-0.879565
1.789897
2.011388
0.411886
1.215608
1.049473
1.626095
3.452400
-0.066648
1.199611
1.781553
1.991503
0.731991
1.391373
-0.654402
0.139938
0.316094
0.484340
0.699528
0.326015
0.849496
-0.033073
-0.187590
-1.789716
1.307131
2.860764
-0.496621
2.020888
1.205504
1.353363
1.115937
0.987167
0.363141
1.170402
-0.104716
2.604262
1.679599
2.043365
0.770335
1.760518
1.843854
0.873674
-0.016171
0.819733
2.316866
-1.269726
1.514421
1.501480
0.667835
0.144422
1.600219
0.612855
0.449150
0.383173
0.443427
1.897763
2.425031
0.839394
0.430215
0.439229
0.246486
1.203957
-0.127735
2.617790
0.603682
-0.309748
1.035192
0.661160
0.093756
0.544519
1.014705
0.069618
1.140321
-0.847691
1.867569
2.490011
1.521461
1.188230
1.482508
1.731007
1.369498
-0.322340
2.117378
0.679765
0.901877
1.399055
0.398682
0.777787
0.758149
1.255231
1.333546
0.861019
1.742486
1.066039
3.211432
1.863226
0.842553
0.250669
1.158186
0.831372
0.383406
1.257178
-0.624213
-0.306041
0.364689
0.795846
1.384172
2.352775
1.244297
1.393551
-0.394454
0.339498
1.480827
0.374843
2.780017
0.461927
-0.096226
1.110034
1.470100
0.120606
0.847632
0.416121
0.826379
1.527444
0.246747
1.278473
1.852879
1.194495
1.990044
1.075463
0.961533
-0.007212
1.419331
0.740754
0.117204
2.685305
2.127774
2.227673
-1.481107
-0.443141
0.388976
-0.828025
1.393701
1.635351
1.671782
0.922834
0.719060
0.369788
3.533713
1.339662
3.653198
0.478123
0.460779
0.176251
-0.604152
2.315325
1.252193
0.796381
2.260394
1.256905
1.202074
1.731361
1.420558
0.078201
0.855625
1.200568
-0.381253
-1.106658
-0.424289
0.452590
0.172062
1.960808
0.658594
1.732882
1.267449
0.619470
0.635156
0.037984
0.655097
1.148892
2.322531
1.426256
0.255088
0.886525
0.528225
0.815429
1.982399
-0.847927
1.330025
0.191715
0.294941
1.616777
-0.795878
-0.709475
0.476295
1.072245
-0.522097
0.859969
-0.433345
2.025456
0.206778
0.134130
1.592630
0.098355
-0.069769
-1.141180
1.691790
1.439059
0.028810
-0.098951
2.383599
-0.039724
0.664061
2.519160
2.428493
1.872460
2.448492
0.348207
0.598236
1.109477
0.461904
1.543833
0.687480
0.867226
2.709945
1.128005
0.643690
1.503557
3.220328
0.372928
1.382287
0.661564
1.455675
0.561144
1.400058
0.854659
2.169378
1.388363
-0.223571
3.275773
1.805116
-0.044675
1.543273
2.186732
1.087877
-0.631243
1.190825
2.013098
-0.215454
2.136665
0.780237
2.348929
3.089478
2.421670
-0.230436
2.917386
-0.073734
1.566087
1.408999
0.073401
1.321346
1.319721
0.389410
2.247876
0.846053
-0.453089
-0.088033
1.998820
0.985894
0.123607
1.049780
0.156354
1.335445
-0.230666
0.360158
-0.033513
1.645862
2.057515
0.624613
3.408798
0.376181
1.750710
1.296364
0.666359
0.292695
0.939580
2.562914
0.435552
1.129819
0.888684
3.033860
0.657115
1.136680
3.450819
-0.717222
0.521251
1.151314
1.538694
0.295585
-0.291012
2.530694
0.395475
2.099448
1.423186
2.340412
2.498260
1.780260
-0.482085
1.626132
0.752308
1.474759
1.841860
0.700008
1.305428
0.692242
0.211464
1.238789
1.222959
2.056507
2.060473
0.488057
0.639513
0.987650
0.860137
1.158226
-0.176266
1.521138
0.596558
1.075260
1.865624
1.044582
1.083988
1.069115
1.216942
1.104772
2.044468
-0.365763
0.011750
1.086464
1.433595
1.009042
1.506134
3.063517
2.834989
0.742818
-0.197988
2.151532
0.831209
0.217162
0.453389
0.041304
0.272315
1.729861
0.386446
1.293251
-0.226637
1.393271
1.992974
2.880580
1.346203
-0.585496
1.649541
1.226895
1.092403
1.221342
0.929891
0.262355
0.665177
1.534442
2.826818
2.560657
-0.466896
1.757219
0.412516
1.215144
1.304705
0.411261
1.597916
-0.893734
2.405362
0.974924
1.345974
0.841254
0.784212
2.080546
-0.062292
0.794822
1.450328
1.900285
0.079723
1.222852
0.824214
-0.293639
1.830837
1.484439
3.015193
2.887333
0.093872
0.184154
1.019823
1.262811
-0.163555
1.138008
0.328024
0.200130
0.598847
1.792182
1.868831
0.172121
-1.082222
0.524494
2.625574
1.783040
-0.273311
-0.098279
1.083213
0.179701
0.258577
-0.385584
1.063700
1.738060
1.059013
1.201083
2.105676
2.458156
-1.176783
-0.463647
1.179735
-0.500726
0.922017
0.791820
-0.152491
0.064743
0.598106
0.369198
1.714425
2.274407
0.571581
1.106569
0.147078
1.616879
-0.319350
2.168778
1.636046
2.696663
0.357585
2.662862
1.359614
-0.478632
1.591891
0.966176
0.849147
2.184773
0.539634
2.086157
1.586627
2.095857
0.120902
0.903411
1.501774
1.073620
-0.315573
1.134222
0.840088
1.150779
0.593989
0.836807
1.519738
-1.098865
2.490840
1.123416
1.289505
1.601122
0.967314
0.560302
0.812779
2.300348
1.649364
1.009117
0.362638
3.098200
2.692248
-0.121693
-0.873012
1.485069
0.039082
1.532404
1.286133
1.639033
1.223816
0.650446
2.284062
-0.135326
0.226079
3.531671
0.664013
0.246908
-0.576949
1.655703
1.289389
1.717017
1.422642
0.838185
1.365337
-0.266387
1.736382
1.227620
2.790720
2.244572
0.810454
0.887291
2.579352
0.373066
4.076529
-0.203622
1.589643
0.110959
-0.084590
2.903212
0.145060
0.314277
0.769804
1.089039
1.445773
1.311152
0.614433
1.949800
2.090660
2.873778
3.034137
1.982566
2.979167
-0.078726
-0.264987
2.213752
0.065354
1.652012
0.758558
2.494411
0.791000
0.416800
-0.940767
-0.062846
0.611122
1.153847
-0.504020
1.552152
1.298003
0.406617
0.943934
0.863963
1.600221
-0.411037
1.713540
0.966654
1.380255
-0.051225
1.046823
0.974602
0.123589
0.879436
-1.073536
-0.314562
0.173992
0.570954
-0.569891
0.067952
1.057604
2.240156
-0.349866
0.995131
0.445087
-1.532558
1.900047
0.696546
1.639859
1.312933
1.902532
1.077835
1.795432
1.295433
0.497071
-0.993298
2.390617
2.326314
2.369779
1.261737
1.667007
0.757986
0.191999
0.278561
-0.040666
0.578236
0.934924
1.660652
0.409566
-0.061700
1.106015
1.424978
-0.455853
0.094195
0.321276
0.729027
1.637362
0.720855
2.990478
0.574317
0.941937
1.708464
0.174268
0.889414
0.664436
0.749033
2.858338
0.646054
1.601500
1.778504
2.147794
0.688093
-0.564074
-0.191786
1.028309
1.804249
2.000225
1.214753
0.125156
2.284004
-0.134038
1.669424
0.783587
-0.193871
1.037841
1.550504
0.589671
0.759794
0.737853
0.665620
0.524005
-0.289714
-0.648836
1.911140
-0.143425
-0.523167
0.794987
-0.538162
1.210770
1.596760
0.777245
1.243326
0.621035
1.748163
-2.018477
0.968931
1.125130
1.336170
0.847050
1.606144
2.338542
0.822870
0.609678
2.344089
0.537099
3.100331
0.410847
0.184227
1.529154
1.305150
0.753910
0.901605
-0.134127
1.185366
2.744543
0.668870
0.923286
2.495821
0.504437
2.371439
