1000
0.649975
0.454749
-0.436362
-1.162458
1.307940
1.364320
0.211747
2.812487
0.812299
0.558739
1.839798
1.623632
0.504358
-1.939031
2.847746
0.879392
1.162499
1.056137
1.573283
0.032178
-0.287266
-0.369826
0.469127
1.819638
1.109588
1.461995
2.315678
3.256774
0.724716
0.836144
2.129389
1.284828
0.866744
0.889876
2.216050
2.036370
0.811544
-0.680981
1.488154
0.466304
1.758398
1.255729
1.879568
0.956632
0.513767
-0.119053
1.747371
1.107849
0.440750
2.137474
0.599936
0.265936
1.496927
-1.265166
-0.450111
2.087432
1.536719
-0.035594
0.075754
0.300635
0.478149
1.351754
3.675490
-0.315017
2.650927
0.819871
0.519732
1.716344
-0.264802
-0.592050
0.436717
0.345517
0.297387
1.767242
-0.422944
-0.566992
3.124452
-0.272070
-0.200963
1.589693
-0.186809
1.281035
0.707837
2.007668
1.518796
2.958238
0.753035
2.362585
1.716144
2.428129
0.029954
0.452951
0.221961
-0.466502
1.414342
0.789065
1.848095
0.428180
0.454466
-0.306191
2.062210
2.050035
1.262398
1.674058
1.427702
2.052119
-0.233640
1.209663
2.545139
1.125710
3.389649
0.728067
1.438378
-1.116068
1.422791
-0.033267
0.943855
1.669514
1.742593
3.051270
0.479507
3.050028
2.664891
1.523705
0.168640
0.176211
2.344947
2.216988
1.411774
-0.890760
0.385592
2.224056
1.029482
-0.828824
2.479513
2.579142
2.418696
2.272176
0.754399
0.477330
1.253547
-0.236219
0.888268
1.214884
1.567124
1.133153
2.997561
0.007442
0.893758
-0.311424
1.374544
0.097345
0.788868
1.657065
0.939369
1.501099
1.021934
-0.187512
0.230924
0.965504
1.307846
1.825169
1.998029
1.788125
0.815948
0.777248
1.564808
0.713781
1.623723
2.113917
2.509338
0.378865
0.507577
1.142029
1.279156
2.687910
-0.678149
2.674600
1.946738
0.902563
0.033866
0.836595
0.115022
0.632023
1.515479
0.136331
1.037822
1.847596
1.214087
1.027813
2.223489
0.452138
0.820871
1.984138
1.354654
1.109446
1.805474
1.921839
0.218832
2.654429
0.176588
-0.527789
0.359885
-0.136730
0.262288
0.041080
0.389398
2.366997
2.045152
1.163724
0.212037
1.089048
0.244284
0.870749
1.040658
0.030964
-0.309304
1.755628
1.216705
1.028597
2.269820
1.117984
2.047748
2.368437
1.043163
-1.322058
2.022177
0.477879
1.645924
0.064334
-0.633101
-0.580342
-0.674467
1.573787
2.855559
1.464570
0.854819
0.534183
2.782896
0.301077
1.189790
3.306103
0.241952
-0.384150
-0.897578
1.723463
0.792624
1.198586
-0.220674
1.888725
1.059146
1.492916
1.130192
-0.185061
0.578876
1.078646
1.973907
3.273526
2.352637
2.445337
0.913552
1.664785
0.974840
0.361808
-0.892202
1.624219
2.100124
1.000127
0.516219
-0.621369
-0.229708
0.561815
1.410318
0.702281
-0.749206
1.961793
2.768689
-1.003122
0.204220
1.398880
1.082685
1.281774
1.264415
2.324489
0.859802
0.357774
1.427539
0.984959
0.412328
2.392821
1.108282
2.639356
-0.131678
1.498650
-0.338252
1.254347
2.271524
1.049048
1.008735
0.906907
2.914926
1.694959
0.404065
2.708537
1.342449
2.333352
-1.040062
1.821226
1.819391
3.039381
-0.610458
-0.096381
2.430143
1.083878
1.301303
0.642054
1.280180
-0.085823
1.605489
0.629271
1.063585
0.574363
1.942164
1.731724
1.212005
0.909787
0.638502
3.301732
1.544383
1.036829
1.476882
1.214948
0.445234
2.080626
-0.852721
0.875237
3.595672
1.441414
-0.503724
1.764363
0.124617
0.262349
2.407771
-0.621471
1.312810
0.543614
1.799676
2.117346
1.745091
1.119777
1.940768
1.209848
1.040234
0.253425
0.519545
0.758658
1.842210
0.610828
0.938269
-1.732291
1.050406
1.587947
1.490641
0.353808
-0.064282
2.013303
1.360759
0.194164
0.881068
1.620725
1.462850
0.412512
1.448751
1.523058
1.284404
2.195408
0.522699
1.040451
0.434601
0.537091
1.148777
1.617435
0.817050
0.167461
2.135222
0.411931
-0.073306
0.819133
-0.208013
0.733125
0.071307
0.472456
0.986895
2.833058
2.056020
2.399379
1.350435
-0.326445
3.279135
1.560091
2.118635
0.879423
0.884972
1.762380
1.331548
2.031222
1.079538
-0.276602
0.795804
0.371464
0.367646
1.061018
0.762530
1.721843
0.672504
-0.276407
2.077260
1.965341
1.136261
1.126865
-0.751994
1.032165
1.487468
0.891899
-0.345766
1.076363
0.661925
1.572218
1.325877
0.712225
1.406700
-1.014269
0.825102
2.347889
0.246148
2.096993
1.295007
1.620268
-0.538275
2.444451
1.012993
1.865487
1.491294
2.232378
1.655967
1.911279
1.881746
1.171620
1.553135
1.433930
1.196255
2.124306
0.788198
2.976399
-0.057214
0.854231
1.465577
1.474885
-0.163501
-1.433922
0.310686
0.632507
1.403263
1.098777
-0.400496
-0.249856
1.665620
2.334782
-0.422302
0.587374
-0.303031
1.448008
1.539512
0.547551
0.381223
1.868815
-1.066182
0.414620
0.711509
-0.022212
-0.864866
-0.298537
-0.180535
0.399815
0.338983
0.967372
1.292819
0.380865
0.931027
-0.033026
1.872390
0.530713
0.528204
0.432429
0.858567
1.217503
-0.734473
0.880009
1.304025
1.744041
0.947471
-0.463875
-0.440835
1.760743
-0.939461
1.032662
0.562535
0.637790
0.947370
2.193543
0.396131
1.692648
0.766026
0.600386
1.573717
-0.808196
1.529750
1.291430
2.114745
-0.246088
1.691461
0.940182
0.153957
0.599956
0.336066
1.588514
0.238526
0.299992
1.194455
1.068256
1.489571
2.214834
0.260457
1.955350
2.050961
0.588884
1.372778
0.790574
0.916249
-0.131732
-0.809135
1.617140
0.679638
0.838247
1.792523
2.469460
3.150225
1.815783
-0.340655
0.807413
0.889044
0.443056
0.524001
0.499418
1.224401
0.329395
0.527668
1.154190
1.693274
1.360083
1.634835
1.850045
1.662166
0.365900
0.502593
1.441283
2.354697
2.361158
2.861850
0.906987
3.562177
1.358507
-0.938658
2.491843
0.122838
1.388233
2.830302
0.139932
1.301137
1.596688
2.473795
0.700261
1.079671
-0.289319
1.704364
0.810321
-0.829377
1.062413
0.243392
0.635652
1.374815
1.109666
1.471412
2.277309
2.009532
1.178190
1.775763
2.087188
-1.028001
0.738732
1.619352
1.067768
1.548324
0.412464
-0.249194
2.465340
1.638735
-0.237729
1.153838
1.606047
1.460861
0.240059
0.324473
-0.156678
1.233035
2.486406
2.991191
2.267420
1.248737
1.234699
0.820548
1.331886
-0.684103
0.547648
1.044710
-0.117832
-0.250059
0.187018
0.761385
2.670450
0.789239
4.368782
0.064993
0.852884
0.885707
-1.085782
2.056190
-0.540473
0.738144
0.607355
1.134467
0.191250
0.038682
1.035217
2.066728
1.987764
0.464535
0.844122
1.914478
0.821337
-0.213427
1.449988
0.976731
-0.170112
1.604997
1.571424
1.331991
0.564297
-0.229064
0.232356
1.068156
0.875693
1.307473
2.096437
1.467543
1.039278
1.493549
2.399583
2.907364
2.724851
0.055292
-0.552479
1.280414
1.590028
1.458900
0.379751
-0.049734
0.873130
-0.749134
0.043963
-1.254637
0.585021
-0.491450
0.288642
0.053527
2.746296
0.103836
1.881718
0.553630
0.167999
1.477435
1.052733
1.041846
1.241155
1.754019
0.691640
3.284309
1.507914
1.087721
0.669880
0.161778
0.386086
2.685573
2.179017
1.223607
1.830048
0.469125
2.168272
0.981861
0.322226
0.891490
2.323300
2.302788
0.182229
-0.160025
2.749105
-0.431209
0.018978
0.283470
-0.608164
0.752082
0.935881
1.278223
2.209851
1.487806
0.046430
2.047198
0.758167
2.273797
0.663704
1.528560
-0.367546
3.176031
1.131613
0.522318
1.908003
0.329540
0.774015
0.204115
0.881115
-0.275925
1.231852
-0.906889
1.111837
1.497577
3.168985
0.765512
0.465003
1.194298
1.514847
2.574856
0.868845
1.471673
2.664230
0.180987
0.482865
0.891095
1.787971
0.745059
1.710863
1.013179
0.669120
0.697980
0.918825
1.643654
-0.432570
1.546754
-0.587508
0.586851
0.496101
0.653356
0.904464
-0.483313
0.933899
0.420260
2.402944
1.673372
2.084901
2.301377
0.261427
1.211710
1.813455
1.516184
1.366568
1.600518
0.542919
1.167210
0.697134
1.013728
0.277980
1.984932
-1.493523
1.468577
1.137333
1.955343
0.229157
1.584760
0.507297
0.197702
1.806304
2.120336
0.623225
0.812075
2.232449
-0.186428
0.974636
0.946994
-1.071874
1.793294
0.834555
-0.295541
0.670634
2.103106
1.216578
0.287084
0.575361
1.214065
0.597164
1.878995
-1.574145
3.541973
0.118641
1.658340
0.497514
0.697722
0.448221
1.413643
0.766967
0.795902
-0.197365
2.406034
2.607320
0.102895
-0.254394
0.677337
0.337750
0.578146
1.393318
3.372041
2.008881
0.753290
0.337207
1.693507
0.017437
2.704497
1.255069
1.823792
-0.050353
1.450639
3.980749
2.069233
2.046045
-0.001375
0.062339
-1.374570
3.123151
0.370315
-2.275676
0.744920
1.380156
0.712099
1.797897
0.484793
-0.143540
0.569564
1.874296
-0.420795
2.030771
2.027846
0.547367
1.099775
1.154143
-1.008214
1.839717
0.990766
2.204178
0.182763
-0.278395
2.290676
1.755765
-0.184496
1.294252
2.809640
1.888992
0.274127
1.142736
1.451173
0.924439
1.221084
2.056430
2.099771
0.223930
0.573745
3.513564
1.426389
0.220377
0.917834
-0.405299
1.492835
1.438832
1.422828
-0.157910
2.161676
2.053232
0.503484
0.935444
0.989615
-0.598673
0.861366
1.100940
0.713722
0.580190
2.157603
0.914118
-0.984099
1.549702
1.097795
0.838367
1.926340
1.844916
-0.140009
0.232256
2.049874
0.782395
1.852416
-1.751945
-0.210835
1.998342
0.825193
-0.147962
1.797172
1.627277
1.203868
1.511127
0.835683
1.631971
1.117135
2.921669
-0.962268
1.235708
0.709141
0.521405
2.512288
1.150307
1.531946
-0.031887
0.847037
0.045683
0.212353
0.958151
0.528213
0.433052
0.473756
-0.395160
0.931105
2.155716
2.089767
0.909108
1.091089
0.104336
3.332160
1.441578
0.220204
0.570639
0.126881
2.537612
1.646430
0.439472
0.686780
0.811711
0.952053
2.480856
-0.062411
0.097012
1.730144
0.968916
1.073920
1.328598
2.002066
1.380015
-0.028373
0.832802
0.507292
1.372624
0.649730
-0.471723
-0.813183
1.537020
-0.397333
2.329260
2.440893
1.421288
0.679837
0.496110
1.030618
0.004251
1.930237
0.472960
0.953120
0.086473
