1000
0.292407
2.423319
0.317702
1.654724
0.446744
2.310456
1.811100
1.081129
1.049679
1.597999
0.417745
2.033258
1.627617
1.163974
1.599402
1.881749
-0.298482
1.445690
1.718436
1.498966
1.589617
0.608046
0.744669
1.241291
1.717264
2.602800
-0.117447
1.015915
0.723050
1.588339
1.132061
1.324744
1.581868
0.660456
0.803692
0.768246
1.354337
0.339153
0.174247
-0.333436
0.198205
-0.749986
1.621521
0.122022
1.171921
2.739254
0.494639
-0.026720
0.191559
1.438788
-0.329606
1.787308
1.984930
1.560083
2.635323
0.264303
1.835537
-0.332940
1.143988
1.731057
0.434325
1.589303
1.484048
1.557344
0.100348
2.265854
0.957990
1.761113
-0.176957
0.416052
1.504124
-0.730145
0.762741
0.774770
1.085744
2.038643
0.926684
0.092163
-0.805909
1.918391
-1.633632
1.776795
-1.319304
0.498615
1.928134
-0.339117
2.185408
3.514344
2.006416
0.786624
0.773913
1.019044
0.212550
0.608862
-1.463346
-0.467534
1.053985
0.956967
2.222569
0.855120
0.613325
0.547391
0.776883
1.484327
0.230213
1.437841
0.379229
0.830492
0.074631
0.490364
2.663130
2.068739
0.527950
1.500770
1.910130
1.678802
0.523857
-0.285804
-0.069469
0.055116
-2.122623
0.463832
1.078445
1.604575
1.763457
1.855122
1.144425
-1.096806
1.094326
1.406035
0.844205
1.019198
1.511023
-0.698088
1.645301
0.191129
1.954528
2.251345
2.346247
1.066448
1.531079
0.548383
-0.385307
0.773510
0.814060
-0.858337
0.322083
0.146153
0.077835
2.172154
1.002233
1.014358
1.267415
-0.740065
0.413795
1.445022
-0.946724
0.595565
-0.077642
2.277604
1.268311
0.930214
0.449558
3.382540
1.220925
2.029550
1.519552
0.761217
-1.025570
1.125557
0.027624
1.670948
0.723036
-0.345006
1.190258
1.168744
0.155683
-1.311913
1.571316
2.328044
1.051410
1.518803
2.669326
2.139856
1.951757
1.453388
1.575364
0.870755
1.507096
1.149848
2.829262
1.213864
2.087941
0.972054
1.387841
1.890097
0.130295
2.362360
1.822620
0.692770
0.409733
0.627884
-0.006812
0.341456
1.876108
2.129951
1.338200
0.741061
-0.151883
0.686855
1.195298
0.242823
-0.563323
-0.279113
2.272734
1.119179
-0.104240
0.704036
-0.240253
0.967842
0.856484
-0.032201
2.059546
0.917689
1.255691
1.036876
1.659671
1.040440
0.461925
2.147695
0.898370
1.599929
1.385023
2.634512
2.250033
1.152556
0.659843
1.697667
0.173185
1.196313
0.296140
1.164185
0.528266
0.602488
0.578949
1.262480
1.771251
1.700709
0.903528
0.280636
-0.212964
3.522506
1.405739
1.176248
1.268676
0.317545
1.448628
-0.733752
2.343838
1.314173
1.425835
2.860168
1.324505
1.003147
1.781080
0.176095
1.257573
1.825301
-0.277112
1.736308
-0.347457
0.650458
1.228998
1.772046
0.033758
0.220686
-0.686589
1.800075
1.407125
1.373340
0.241591
0.555462
1.839461
0.574550
0.926170
2.091297
1.612448
0.105033
1.416248
1.026245
1.574495
2.338520
1.270123
2.568642
1.322907
0.997341
-0.079707
1.091263
0.369402
1.956825
2.454785
1.317247
1.953697
1.880177
1.459693
1.402057
1.655621
1.416968
-0.343199
0.816444
2.116826
1.499441
1.528555
-0.333209
1.840327
-0.082446
1.615969
-0.906447
2.166321
0.944729
1.378540
0.164610
1.649062
1.702328
0.861862
-0.508772
-0.323368
0.771854
2.560465
0.688079
0.462375
1.950639
0.401251
1.899657
0.840161
0.666417
-0.746845
2.422219
-0.385358
-0.159810
0.068117
1.316204
0.684215
2.723720
2.217561
1.482251
2.332749
1.182006
2.741499
0.572458
0.809519
0.516383
0.745308
1.549685
1.546236
-0.084306
2.500316
1.102505
1.379563
-0.707769
1.046248
1.058280
0.011688
2.237113
0.525185
0.153621
0.983950
0.435240
0.949432
-0.449862
1.354573
0.666534
-0.123197
1.790748
1.583784
-0.977747
1.473542
1.130089
1.403822
1.281942
0.623771
1.757820
0.357118
-0.288952
1.489754
0.961513
0.600861
1.543055
0.304188
1.009811
2.282106
1.300583
0.934755
0.157491
1.890680
2.199158
2.402867
1.510339
0.291884
2.562465
0.598692
2.415809
-0.962812
-0.433016
0.928758
0.630884
3.270668
0.732820
4.287894
2.246418
-0.600120
-0.224604
1.615020
2.894218
0.790409
0.524049
-0.588098
0.549149
0.944289
0.482541
1.849964
-0.707300
-0.477298
1.853994
0.058779
0.765765
1.138208
1.655268
2.917159
0.130953
2.247702
1.790675
1.599564
0.450900
1.373131
0.331016
3.007538
1.496281
1.405810
0.872719
0.023622
1.847159
0.737268
-0.693966
1.629832
-0.077048
0.190349
1.115302
0.723636
0.792936
0.339826
1.506818
3.573536
2.915557
0.954603
1.395593
0.162777
-0.859839
-1.570388
-1.100416
1.268462
0.012053
-1.477520
1.430619
-0.378681
1.303200
1.428666
1.865392
0.647884
0.332226
1.131063
0.929762
0.514769
0.920439
-0.243109
2.165473
3.216369
1.324732
0.201655
1.117657
0.605136
1.129334
0.494691
1.378822
0.331273
0.479021
-0.424577
0.040852
2.180559
1.044382
0.810194
0.591464
2.112688
1.147571
2.162505
0.646608
1.363741
0.756028
1.857503
0.941456
0.235044
1.778359
1.452769
0.748642
0.615486
1.066591
-0.091311
1.721930
1.825428
0.798530
2.113864
2.480241
1.082467
1.085793
1.008569
-0.528997
2.098947
0.134442
0.111918
0.782706
0.136267
-0.495185
-0.566116
1.310764
2.135322
2.717999
0.913350
-0.242598
1.021070
2.308595
2.179373
1.637797
3.031995
0.793423
-1.105499
0.814431
0.092737
0.168333
1.228372
2.034019
-0.648861
0.520508
1.236924
2.731493
2.187326
0.436505
0.958020
0.820375
-0.467405
0.086562
1.289421
0.966807
1.876290
-0.512953
0.276141
0.517992
0.090528
1.414569
2.226781
0.632458
2.692560
0.908073
2.435231
1.774285
-0.115037
1.616843
0.516230
3.437277
1.250488
1.384310
0.992857
2.520079
2.655409
-0.314968
-0.160171
-0.167898
0.224493
-0.050337
1.008884
-0.173828
1.598923
0.376976
1.332562
1.416575
-0.348948
0.702887
1.152685
2.387595
1.744386
1.779195
-0.501758
-0.461374
-0.024574
1.273342
1.659311
1.820830
0.776653
1.744956
0.635780
1.844584
1.289820
1.365837
1.867659
1.036893
2.667961
1.773645
1.007636
1.485387
0.377943
2.248185
0.866844
0.221409
1.201027
0.694552
-0.223459
0.474669
0.966254
3.533169
0.202657
1.883344
0.768231
1.419295
0.549923
0.877339
1.206498
0.820875
1.247743
-0.668145
1.984772
1.948682
-0.182588
1.796018
1.743061
0.039224
-0.589761
0.586735
1.709441
0.526676
2.349132
-1.201323
1.507286
0.532022
1.244068
2.456872
1.743420
0.659080
-0.406227
0.720214
2.136521
0.069576
0.586648
-1.855396
0.938137
0.632662
2.320371
0.860396
0.313317
0.422382
1.048581
0.499552
0.415251
-0.178006
1.917003
0.684167
1.061895
0.428575
-0.609822
-1.556446
1.534711
2.004017
0.464634
0.822133
-0.120820
0.287680
2.503787
1.703434
-0.857013
0.190126
0.341686
0.235074
-0.473188
1.430380
0.606701
-0.250566
0.784417
0.892148
0.654394
0.803838
-0.408772
1.029815
1.008036
0.904634
0.329366
0.761506
1.386589
1.566887
2.028772
2.054338
0.741027
1.067383
1.591852
0.591758
0.316300
-0.743378
0.912843
2.606388
1.636422
0.984588
0.729360
1.300520
1.514722
0.847498
2.297544
1.284946
-1.193958
1.213737
1.060233
-0.442731
0.359717
0.295807
0.731114
-0.281592
0.297330
-0.936835
0.782499
1.805216
0.353318
1.087494
0.706839
-0.618002
0.968488
-1.077288
0.735124
1.563767
1.574292
1.077774
2.275323
-0.702480
-0.475536
0.398825
0.623691
1.366553
3.595740
0.605410
-0.991927
2.608536
1.228492
-0.023992
0.701870
-0.618965
0.466280
0.778645
1.270101
0.973922
0.847952
1.561932
1.420831
1.904177
3.151865
3.854520
1.326454
-0.012976
1.316637
3.176271
1.060065
-0.259501
1.425824
2.831225
1.511226
-0.037995
2.122181
-0.783064
2.069324
1.697669
0.520935
0.706091
0.987352
1.619726
2.249030
0.765088
0.835233
-0.260981
1.274023
0.690809
-0.781276
0.273707
2.288496
-0.471879
-0.211789
-0.509359
0.320767
0.120532
0.524526
0.088691
2.592293
-0.512377
1.743404
1.347799
0.913221
1.023734
-0.307183
0.332701
-0.578835
0.844403
1.446548
0.107618
1.442466
-1.160362
0.063300
1.210592
2.778539
0.801951
-0.289811
-2.154307
0.518466
0.766590
1.420357
1.698007
-0.775053
0.308365
1.741333
1.816395
0.571116
1.623169
-0.971749
1.846811
2.791169
2.128426
-0.471687
1.482510
1.647039
-0.190553
0.530433
1.211261
1.153759
0.658529
4.254938
-0.056969
0.756582
-0.440538
1.478200
0.391945
0.558240
-0.571034
0.685283
1.030468
1.187697
-0.815075
2.888314
1.478991
-1.428688
1.515904
2.295254
-0.502169
-0.271174
2.577620
3.142213
1.038240
0.920969
0.619195
1.798847
0.041767
2.615175
1.966117
-0.208053
0.294088
1.834840
1.010831
1.635646
-1.138539
1.696416
-0.177909
-0.684004
1.294274
1.031885
2.107116
2.122843
-0.039723
3.282459
0.651788
1.327061
2.323386
0.010523
0.614170
0.948209
0.595063
1.967113
-0.643489
0.218130
-0.400532
0.730667
2.526004
1.725226
1.739165
0.535393
0.673655
-0.736401
-0.416075
1.819395
1.675237
2.121605
0.988210
-0.020690
1.119648
1.215709
1.151766
1.353704
1.308983
0.864381
0.588094
1.090934
0.115715
1.372189
0.315762
-0.079014
0.559746
1.986197
0.613609
0.944831
2.380445
1.421279
-0.578656
-0.444732
1.779955
1.020105
0.315189
0.865176
1.974320
1.559213
0.959569
-0.782946
1.095964
-0.313452
-0.054713
-0.058813
1.141490
2.848088
2.462327
-0.779677
0.124653
0.904035
1.670353
1.163276
2.086027
0.390278
0.691870
-0.561229
1.975793
-0.051195
-0.704995
3.291070
-0.166387
1.686276
2.763256
1.259657
1.099031
3.848676
0.320552
-1.413611
1.355311
0.274458
1.258917
2.679460
0.535627
2.897734
-0.135361
1.150410
-0.298483
1.629911
-0.725038
1.014691
-1.419008
-0.387821
0.960507
0.543703
0.770774
0.585769
0.123456
1.855378
2.339472
1.627862
2.321981
1.625516
0.619434
2.587407
1.369370
2.988456
0.523276
2.044989
0.622276
0.495614
1.298469
-0.807368
0.072930
0.730488
0.421739
0.306160
-0.503386
1.755841
1.825853
