1000
-0.523325
-0.704558
-0.738663
0.930004
1.526490
3.737276
1.245758
1.206335
3.078039
1.871453
2.343717
1.876884
-1.053605
1.087418
1.634747
0.820628
1.174170
0.248606
2.322337
0.813944
0.971068
0.541781
0.576748
1.175756
1.381971
2.025771
0.573495
-0.852693
2.061535
0.433546
0.771809
-0.493172
1.247742
0.829661
-0.693807
0.558196
1.698736
0.538841
0.310532
0.360472
0.331118
0.842292
1.382538
1.372846
-0.221535
-0.736285
2.406729
2.045437
1.323984
1.458757
0.899554
0.336622
0.655429
1.092160
0.058735
2.380581
0.689532
0.907803
0.134597
0.538793
0.495918
1.237045
-0.693401
0.712639
0.436429
0.965243
1.232359
-0.540066
1.124310
0.715231
1.954103
2.658910
1.725009
2.166426
0.820120
-0.191862
1.290423
1.485454
2.386011
-0.423459
1.226492
0.480264
2.119028
2.596024
3.740393
0.425284
-0.387475
0.548446
-1.539472
1.663917
3.077289
-0.074045
0.123965
0.421565
-1.508972
1.905306
0.520830
0.056738
2.578160
0.368364
1.468321
-1.055596
1.413466
1.633149
0.345473
0.355000
1.562134
0.187362
1.830491
1.798179
1.896033
1.478705
0.464465
0.065748
1.449349
2.561624
-0.521481
0.193472
1.035410
1.542289
0.761285
0.389717
1.411073
0.468452
2.557374
2.890038
1.271392
1.028716
2.568083
1.821154
0.383536
1.789709
0.382516
1.062575
1.146176
0.346409
-0.123423
2.845827
1.270487
2.105142
1.328226
0.513533
-0.400393
0.261490
3.143929
1.802790
0.658796
-0.006550
0.459605
1.442898
0.262036
1.069835
0.471368
-1.120457
1.363216
0.049254
0.230484
0.700403
0.413224
0.298880
2.598125
0.402962
-1.330509
-0.146289
1.116461
1.742584
1.038974
-0.300227
0.271952
-0.603106
0.047859
0.090968
0.869816
0.123686
0.472739
0.238273
0.319616
2.308062
1.549896
0.208952
3.298494
1.767424
1.839881
-0.904917
0.742484
2.855238
0.659249
0.235049
2.225436
1.148465
-0.395370
0.012476
1.200334
1.923128
1.533710
1.903358
1.033073
-0.790635
1.409814
0.677516
0.400276
0.678175
2.867049
0.418622
2.122092
-0.400653
-0.177153
0.872721
2.220295
-0.157422
0.345733
2.542412
0.117983
0.921260
-2.423505
1.558862
0.902398
0.259900
1.382037
-0.481572
1.620667
-0.507675
0.674642
0.722701
1.204612
0.165578
1.657472
0.349162
1.172610
1.791233
1.675307
1.057357
1.909788
-0.002311
0.888677
0.177965
-0.654208
0.674262
3.403576
1.198294
2.158303
0.185003
0.766784
0.899377
3.749827
-0.044529
1.701244
2.280874
1.462227
1.950463
1.003896
-1.847361
0.301687
1.231937
0.161550
1.393269
1.840438
0.402382
2.716210
2.227616
0.088856
1.071408
1.405457
1.296079
0.080715
1.565104
1.910484
0.526107
-0.049989
2.005350
2.267936
0.984715
0.680443
-0.589125
-0.148183
1.455358
2.391604
0.107227
1.930222
1.974128
1.398926
0.684223
0.522555
1.128301
-0.700054
0.591219
-0.210991
1.425265
1.766941
2.050863
0.348254
-0.105304
0.787886
1.438347
0.383111
2.691580
0.581803
1.945858
0.743610
0.049770
2.491028
0.743775
1.423307
-0.539423
0.325447
0.841481
0.589113
0.770487
0.663392
0.833210
2.047810
-0.305950
0.725868
-0.246244
2.832132
1.576774
0.153159
0.220186
1.075628
1.797306
0.797561
1.061589
1.357793
2.149622
0.701288
0.339029
1.032457
0.823024
1.833867
0.180651
1.983621
0.273856
0.198645
0.280468
0.663583
1.899672
0.484920
0.729958
2.224829
0.883105
-0.099430
-1.120351
0.254481
0.774817
2.664995
2.377079
2.214314
1.266360
-0.016701
1.929087
0.532687
0.786518
1.683748
0.968392
-0.520078
1.551725
0.979560
1.469314
0.208775
0.453165
0.603293
0.728280
0.777323
2.269863
3.335297
2.615674
1.566813
2.214495
-0.115421
0.008169
1.966883
0.790744
0.315434
-1.949974
0.151595
-0.060610
0.754579
0.642652
0.679232
1.406900
2.068623
-1.776010
0.539086
0.422024
1.038793
2.132203
0.234015
1.043316
0.246139
1.775329
0.270818
-1.687082
1.685775
-1.391812
0.445136
1.241845
1.766592
1.525497
-0.090163
0.519707
0.213714
2.349417
0.196575
0.726128
2.403594
1.171000
1.736196
1.925934
0.580060
2.406705
-0.314664
2.382747
0.702229
1.067425
0.654413
0.439443
0.640715
1.913734
2.199703
1.539641
-0.266366
0.749817
1.418150
0.219526
-0.669277
1.429412
0.676627
0.975681
2.215526
0.091084
0.781246
2.067471
1.770083
0.825950
1.081061
-1.261328
-0.252463
0.382470
0.851492
2.306346
1.929979
1.815420
0.200930
-0.580253
2.743347
1.097556
1.281999
0.686991
-1.163510
-1.172740
1.494798
1.027679
0.846101
1.476690
2.634521
-0.241789
1.677002
0.051618
-0.148863
2.609337
1.504496
-0.948089
2.938404
2.183689
0.163095
1.522811
1.570657
3.035352
0.839642
1.575001
-1.563278
1.505438
1.009099
-0.301115
1.314202
1.833820
-1.416629
2.772955
2.171089
2.649562
1.387166
0.175330
2.179697
1.707160
1.430540
-1.495857
1.186130
1.647223
1.813331
1.353541
1.341426
1.643162
1.662868
1.186017
0.619565
0.477028
0.823090
1.868309
1.464658
2.828614
0.898311
0.963478
0.065901
2.433288
2.093555
1.519438
2.010273
0.893767
-0.901107
-0.065411
2.715253
-0.422151
1.269460
1.890912
0.897668
0.303361
0.838125
2.809529
-0.205990
0.842655
2.407085
-0.302155
1.820391
0.889231
1.052213
0.473192
1.013666
0.009054
0.462663
-1.016791
2.164219
1.603438
3.518821
3.210076
0.758419
0.661427
-0.451235
2.640169
0.857873
2.743833
-0.384261
1.708047
2.112362
1.896486
0.463527
2.032225
0.281918
0.576141
0.060012
1.873164
0.464854
-0.953442
3.607909
0.908017
0.405736
2.620186
1.904168
0.555043
0.895955
-0.301644
1.313860
2.574081
2.166466
1.684200
-0.033498
2.440316
-0.923840
0.312328
2.015002
0.675336
-0.869144
0.650818
-0.218004
0.260300
0.098506
1.313840
1.827319
0.914617
-2.040504
2.367251
0.009464
-0.175057
1.374634
-1.839488
1.709879
1.157461
0.269505
1.451895
1.044250
2.393104
2.378406
1.052207
2.358815
1.900643
0.686465
0.581529
1.083193
2.275305
1.675639
-0.511451
2.077881
1.663721
0.395802
2.187677
0.055762
1.090171
2.254708
0.130205
1.044881
0.568889
-0.220333
1.560260
0.730667
1.451378
0.900683
1.305002
0.125178
1.928769
0.449759
0.163453
0.980983
1.250582
0.330897
0.461953
1.187180
0.107875
0.367919
1.413377
0.630043
-0.202525
0.736409
1.187074
0.801287
0.510787
1.658152
1.442477
0.786198
0.221881
0.417960
0.788992
0.130350
-0.325109
2.202739
1.413636
1.926291
2.605392
0.972545
1.371625
0.668500
0.261787
0.365952
1.965417
2.848073
0.380381
0.444048
1.525751
1.769261
1.122846
2.748163
0.656610
-0.164271
2.689547
0.893015
1.562873
2.595732
0.488138
2.042143
1.504844
-0.448177
0.411668
1.387948
-1.938129
0.629821
1.831245
2.806888
1.926737
2.507905
0.271192
0.092050
0.216734
0.910731
0.566406
0.683250
2.225694
1.150546
-0.459836
1.401332
-0.189574
0.594465
1.973846
-0.138269
1.294328
1.972571
0.025813
-0.362463
2.537377
-0.156465
-1.101042
0.828828
0.759025
-1.435421
2.053932
1.129729
1.660105
0.389307
1.608189
1.455691
1.190507
-0.179746
1.588634
1.905943
0.232589
-0.356697
1.018466
0.750561
1.516623
0.809087
1.893167
1.340701
3.473704
0.652573
0.292580
1.283869
1.303809
0.595775
-0.025511
-0.390580
0.608742
0.807516
-0.069173
0.352528
1.675679
0.767122
-0.483079
2.422542
0.811621
0.160803
2.106993
1.228402
1.225653
0.984675
-0.233019
1.542273
0.993682
-0.505975
-1.341945
0.917107
0.406901
1.213049
0.263626
0.625943
2.590644
-0.204226
1.279053
0.424020
0.934121
0.331796
1.540609
2.159434
1.061502
1.913926
-0.072346
1.947743
0.228838
1.284367
3.220163
2.140026
-0.549796
1.117130
-0.172652
1.215206
1.797665
0.549943
1.516864
1.846112
1.480137
2.113583
1.441368
0.329798
1.569688
1.550688
0.079431
1.849804
2.569062
1.959263
-0.552970
1.197234
1.849132
1.185035
1.853136
-1.721271
1.054487
0.912061
1.100123
2.953676
1.151927
0.898278
1.228768
1.023532
1.254213
2.064068
2.188917
1.610716
0.915076
1.017823
0.977197
1.406963
-0.407317
2.266217
2.101715
1.770449
0.219749
1.031808
0.860230
2.802864
0.844329
3.141568
1.177163
1.135372
2.515590
0.138508
-0.547777
0.872812
2.323730
1.180415
0.861996
2.485831
-0.259489
0.838392
1.155796
3.199824
1.741977
1.597745
1.390242
-0.005474
1.365134
0.337303
0.910883
-0.051179
0.487334
1.097800
3.329206
1.372562
-0.463258
1.673590
0.648203
0.485901
0.219478
0.653695
1.409957
0.974403
2.411973
1.004921
-0.241909
1.905633
0.274989
2.266876
0.329414
2.557637
3.997600
2.178807
0.573471
1.357348
1.858069
0.930427
2.190549
-0.062745
0.437958
2.099319
0.324668
2.919800
1.290152
1.439384
1.332305
0.276571
0.738649
1.999069
1.139717
0.497656
2.751518
0.756328
-1.681413
3.183680
0.386468
1.395321
0.591795
2.214324
1.426461
0.576426
3.858950
-0.456417
1.338901
1.686393
1.478276
-0.206240
-1.034864
1.137272
0.844355
2.226476
0.727622
0.999567
0.193448
0.761937
-0.155899
1.455667
0.277338
-0.027672
2.596155
2.734831
2.310271
0.844164
0.564683
2.835517
2.532305
1.728745
1.677623
2.369855
1.461945
-0.257168
2.329348
0.134853
0.583011
1.129368
0.204569
1.628935
1.801581
1.337306
0.571252
0.909806
1.591685
1.534996
1.950855
1.703458
0.359616
2.082769
2.468377
1.353566
1.681740
-0.243540
1.659359
2.253719
0.807594
-0.113773
1.121952
0.292838
1.130445
1.320389
1.347838
-0.497888
0.643120
0.966898
2.008092
1.245775
0.309017
0.153802
0.878598
-0.472204
1.417800
1.092206
0.594056
2.980954
2.097821
0.540170
-0.031662
1.419738
1.066945
0.360449
1.651868
2.630065
0.049675
1.459269
1.815905
0.246567
1.239388
2.406793
0.334915
0.748363
0.341647
0.839715
-0.656319
1.803290
-0.851666
0.088137
-0.721962
0.865256
0.338912
0.950649
1.038038
0.831058
0.137370
0.175627
-0.306805
0.029270
-0.120634
1.464073
0.574130
0.919947
3.110758
-0.565825
1.112373
