1000
-0.231089
0.952195
0.459925
1.757269
1.221740
1.558862
0.742988
0.445805
-0.033754
0.993705
0.919585
2.505362
0.356548
-0.694982
1.452658
-0.780033
1.050913
1.227885
1.754804
2.289743
-0.606219
1.286681
0.214277
0.960833
1.632211
1.153959
2.041031
0.588092
0.835506
1.852808
3.697867
2.511502
0.888419
0.722243
1.216964
-0.264916
2.102507
0.457222
1.635590
-0.214734
0.244968
-1.040801
0.644903
1.376058
0.105549
0.038845
-1.408828
1.866952
-0.122121
0.435527
-0.012807
1.438833
2.646246
1.228619
1.330302
1.650515
0.971448
-0.147461
1.944221
2.481625
0.736781
0.547287
0.973935
-1.233550
2.209244
3.069198
0.791509
1.274774
0.537659
0.858531
3.583098
1.237259
0.695517
2.095047
0.825658
1.093137
0.673148
-0.046207
0.250336
0.907109
-0.305986
0.209073
0.830712
0.356716
0.593294
2.326072
0.316523
0.565625
2.478138
0.853916
-0.681616
1.714898
0.243164
-0.384632
0.518521
0.579743
1.425126
1.359643
1.062409
0.184314
4.328754
1.441528
-0.500604
1.040579
2.273965
0.114225
0.987102
0.672190
-0.213499
1.765562
1.691579
3.459009
0.206177
0.213064
1.419812
0.943539
-0.437924
-0.630910
0.256206
-0.189687
1.261831
1.428679
0.590679
3.345506
1.062874
1.529531
2.943694
1.240078
2.716840
2.322751
-0.249458
1.902975
0.991494
-1.921936
2.054466
0.625658
1.424764
2.611696
1.373219
1.803248
1.241041
3.324918
1.286021
-1.409666
-1.487138
1.045555
1.046906
0.914959
1.396090
1.473963
2.331863
1.126941
2.589925
2.116584
-0.124315
-0.553321
-0.085558
-0.190201
-0.184481
2.235583
0.291835
1.958256
-0.160004
1.279181
0.315328
0.802786
0.593273
2.525082
2.556767
-2.200716
1.308303
0.581494
1.306463
2.439575
3.558915
0.865160
1.711397
-2.208018
3.757235
1.378890
1.126516
-0.407641
0.283802
1.587414
2.368101
-1.095989
1.451519
2.823054
0.938541
-0.359223
1.397700
1.819984
1.891439
1.310380
0.596897
-0.590509
0.523434
0.088046
0.095945
1.155731
0.821724
-1.028052
3.148860
3.332257
1.076339
0.702344
1.447968
-0.158631
0.880472
0.875371
0.601439
2.822074
-1.033627
1.180129
2.587696
1.307694
0.213659
0.475415
3.498261
1.367927
2.754536
1.558897
3.763807
3.228982
-0.719665
1.338541
1.066574
0.240974
2.337737
1.831606
0.922788
0.218833
1.410221
2.028315
1.269968
2.194846
-0.467851
0.977579
1.277072
3.087720
2.215067
0.932604
2.382510
2.789495
0.874847
0.963859
0.331810
1.742036
1.040617
1.284211
1.527687
2.600538
-0.300101
-0.664083
0.692468
1.858124
2.629740
0.512902
0.992977
1.545348
0.119813
1.978378
4.278419
0.764833
1.328869
-0.221257
-0.533471
1.304590
0.206542
1.328376
0.707494
2.216783
1.673270
-0.093089
-0.266537
1.920447
1.689281
1.199465
0.724271
-0.360441
-1.018815
1.476216
1.725150
-0.123949
0.434376
-0.671706
1.672203
-0.369029
-0.238088
1.051516
1.826794
2.132962
1.101612
0.307486
1.053595
1.796784
1.205986
0.386662
0.222913
-0.871185
1.284162
2.094088
0.817773
1.265369
0.349387
1.163974
0.566834
1.127142
1.020201
0.941046
0.582710
0.883295
1.187547
0.965012
0.401317
1.819924
0.709551
0.381119
2.531273
1.012180
2.192481
0.489214
0.561156
1.588433
1.231275
0.995561
2.334198
0.901113
2.261083
-0.431614
0.513727
1.553925
-0.216905
0.388599
1.461061
1.986794
2.154410
-0.394719
-0.037941
0.801459
0.638701
2.310835
1.378883
1.351552
0.545601
1.705892
0.489104
0.672416
2.356213
1.675674
1.057329
2.269593
-0.317927
1.603880
0.418009
0.443275
1.299404
0.444564
1.618368
1.522607
0.828951
0.360772
1.148564
0.810928
0.938418
0.817449
-0.154876
0.154165
0.323403
2.837233
1.717200
1.466189
3.211851
1.097588
3.524922
1.320237
-1.002317
1.616475
2.635479
-2.036770
0.197829
1.153567
0.117073
1.948624
0.753731
1.710693
3.005926
1.088457
-1.062380
2.562944
0.341169
1.577648
3.022088
0.521826
-0.042208
2.072888
3.187120
-0.363247
0.041857
1.882723
-0.713723
0.952965
2.250001
1.935627
1.455467
1.778492
0.192509
1.199501
-1.610909
-0.244288
0.895596
0.820160
1.654020
1.235516
1.122406
0.205637
2.066534
0.724567
1.565533
-1.161680
1.692256
0.764804
1.434248
0.561746
0.318442
0.703863
1.308843
0.878404
2.064893
-0.537428
0.832583
0.549939
0.890028
0.660014
1.393384
0.837030
1.025011
0.629348
-0.267056
2.218159
1.615302
0.148202
1.526037
2.988981
2.680384
0.430756
-0.187941
1.680440
2.255273
-0.127441
0.799739
0.782787
1.103531
2.826976
2.121576
-0.055655
-0.291026
0.596243
1.668658
2.348180
2.689839
-0.096884
0.314786
0.920181
1.143136
0.139411
0.432165
3.538934
0.090488
1.075754
0.008324
1.048181
1.979993
-1.041519
0.780182
0.158451
1.528452
2.235518
2.098026
-0.410510
2.052004
2.400551
2.072284
2.104473
2.220824
0.185875
0.883820
2.589489
0.050540
1.528735
1.913396
2.087975
-0.593332
-0.578470
2.870166
1.798147
-1.064212
-0.087928
3.440564
0.157761
1.563306
0.439696
-0.239772
1.108442
0.358370
1.132091
1.729133
0.711366
0.689591
-0.524962
0.135478
1.882952
-0.461856
0.881280
1.013574
1.690013
2.562857
1.631035
-0.253721
1.222960
1.683210
2.136241
-0.196513
1.184159
-0.631509
0.468623
1.357623
1.685996
0.151814
0.947546
3.526543
1.726504
2.144284
0.302456
3.324177
3.133751
-0.060840
1.231398
0.328292
0.872693
3.192036
1.872958
0.790762
-0.403725
1.754368
-1.145307
-0.983582
0.714390
0.219471
1.789410
0.477929
-0.781789
1.005682
1.170269
-0.110022
0.915124
1.995915
0.328863
0.602380
-0.714695
0.829713
2.246947
0.959108
0.005460
-1.203108
1.938825
1.949020
-0.398716
1.488888
1.832993
2.055024
1.555249
0.378552
0.585486
1.693810
2.250480
-0.375361
-1.867786
0.641457
0.749655
0.262405
2.010727
1.971214
1.362548
1.871423
1.787156
0.422848
0.849593
0.243936
1.196571
2.006174
1.248113
1.729066
-0.508353
0.171005
2.404869
1.221977
-0.710739
1.595326
1.099842
1.111831
0.299242
1.021045
0.251405
2.002496
2.203782
2.122108
1.580683
-0.021903
0.078231
0.687095
2.037346
0.351228
0.847788
0.953851
1.573041
0.128462
1.197641
1.043519
1.239333
0.627259
0.409911
1.112328
2.053379
0.812340
2.030616
1.121785
0.319649
1.883890
0.761358
1.547734
0.860099
1.209414
0.998869
-0.364403
-0.594206
1.869391
0.554316
0.532996
1.917809
1.921642
2.054791
1.767003
0.142736
1.159734
2.004229
0.552577
1.142822
1.443442
0.739138
0.402353
0.086819
1.521907
1.260654
-0.269395
2.086425
1.980498
0.732186
1.317844
1.054943
1.113714
1.783023
1.912210
-0.500668
0.987555
1.088004
0.723359
-0.924666
1.862092
1.066811
2.806228
-0.716333
2.987065
0.316192
1.393283
2.035164
2.052333
0.577722
0.726027
0.262502
0.020555
-0.370954
1.855089
1.728292
2.869308
1.305446
0.876339
2.440818
0.994889
0.610977
0.871696
-0.132968
-0.297657
1.288783
-0.557380
0.960065
1.268243
-0.648973
1.298545
2.005469
1.026105
0.101472
1.526083
-0.041842
0.692846
2.425775
0.176508
2.295939
0.190855
1.099818
0.761635
0.930770
2.551277
-1.130087
2.306103
1.647511
1.089063
1.165792
-0.099037
1.320234
1.031626
0.776115
-1.085959
0.030382
0.400276
1.035043
2.932980
-0.175299
2.188183
1.172691
-0.383777
2.132553
0.528195
0.314613
0.704234
2.727529
1.097980
0.884127
0.830164
-0.206677
0.243356
1.833127
1.109251
0.172098
1.367261
1.509728
1.583431
1.792470
1.820392
1.104383
1.093623
0.980023
0.522443
1.315379
-0.261067
1.344494
-0.583620
0.700150
0.802415
0.747103
2.381576
2.258838
0.097169
1.118366
1.536602
0.739368
1.687980
0.560692
-1.369387
1.955661
0.572368
1.226143
0.215905
1.730351
1.816904
2.190514
0.197820
0.462194
0.786707
1.907481
1.229696
1.197797
0.808956
0.767797
0.700234
0.221082
1.556260
1.024620
-0.058784
-0.374085
0.046537
1.746482
2.475727
0.401538
-0.953639
1.721500
1.212380
0.655574
1.110889
2.366174
1.486995
1.040650
0.801663
-0.909483
0.487404
1.166526
2.107294
1.297330
1.558589
1.379249
2.927447
2.038229
0.709608
2.434936
0.755727
-0.919549
2.095545
0.378058
0.476940
-0.033066
0.048283
0.974310
2.564550
0.677622
-0.430693
0.455256
1.116435
1.924431
-0.574614
0.849067
1.347903
1.059548
1.120717
1.313675
-0.167869
-0.332980
-0.041439
2.539332
-1.219317
-0.329399
1.819777
2.566419
1.558024
1.920785
1.618131
1.653844
1.531913
-0.103108
0.366307
0.912154
1.003018
-0.105629
1.063915
3.016403
1.603028
1.156261
1.268990
-0.698833
0.658797
1.687279
1.428984
0.832055
0.766797
1.818447
0.706270
1.995417
1.350302
0.346871
0.744911
0.228385
1.028646
0.404694
1.520686
1.131748
-0.127731
1.012810
0.415792
0.406353
1.009512
1.889281
3.014797
1.186398
2.721035
-0.182456
2.274008
0.965982
1.855929
1.700952
0.172356
2.817004
0.398775
1.401778
1.716502
1.984205
1.438144
-0.469644
-0.543948
1.841564
1.540342
1.301828
0.160565
0.303441
1.313432
1.943842
0.862149
1.085444
1.318579
1.112856
1.495393
0.866135
0.575824
0.573484
1.219634
-0.772725
1.135705
0.370548
0.053549
2.042116
1.690243
-0.385519
0.994767
0.494455
0.224347
1.235677
-0.557901
1.286849
1.433229
-0.829324
1.415580
1.537984
1.769370
0.528741
0.186327
0.856304
0.059572
2.781715
2.458430
-0.639586
1.235301
-0.318443
-0.141169
1.250642
0.639758
0.537071
-0.315222
4.086700
2.377773
1.435028
1.836131
0.816656
1.393560
0.963491
0.430611
-0.424459
0.871151
1.197112
3.129014
1.225717
1.356588
0.846992
0.206629
-0.076117
0.522891
0.587286
0.357164
1.989019
2.703255
0.310864
1.176943
1.288128
3.607680
0.585802
0.777923
0.699799
2.105881
0.706288
1.726119
0.397607
0.214946
0.438759
1.296647
1.924203
1.144521
1.905058
1.814740
-0.379895
0.131756
0.519656
1.493056
-0.098677
1.371328
0.396877
1.456561
-0.227700
0.939739
0.003490
0.767784
0.325880
0.663172
1.618516
