1000
1.966710
1.633250
1.200591
2.021086
1.027001
1.049207
-0.459036
1.616760
2.478467
2.704921
0.791500
2.520932
1.320005
1.306601
0.505442
2.917138
1.764317
1.540904
1.583323
-0.451506
0.609574
-0.162722
1.446301
2.815997
0.853091
0.075007
1.947254
0.723180
3.631932
1.553996
1.923943
2.884619
-1.013591
2.603793
0.593605
-0.269416
0.141882
1.060418
0.501541
-0.059117
0.324981
0.840554
1.563977
1.633234
0.446223
1.543165
1.619947
2.023580
-0.716837
0.956528
0.342455
1.108538
1.638845
1.901064
0.174296
0.164533
2.329201
2.490581
1.057633
-1.286926
2.858716
0.924641
0.613841
-0.183269
1.099758
1.533945
0.990849
1.361852
1.649947
1.115793
1.793887
0.566726
1.301877
0.341612
2.175788
0.920181
0.316167
2.753931
2.111535
2.233280
0.166669
0.478511
1.359429
0.275820
1.529673
-0.231641
1.722379
0.517538
1.005828
1.981319
0.074822
1.727896
-1.303597
0.490213
-0.222015
1.842927
0.533430
0.342274
1.240766
0.249361
1.058499
0.229882
1.033196
0.511997
1.040842
0.679932
3.029636
0.770296
-0.390432
0.169184
1.866117
1.284984
0.236991
0.228947
1.100996
1.097467
0.735020
1.207994
2.238507
3.154702
-0.863742
0.270978
1.277185
1.285519
3.192712
2.374513
0.195210
-0.829346
0.373350
0.578105
1.140232
0.924226
1.546376
0.677345
0.197521
2.361564
2.809934
2.603356
1.596464
-0.018616
0.784509
-0.250819
0.028030
1.757083
2.106447
1.936634
0.070738
0.184373
1.170531
0.558116
0.767767
3.124609
1.459805
1.648991
0.494684
0.007108
0.338207
0.316367
0.219250
0.538347
1.096213
1.663835
0.751349
1.898712
0.190385
2.020585
3.165820
0.479849
2.551902
0.699311
0.218059
0.916018
0.746443
0.267404
1.247374
2.167039
-0.646716
0.386935
0.528950
0.632648
0.541729
1.003023
0.138017
0.908062
-0.139748
-0.792872
-0.169027
1.149157
1.899811
0.115130
0.255097
1.731190
-1.468775
1.859648
0.739341
1.367165
1.548678
1.199388
1.793546
1.095846
0.692620
0.076761
-0.234773
-0.074704
-1.098237
-0.396977
1.174066
1.707417
0.649579
1.839529
0.862536
1.979357
0.960689
0.791164
0.449046
0.954081
1.760150
2.212653
0.180315
1.502137
0.808052
0.137680
1.782152
0.747025
0.958163
2.705674
0.642099
3.455679
0.944861
0.234121
1.231198
1.789359
0.570755
1.586595
1.722730
-0.119560
2.004844
1.191246
2.230743
0.174625
1.040229
1.597315
-0.264787
2.357460
1.199341
0.529453
1.640959
1.775596
1.647312
-2.223325
0.231924
-1.357406
0.490762
1.917646
-0.588737
0.769569
-0.390052
1.713564
2.558936
0.266606
1.426181
2.041913
1.743501
2.270224
-0.221615
-0.412127
1.886763
1.951019
0.993461
0.441790
0.524559
1.234145
0.790851
0.093359
0.522611
0.807205
0.311873
-0.262971
2.663174
1.555492
1.658968
0.054981
-0.481813
2.599622
0.553398
1.903924
0.441159
1.558365
-0.643151
0.905640
0.555762
0.446085
0.199958
-0.103699
0.660754
1.659167
-0.021898
-0.203227
3.112751
1.163705
1.756385
0.831582
1.874199
0.423411
0.369012
2.392390
1.291812
-1.420476
-0.044341
0.458177
1.477503
1.856107
-1.907995
2.977068
3.285070
0.832924
-0.405565
-0.047427
1.208738
1.457035
-0.113647
0.793477
-1.610581
1.467240
2.395067
-0.095553
1.296777
-0.138712
0.622760
1.691735
3.200063
0.776294
1.001758
-0.447587
0.504790
0.890203
1.590610
-0.161252
1.612853
0.778475
0.205145
1.843127
1.551174
1.713476
0.671321
-0.909806
0.214328
0.550685
1.140720
0.137146
1.091032
2.090051
1.644837
1.418706
3.420461
4.716865
1.680625
2.108271
1.489814
2.265282
1.108458
1.578542
1.025553
1.443981
-0.542280
-1.206915
0.586125
2.255372
1.119354
0.433579
0.466446
0.633720
1.186257
-0.742999
-0.559697
2.009670
1.075645
1.046986
2.790391
0.833508
0.907513
2.173434
2.386979
-0.489184
0.722981
1.179091
0.825559
1.492012
1.409458
1.234942
-0.975628
1.856201
1.740123
-0.522195
1.901607
0.705580
0.072020
0.453583
0.703879
-0.208793
-0.371091
2.912176
0.248127
1.283038
-0.040972
1.550154
0.793809
-0.280985
-0.747761
0.578970
0.587906
1.981320
1.465526
-0.863161
4.055039
0.401708
-0.011125
2.033230
-0.695611
1.479260
2.288476
0.832901
1.329058
-1.189161
0.861950
2.467716
1.104062
-0.231225
1.662319
1.367884
-0.154877
-0.094625
0.003047
1.148262
0.052386
1.238559
-1.411258
-0.213396
1.273872
2.197218
0.175036
2.801476
1.142503
1.857035
3.233513
3.080290
1.939868
-0.950163
-1.893674
1.999531
2.653664
2.053177
1.285343
1.269987
2.096171
2.125048
-0.952248
1.056685
1.967086
1.543322
0.982265
1.913156
2.507119
-0.229953
2.088833
1.111413
0.948792
0.715755
2.035115
0.338276
0.360511
1.211059
0.639634
-0.134847
0.335460
0.162487
0.394308
0.735676
0.890806
0.164676
0.816763
1.834265
-0.092256
0.409587
2.907599
0.849699
1.031525
1.244839
0.725442
1.612717
-0.572685
1.412498
1.888722
-0.512696
1.797009
1.009780
1.660848
1.418190
1.088969
2.485857
-0.128193
1.122189
-1.225398
0.988056
0.710856
0.962907
0.285664
0.459313
0.580798
1.475933
-0.025326
3.199030
2.145518
2.386804
-0.041620
1.388788
2.117896
1.282346
1.188394
0.996397
1.182392
1.846141
1.502973
0.065299
1.291806
1.296122
-0.314663
-0.419747
0.906391
1.871562
1.465792
1.469398
1.467694
1.132922
-0.505186
1.135417
0.560234
0.557598
0.796943
0.815249
0.596206
0.322139
0.982356
0.462013
0.859951
1.169674
1.989515
2.221117
-0.980314
2.536143
2.181380
2.726856
-0.423228
0.875669
0.701154
2.833561
0.964875
1.432637
0.520294
-0.175636
1.284675
2.412464
1.968779
0.955996
0.704385
3.174292
1.669316
0.586550
0.164033
1.591819
1.758333
1.106998
0.708557
2.734420
0.133688
0.042244
0.446586
1.068777
1.016031
1.979384
1.187982
0.264379
-0.048532
1.624322
0.787789
0.629938
-0.045162
0.466770
0.915235
0.510210
-0.134062
-0.740508
2.343962
1.743135
0.483298
1.025697
-0.347452
0.666363
2.230489
0.603603
1.275086
-0.377791
0.452144
0.434329
0.250832
0.484496
1.068630
3.781888
1.239346
0.476551
-0.182546
2.260936
1.854469
1.724032
-0.948290
0.064834
-0.861116
0.968625
0.342839
2.226226
1.737312
2.601194
1.875057
2.079980
1.629786
1.022616
3.620574
2.266285
0.425477
-0.539771
1.919509
1.504980
1.346307
1.112589
2.082499
-0.252569
0.909321
-0.811123
0.485638
1.513503
1.851268
0.603372
-1.458803
0.648570
1.655229
0.265544
-1.021183
1.719615
0.485016
0.530676
2.124145
1.542175
1.152870
2.678555
0.357539
1.201751
1.222824
2.088453
-0.274074
1.371338
1.918831
-0.442606
1.144092
3.254680
1.614582
-0.497443
0.755078
0.846889
0.106403
-0.711467
1.742073
1.340137
1.713160
0.643961
1.381663
0.475856
-1.142144
-0.563853
0.204945
1.330889
0.348590
1.141890
1.405617
1.627318
0.196472
1.162709
2.259754
1.188785
1.755141
-0.847375
1.009159
-1.106559
0.936653
1.306327
0.348226
3.020634
1.206814
-0.756073
0.877831
0.464115
1.155800
0.852807
1.864495
1.901183
1.805879
0.564049
0.864835
2.495548
-2.191603
1.983960
0.305920
1.176585
1.672488
1.079260
0.600993
-1.430990
2.667223
1.281652
1.295415
0.275142
-0.945266
2.021008
1.220986
1.000926
1.647684
1.741593
1.147034
3.318194
0.489011
0.463473
-0.366826
1.120078
1.194723
0.225726
-0.260678
1.263794
1.436477
1.626390
0.646851
1.054581
-0.204258
0.980740
0.603461
0.911781
1.040808
1.295782
-0.612682
1.592594
-0.272198
1.091344
2.292665
0.880146
0.991013
0.331244
1.599520
0.338360
-0.850472
-0.087555
2.485851
2.119203
0.628200
2.384124
2.463768
1.738680
1.093440
2.124460
0.081592
2.183914
-1.006721
3.137065
2.879286
0.401483
0.410119
1.722215
2.986474
0.307101
0.416034
-0.417446
0.321222
0.500286
0.473211
0.947057
0.585496
-0.705874
2.280883
2.457667
1.360759
-0.250908
0.463485
1.560658
1.397929
2.942150
1.527328
0.988383
-0.404064
0.644033
2.077157
0.883233
2.264156
2.091690
2.033375
1.595651
1.161192
0.613767
0.113435
0.083628
-0.073216
1.927988
0.867819
-0.183058
-0.184775
1.333939
2.591586
1.393531
1.891903
3.611134
1.141675
0.549117
0.568782
-0.665241
1.289164
1.057992
-0.075286
0.858568
2.291655
0.608319
-0.240202
-1.482953
1.091703
0.778730
1.524461
0.560911
-0.339283
0.593024
1.798561
0.408522
2.602894
2.826185
2.334345
0.341469
1.115176
0.351439
2.286140
-0.097829
1.254807
2.441756
-0.465067
1.061876
0.979204
-0.568744
2.090657
1.030013
1.273734
-0.197868
1.252228
1.500006
0.307240
3.329749
-0.459064
0.059818
2.496065
0.043668
0.951917
1.016168
-1.105537
-0.246686
1.523095
1.775306
0.992168
1.950640
0.166814
-0.276781
1.145607
0.094635
-0.283759
-0.902397
1.970742
0.260323
2.873969
3.162916
-0.263615
1.746766
2.957982
-1.181293
1.802741
-0.897297
-0.999345
0.619336
1.150735
2.450171
0.878622
0.197540
1.056515
2.070154
1.141496
-0.020692
0.930759
1.880026
3.103797
2.125870
1.187220
0.293899
2.692022
0.995189
0.526176
1.116105
0.876240
0.693653
2.368796
2.602266
0.833948
1.838993
2.097946
1.862202
1.742530
2.133387
0.224938
-0.057894
0.181685
2.021835
1.350601
0.963186
3.244192
0.324506
0.448654
0.264250
-0.226651
1.313035
-0.949585
1.716067
0.872695
-0.111414
0.049550
-0.015537
0.054828
1.842136
1.124482
0.664974
1.519575
0.371516
0.494561
-1.473573
1.125030
0.805333
2.045481
1.172794
1.102683
1.430271
1.332447
1.043187
0.636937
0.071827
1.817337
1.842061
1.231503
1.040892
-0.174817
0.305689
0.363506
-0.514840
0.480771
2.475191
0.307752
3.141848
0.130800
-0.722390
3.243448
2.228436
0.637131
0.740652
2.587219
2.743733
0.544789
2.341675
1.023469
1.018856
-0.590373
0.724536
0.011223
2.135862
2.549358
-0.799112
2.954180
3.554443
0.960492
2.429882
0.975104
3.884898
1.847250
1.148773
0.911382
0.366284
1.974832
2.531980
0.650867
1.148673
0.762690
2.087829
1.068158
1.494173
