1000
2.545173
0.035895
1.575602
3.695062
1.024861
-0.439074
2.360455
-0.867972
1.280981
2.432337
-0.448578
0.743132
0.355144
1.574106
1.612179
0.841818
2.241058
-0.790849
2.052826
0.982518
0.223694
2.173102
1.854358
1.164958
1.047056
2.584645
-0.493266
0.589550
1.175224
-0.159597
2.651589
1.283895
-1.281097
0.171963
1.316879
1.574985
0.127633
0.180445
0.834693
2.839836
1.524286
0.022001
2.060441
1.263732
-1.166655
1.517096
0.349916
1.708834
-0.395557
2.302562
1.612848
2.736185
1.030020
0.886432
0.519935
1.138394
1.590373
1.562985
2.553262
1.340103
1.162103
2.801704
1.327793
1.593948
0.617701
1.134152
-0.548750
0.281109
1.701242
0.835086
1.327655
1.889508
1.510871
2.908364
0.668414
2.549323
0.957406
0.350615
0.180950
0.917068
1.712100
0.316750
2.573585
-0.131852
0.297529
0.942573
3.714559
-0.123409
0.617433
1.625112
1.251238
0.801996
0.232051
2.146663
1.103231
1.818827
1.890554
1.530251
1.332179
1.466086
1.607117
0.917918
1.392355
2.378547
2.920792
0.754645
1.236530
1.869815
0.390296
1.641075
0.193603
1.072709
1.826416
0.646313
1.163852
-0.247430
0.240724
0.027522
2.619098
1.416651
1.518471
1.141185
0.275832
1.623190
1.249827
1.050157
1.484833
0.190476
2.045857
1.573437
2.186468
-0.701464
2.328045
1.384241
0.890911
2.747118
0.440610
0.287151
1.530044
1.269565
1.521286
0.717357
1.512992
1.555987
0.871020
-1.351792
-0.142260
2.853550
0.338666
0.342583
1.639051
-0.937872
0.334504
0.684376
0.966604
2.712468
0.790681
0.411847
0.101179
1.302423
1.030773
0.051843
0.678561
1.771380
3.186427
0.812722
1.002840
0.335534
-0.573299
-1.291208
2.323640
1.367510
0.732285
1.243884
1.142369
1.712415
-0.705509
1.394573
0.816641
-0.531174
-0.176769
1.634293
0.741784
0.832395
1.295960
2.151261
2.270919
1.651439
0.839282
1.940081
2.289184
0.927349
0.976228
0.981227
-0.671867
-0.727345
0.656718
1.814160
0.606802
-0.418813
1.169123
1.881963
-1.028715
1.673262
-0.275928
0.885914
1.406493
3.153559
1.334662
0.332132
0.749215
-0.095601
1.080642
1.731836
1.217244
0.131076
1.258626
1.573303
1.106653
1.589261
1.610693
1.027636
1.910098
1.453372
0.059408
2.366090
2.250151
1.291992
1.431931
2.439745
1.103154
3.235880
0.999152
1.158563
1.124124
0.937838
1.304510
-0.206125
0.138460
0.907274
-0.395081
2.108924
0.785165
0.347424
1.642192
1.522933
1.626716
2.381377
2.969081
1.642930
1.470295
-0.581786
0.539205
-0.564693
0.765110
1.883771
0.611801
2.162541
-0.387722
2.951581
1.127901
0.290889
0.650782
1.005249
-0.463440
1.419533
1.348612
1.722406
-0.033527
-0.511895
1.069775
2.992528
-0.822127
0.841606
0.746473
2.118855
2.712128
2.198523
2.555624
-1.404436
0.152502
2.909508
0.771769
2.086478
2.405429
-0.576965
2.021187
1.491692
0.950214
1.468608
0.841885
2.504390
0.055084
0.094858
2.093461
1.638885
1.902805
1.027605
-0.163849
0.575706
1.481936
-0.992254
0.318363
0.996715
1.113406
2.170455
1.316196
1.168300
0.145059
2.375930
-0.952050
3.438651
0.039360
-0.495897
0.385897
1.856800
1.490054
0.257964
-0.150604
1.234847
-0.434249
0.732553
1.378940
0.984827
1.332754
1.499161
0.777454
-0.809552
0.260108
2.492201
0.393384
0.706697
0.229980
-0.872546
0.135311
-0.123316
-2.576508
0.174972
0.840658
1.789301
1.454474
2.486841
0.209483
2.150186
2.791659
0.669772
0.735621
0.260325
1.169103
0.489562
2.097563
-0.015108
0.515673
1.960309
2.045838
2.290524
1.498230
0.050467
-0.366485
1.246962
-0.162617
-0.797225
0.851587
0.436447
2.381843
0.917076
0.374367
1.942515
2.195381
-0.899339
1.466225
-0.556966
0.933623
0.596633
1.150299
-0.203927
0.551802
-0.122963
1.406758
0.317207
0.105281
1.066372
0.556120
0.239195
2.925825
1.122746
0.260016
-0.381067
0.098531
-1.790644
2.403965
0.175844
0.040671
2.162856
2.542308
0.412192
1.044599
-0.385836
2.164407
0.042314
-0.784608
0.061983
1.587639
0.631433
1.469488
1.290072
-0.299158
1.181024
0.813433
0.865666
1.201414
1.344640
-0.932668
-0.143337
0.464585
1.967324
0.160088
0.462489
0.092978
2.755321
-1.397122
-0.010291
0.482963
-0.297933
0.576206
0.861990
1.219932
0.873089
0.125947
-0.243582
0.308425
1.196685
-1.164509
2.586837
1.863653
0.441525
1.496418
-0.718416
2.688982
0.384295
1.417701
-0.216675
1.419952
2.511563
1.031412
0.195491
0.556888
0.175473
0.314102
1.237211
0.758492
2.271136
0.686703
-0.640417
2.701381
1.249176
2.558178
1.340381
3.112550
2.807889
2.228375
1.854790
2.332606
0.239149
1.979455
0.324837
2.042822
0.968789
0.397872
-0.192472
2.728375
0.752854
0.220802
0.046510
1.391637
1.570964
2.475597
0.639778
1.902796
-0.040470
0.803833
1.541532
1.109201
-0.188588
1.131353
2.399043
0.780195
2.007793
-0.018189
1.583489
-0.073832
-0.572503
2.187923
1.246876
1.077703
1.717891
1.087385
0.157635
-1.514136
1.472619
2.260724
1.078905
-0.060918
-0.858415
0.375473
-0.373293
1.744971
0.230735
1.649961
1.657081
-0.213345
0.975464
1.447474
1.404974
0.770946
0.744385
1.841543
1.699309
-1.034884
1.774727
0.908259
1.646964
3.147119
2.900235
2.365707
2.231553
-0.682767
0.282089
1.292195
0.861768
0.442063
1.047976
2.452567
0.460489
-0.383626
0.025694
0.589430
1.691168
-0.795302
0.010787
0.734985
1.399409
0.877918
1.667759
-0.060780
-0.598443
1.426786
1.850668
1.343372
0.287332
1.003992
2.545861
1.949374
-0.559405
0.312107
1.477695
-0.691542
1.912322
-0.398300
0.921583
0.664658
0.884503
1.455203
-0.206623
-0.299644
2.458393
1.817892
0.578874
0.737608
2.547201
1.573441
1.161544
0.891791
2.483258
3.253161
-0.758852
0.554913
2.233091
1.515756
1.759978
1.882703
2.086950
1.094069
0.390821
1.003322
0.914434
-0.744707
1.861708
3.112266
0.101196
0.632400
0.407023
1.598117
1.348608
1.001674
-0.064023
0.094150
0.550155
1.718709
0.164022
2.545937
0.457968
2.560322
0.608569
0.449271
1.073798
1.159484
1.500262
1.119486
0.543357
2.153259
1.523750
-1.110654
0.330192
1.487305
1.516811
1.721006
1.960922
0.170749
1.547790
1.851538
0.646033
-0.574817
3.284049
1.562171
0.840803
1.103890
1.751800
2.223943
-0.318073
1.069279
0.527979
1.328476
1.387419
-0.076349
-0.757561
0.933692
0.446910
-0.763573
0.610829
0.808523
0.983028
0.676651
0.727286
2.347892
-0.784263
1.903402
-0.356992
-0.262703
-0.183553
1.403341
2.021082
2.055276
1.745816
0.395419
1.480242
0.601751
2.135010
1.064442
1.766375
0.256609
-0.351213
1.741558
0.388919
1.591680
1.567841
0.597423
0.318033
0.466816
1.287823
1.998372
1.138224
0.381789
0.960652
1.405275
0.567774
-0.270995
2.145466
-0.137360
0.592407
0.295292
0.799538
1.735634
-0.254658
0.243656
1.747225
2.108516
2.184770
0.145084
0.710527
1.594095
2.078372
1.248149
0.835119
2.346857
2.175885
-1.269690
2.432763
1.096426
0.394581
0.380526
2.639562
-0.020713
0.660078
2.218819
2.078823
2.015289
2.068797
2.038714
0.605782
0.037144
-0.163256
0.201468
1.140565
0.286021
1.272311
0.034690
-0.637660
1.569938
0.199676
1.387795
1.609142
1.587151
-0.290326
0.472876
1.211355
1.375698
0.388008
1.154500
1.451300
0.836693
0.844720
0.174903
0.873968
-0.443492
0.265115
0.443826
3.143418
1.197569
0.513674
1.786025
1.415187
0.935309
1.729533
2.118788
-0.207227
0.382044
1.483877
4.326285
0.546237
0.826216
3.508767
-0.155913
0.332801
0.458082
1.174068
0.262604
-1.198411
2.213158
2.264246
-0.011535
0.732936
-0.093503
0.266529
1.609774
1.959719
-0.301783
1.427528
-0.646106
1.506111
0.896688
0.156669
0.625090
0.239037
-1.087035
-0.655394
0.646041
-0.154594
-1.009805
0.666276
0.641913
1.597763
1.242711
0.836207
-1.095339
1.615188
1.670015
1.502940
-0.238023
1.341058
0.082858
0.728999
0.481842
0.499477
0.709842
-0.162737
1.692371
0.958064
2.084915
-0.751018
1.940395
1.702762
2.220378
1.843778
1.087877
1.407810
1.660780
0.569220
0.007775
2.647524
-0.002240
-2.383780
-1.307926
1.304836
-0.900061
1.220125
-1.104475
-0.397319
1.554856
1.741704
1.001690
0.843920
0.867268
1.058359
1.372790
0.558075
-0.259223
2.367638
1.044311
1.511241
0.774934
0.196938
-0.278516
1.355433
0.850523
-0.018309
0.547718
1.547062
0.090414
1.349829
0.838934
0.637155
0.509017
-0.126405
0.661451
1.693801
3.132653
1.606758
0.563056
0.440087
-0.605472
1.145104
0.690711
-1.824937
1.458232
-0.113584
-0.074304
0.821224
0.509454
1.607439
1.032735
1.060000
2.275594
2.598312
1.151983
0.865613
1.374083
0.476552
1.142099
-0.716470
0.744907
-0.071508
0.173764
2.374393
2.289033
2.274025
-0.804600
2.721495
0.486121
1.640913
-0.323633
1.664001
-0.243950
2.552049
-0.263751
0.959673
1.885021
0.369056
1.152271
0.478251
1.619809
0.595866
0.881990
0.440062
1.021342
1.802305
1.654229
-0.969278
1.870207
1.428819
0.479597
0.572799
2.999993
0.526626
0.415396
-0.056379
1.249917
1.433906
0.106417
1.474530
1.975258
0.291654
-0.801618
0.393911
2.182728
0.151882
2.273037
-0.352933
0.447752
0.043888
1.336305
0.939211
1.419700
0.959239
0.908322
0.885915
1.437279
1.661626
0.581069
1.704731
2.382760
0.462253
0.444355
-0.797165
1.727367
0.036005
-0.201651
0.168595
3.026245
1.621285
0.941843
1.225164
0.343683
0.987341
1.699417
0.407195
1.502824
0.956714
1.809422
2.931834
0.392135
1.595154
3.315328
1.331688
0.824975
-0.319539
0.522274
2.965693
2.021596
-1.782087
0.943274
0.479486
1.391569
1.799259
-0.019684
-0.000568
0.994796
0.707360
3.131813
1.164851
2.447122
2.042971
0.821942
2.614834
0.151586
1.765331
1.550423
1.221216
1.245348
0.393588
0.450467
0.670815
2.772634
1.948884
1.734675
-0.331113
-1.230302
1.919775
0.362060
1.792235
1.816868
2.658120
2.348500
0.886794
1.470824
1.892245
2.068029
0.789498
0.092316
1.915391
