1000
-0.877913
1.701580
0.087123
0.782724
1.585854
1.010219
2.025402
2.584043
0.220073
0.959800
2.226867
1.802052
2.086576
-0.109172
3.104351
1.598735
0.155238
0.462425
0.399603
-0.964353
0.769729
1.991917
0.493489
0.646454
1.565629
2.610844
1.032108
0.408315
-0.459607
1.496804
1.029985
1.224514
0.351116
0.139375
0.464534
0.467700
1.060735
1.823072
1.458816
1.197034
0.548133
-1.657459
1.899866
2.097201
0.645761
2.131973
0.902925
0.834142
0.855425
-0.350344
1.200064
0.651739
2.509669
1.705593
-0.120342
2.464935
1.914945
2.453448
1.513864
0.429717
1.027699
0.344444
1.390616
0.383490
0.710943
0.674374
2.222951
2.466556
2.342174
1.652605
1.966256
2.871129
1.371067
-0.353661
2.038494
0.012616
-0.142678
0.770188
-0.499820
2.461107
1.868444
0.952853
1.845822
-0.221123
1.586866
-1.512480
-0.535457
0.720826
3.081111
-0.988038
2.151877
1.331344
2.245052
0.948384
0.504713
-0.363495
0.960296
0.808867
1.498542
-0.399109
1.353027
0.723313
1.310597
2.334735
2.565578
0.455094
1.012553
1.820777
0.672353
-0.008515
0.876666
-0.758408
0.959325
1.137169
0.468431
1.407603
1.897267
-0.774561
0.204531
2.269573
0.025332
1.395859
2.006731
3.424677
1.159550
0.125062
1.684478
1.277912
2.494111
1.881852
-0.409523
1.579821
1.949988
2.667444
2.239930
0.207859
1.922163
0.566539
2.161238
2.301512
1.771320
1.243736
0.117772
0.980631
1.183939
-0.957914
2.660861
-0.817182
1.943027
0.900635
2.087910
1.214320
1.581757
0.461427
-0.659665
1.965034
1.806232
3.287423
1.290341
0.432283
3.183478
-1.568638
-0.448690
2.326434
2.026577
1.405085
2.134969
2.011048
-0.740800
2.594396
0.796357
1.160701
0.675247
-1.607144
1.040704
1.152614
0.510133
1.758901
0.511185
3.025649
0.875127
1.597751
2.088671
1.758909
2.609058
2.186976
1.216940
0.939884
2.473850
-0.414360
1.279534
2.180620
1.989406
-0.513613
0.072914
1.575492
1.112149
1.040030
0.333853
1.130397
0.560133
1.169140
0.911952
2.142898
1.192273
1.185328
-0.507875
2.282309
3.756862
1.461363
0.053021
2.151242
-0.122876
2.072976
-0.104163
0.134646
1.301699
1.355961
2.573142
2.122604
1.920920
-0.603576
0.407179
0.682400
0.937668
1.793136
2.711285
2.535018
0.034944
-0.482157
0.819194
2.075554
-0.011960
0.749690
2.849326
0.970572
0.783288
2.657516
0.110778
2.207877
-0.572176
0.540014
0.050109
1.507511
1.389214
1.373992
1.729424
-0.043874
2.269985
0.379983
0.541959
0.757066
0.647526
-0.258496
-0.008841
0.539201
2.579668
1.581100
0.414935
0.199212
0.933190
3.502542
0.275574
0.661266
3.676331
-0.251220
2.153888
0.341011
1.016784
1.689109
1.055906
1.325003
-0.639191
1.091609
2.010082
-0.871665
1.459570
2.600117
2.016516
0.192630
-0.092570
-0.529644
1.404529
2.647072
0.415215
-0.930831
0.931667
3.438145
0.758589
0.095000
-0.026440
0.875643
1.164875
1.090119
1.765839
-0.986484
1.190848
-0.038411
2.775136
1.442861
1.080381
2.250542
1.433675
1.087793
2.150989
2.324145
1.536718
1.619365
2.525101
1.064253
0.187804
2.545073
0.414648
1.489146
-0.948524
0.840222
3.409237
1.294234
0.668102
0.330010
-0.351943
-0.118763
1.946254
-0.255877
1.043921
1.859362
1.786058
0.554704
-0.057229
0.280987
0.609233
0.345424
0.679744
0.639717
1.931873
0.257377
0.573644
1.844155
-0.381263
1.352330
0.459836
1.910593
-0.245787
0.806700
0.673483
1.026640
2.274951
-1.409865
0.609997
1.025975
2.143002
0.778576
2.378360
2.014828
0.582449
0.892391
0.307758
1.806287
1.308346
-1.409834
-1.613382
0.452200
-0.070430
1.061627
0.783760
0.199758
0.907377
0.496685
1.373462
1.513279
0.852895
-0.677084
0.037850
0.043239
-0.001499
1.992376
0.671847
0.460427
0.533765
0.621450
0.999224
0.987338
1.501724
0.733111
0.507039
1.694966
0.525526
1.058377
0.452508
0.116706
0.828765
1.190873
0.790561
1.719786
2.010364
-0.119656
1.439756
1.295947
-0.095295
0.287063
0.550410
1.448906
1.018190
1.694855
0.718637
2.159055
1.013884
2.386255
0.687506
-0.348846
2.113516
1.948152
1.984637
1.804738
-0.369789
0.358237
1.214795
-0.304880
-0.051851
-0.542068
0.351568
1.726298
0.239965
-0.473511
1.557440
1.228048
2.063719
-0.258644
1.265667
0.442574
1.421414
2.094874
2.319894
1.583994
0.710890
2.285571
2.147061
1.123711
0.790654
-0.119151
-0.148586
0.797401
0.456299
0.808900
0.840347
0.721275
-0.590151
1.242148
0.900103
0.869167
0.890137
0.602460
-0.769793
2.677395
0.204032
1.744046
2.899714
-1.470941
1.172051
1.093299
1.549762
1.253172
0.577067
0.477800
0.930133
-1.067313
1.284176
1.595616
1.633378
2.417151
2.492548
0.763339
-0.603585
-0.204123
0.048582
1.619678
1.041221
1.169552
1.745365
2.448014
-0.532607
0.440855
0.188206
1.082563
1.475264
-0.381882
0.564989
1.594602
1.040883
0.821811
1.315529
0.238186
1.079725
0.452774
2.579668
0.205883
-0.538341
1.693103
0.044993
0.331783
0.533054
1.243172
1.636326
1.754904
-0.810340
-0.911182
1.299236
1.130053
1.466886
0.953356
0.363867
1.255463
1.590050
1.851229
1.339310
1.479067
0.657787
0.948820
-0.102889
-0.094716
2.027136
2.594379
-1.007422
0.796775
1.899464
1.759360
-0.264995
1.030908
1.243625
1.090877
0.671598
0.067573
2.493683
0.366754
-0.103700
2.382136
2.011641
1.353285
0.402111
1.309828
3.068995
0.517417
0.808164
1.422965
0.675481
0.003334
0.644086
2.538979
0.262504
0.013142
2.863384
2.602046
1.430014
1.266384
0.529351
0.216931
0.636190
1.097324
-1.615677
1.688811
1.538321
0.561304
1.446000
0.928191
-0.203625
2.039077
2.365164
1.931644
-0.985143
1.762730
-0.128965
1.441675
2.278172
2.512711
1.655337
2.316031
1.204938
1.616167
0.596547
0.584100
2.039885
0.219227
1.844048
0.776639
0.519838
-1.196907
1.312345
2.792299
1.808814
3.310472
0.236550
0.304420
1.191593
1.615550
1.833512
1.550453
-0.554311
2.094431
-0.725524
0.252893
-0.759153
0.177344
1.393421
1.564264
0.541299
0.338827
1.103045
2.921101
-0.238574
0.390778
0.537553
0.028191
2.339529
2.419940
2.190629
0.691944
1.812813
0.380197
0.237701
0.920888
1.710247
0.180743
0.815012
1.117173
1.688531
0.914376
0.667915
1.027788
0.925672
0.891900
0.356531
3.716915
2.823289
-0.191779
0.138166
2.654510
0.138856
-1.997955
2.162419
1.434693
1.458866
0.992970
2.495186
-0.003999
0.333390
1.594873
-0.125597
2.505037
0.223350
0.003368
1.022128
-0.161820
-0.229481
2.146942
1.327110
1.225937
-1.623938
-0.206465
1.871112
2.709406
1.057028
1.404474
-1.221510
0.560064
0.078095
-1.897487
0.393766
1.514143
2.508531
1.217560
1.286543
-0.473587
0.499834
-0.051486
-0.211010
0.068644
-0.558579
1.152655
-0.570154
1.799806
1.034557
0.601833
2.735853
2.903781
2.604423
2.043463
2.023172
1.759349
2.636831
1.471083
2.631129
0.675468
2.047884
0.624937
0.554464
0.853272
1.794747
-0.517466
0.022343
0.134918
2.025041
-0.418398
1.100595
0.879889
-0.551767
1.106082
-0.412817
-0.567003
1.099367
-0.007175
0.330387
0.293562
-0.601100
-0.735875
0.383313
-1.245355
2.047169
1.843747
0.190931
0.788881
1.593610
0.571694
0.229859
-0.321511
1.849795
2.311169
1.276920
0.053045
0.596406
1.234465
-0.478171
-0.300296
0.849011
1.466423
1.817291
-0.479579
1.420065
2.505659
2.596851
1.862404
0.536852
2.121163
0.218540
-0.029505
0.511638
1.255783
1.086222
0.073773
1.917449
2.146549
2.066683
1.573304
0.417892
1.356574
0.427643
0.428260
2.463847
0.157065
0.743970
0.257429
1.182282
0.958573
0.176409
2.328498
0.873369
-0.721204
2.270299
-0.077374
0.659633
-0.049283
1.059940
1.352008
1.466793
0.103299
2.498813
-0.214751
0.941392
-1.366018
1.496996
0.309260
2.764795
1.118252
0.376088
1.533050
0.934618
0.328427
0.410463
2.911357
2.426716
1.294943
1.525119
-0.220913
0.160054
-0.576651
0.379072
-0.781214
2.219245
-0.888272
0.546902
0.381177
1.386485
0.228639
0.849777
1.651699
-0.619840
0.856545
1.827641
0.985859
1.084766
1.954799
0.700400
1.474798
2.313230
3.445050
0.894866
-0.300816
1.379205
1.438986
2.426751
0.278557
1.355932
1.370828
1.023806
0.538407
1.744092
1.200687
0.341047
1.597543
1.105564
1.329398
1.000161
1.669041
-0.223673
1.018706
2.307917
1.368831
2.021332
0.818723
1.713903
-1.157358
0.713368
2.787811
2.052733
-0.159248
0.731314
2.436786
1.836337
1.759604
-0.087354
0.449289
0.748758
0.353379
0.993043
2.015274
2.391546
0.962613
0.150291
1.944637
-0.627974
1.688693
-0.928966
-0.508604
0.404946
1.450726
1.612712
1.236261
1.639588
2.022433
1.807196
0.000769
1.025156
-0.073440
0.459173
0.306823
-0.123914
2.653467
1.663545
0.091816
1.172073
0.587277
1.321606
-0.720264
1.391566
1.623039
1.665979
2.666703
0.041304
-0.549178
0.901123
-1.430692
2.223319
0.385103
2.176187
1.771037
0.200351
1.755322
1.964041
-0.805944
2.030732
0.993271
-0.903473
2.247076
2.431949
0.953003
1.218128
0.002481
0.265774
1.351107
0.839618
-0.389847
0.998656
1.386652
0.158177
-0.074486
1.454257
1.659516
0.322305
2.122239
1.463333
0.395737
2.176382
2.071358
-1.223516
1.718747
1.315316
-0.685273
0.026330
1.997862
1.135156
1.277816
0.350015
1.902310
-0.362936
2.445799
1.660648
0.676316
2.540396
-0.296392
1.577747
1.918977
1.005153
2.255653
0.247919
1.984238
0.449856
1.540957
1.992863
0.761803
1.819218
-0.855307
0.642647
-0.861001
-0.143774
0.441758
0.498471
1.372705
0.369633
1.424488
1.517680
1.629740
1.333758
-0.021532
-0.170703
1.727640
0.942257
1.318999
0.935587
0.984562
3.373369
2.465250
1.641305
1.897093
-0.198063
1.035208
0.807955
-0.632009
2.362812
-0.542298
0.960543
0.727466
2.164082
-0.537955
1.680264
1.056323
0.469978
2.344684
1.326071
-0.755568
1.319778
1.488371
0.290483
-1.113797
0.631568
0.675308
0.079969
0.374636
1.919560
2.443547
1.277255
0.292181
