1000
2.572203
1.851656
1.179635
-0.444915
1.373903
2.141209
1.134537
1.849979
2.277456
2.077071
0.311997
-0.024445
2.304838
1.456006
2.528690
1.594618
0.114781
2.508946
1.432394
1.075557
1.219997
-0.536295
1.906506
0.218208
1.001801
0.503114
0.095675
2.117243
2.847621
1.708969
1.330529
1.259335
1.189687
0.736954
-0.420422
2.863362
0.657549
0.394800
0.168551
0.384328
0.611064
2.033825
-0.537982
0.855333
1.213590
2.853232
0.294497
1.525981
2.413903
0.023484
0.757438
1.430691
1.095200
1.707524
2.481579
0.755665
-0.580220
2.107023
0.554130
0.972025
-0.651870
-0.136412
-1.021354
1.106656
1.088769
2.190150
0.169981
0.811908
-0.575802
1.611428
1.394804
2.392458
1.135111
0.615959
-0.343014
-1.841027
1.281680
0.908677
0.726745
0.858243
1.919165
4.284005
3.299795
3.140541
-1.495538
1.670102
0.472684
0.425821
0.383548
0.835052
1.494072
1.369691
1.016230
1.534214
1.113077
2.217162
3.102026
-0.210206
0.883159
-0.047155
0.443864
2.974342
0.094640
1.368226
1.048161
1.136019
2.449057
-0.816560
0.005385
0.995016
1.722057
0.457943
1.770285
0.444204
0.247730
-0.533710
0.670515
2.152652
-0.124166
1.344043
2.479804
1.372552
0.030214
0.487854
0.224817
0.844061
1.075745
2.270185
-0.216663
0.447895
1.640545
0.563074
0.415308
2.881730
-0.044255
2.695639
0.987452
-1.599744
0.603502
0.410031
0.849260
2.890076
0.111120
2.759078
0.352433
1.368985
0.793968
0.282674
2.284951
0.900591
-1.075364
1.844727
-0.199960
0.743515
1.572295
1.009840
-0.170009
1.158886
1.474413
2.055297
-0.503561
0.963266
0.375095
0.751173
1.837731
1.125826
1.145789
-0.264255
-0.127014
0.403850
2.454709
1.396623
2.044323
0.275794
1.479676
1.940877
2.414664
1.384902
-0.038064
0.721247
-0.315376
1.275419
0.788754
2.262307
1.468847
3.407435
0.102199
1.311538
-0.164564
0.762381
0.183570
0.940734
-0.421536
0.226334
3.067121
0.417313
2.398859
-0.027872
1.046728
0.240380
1.999889
2.798053
-0.184812
-0.013727
0.520511
1.689704
0.998696
2.989757
2.161773
0.513573
-0.206085
1.644382
0.627606
1.031960
2.908524
0.213430
3.568214
1.904222
0.871514
0.456157
2.063991
2.041651
-0.428055
0.734303
0.830031
1.185061
0.547744
1.926064
1.535884
0.352784
1.384509
0.096373
1.876092
0.323919
0.715490
1.543137
1.045003
0.538899
-0.601614
-0.105833
0.395971
-0.233663
-1.627017
0.105601
0.918692
0.062236
1.337731
1.293985
2.144228
1.005459
1.721856
0.909852
1.840641
0.967969
0.121533
1.596480
0.756391
1.005121
1.119311
2.108591
0.036151
0.211912
1.377586
0.836925
0.493599
1.996632
0.487413
-0.426081
1.808398
0.527370
0.255979
0.741230
1.883763
1.103635
1.070339
3.013251
1.041128
1.025258
-1.586544
2.541015
-0.534711
1.550370
0.678702
-0.440293
-1.306822
0.412224
2.526503
0.383062
0.366925
-1.225075
0.277074
-0.006959
1.586630
1.403740
3.142290
0.226109
2.036046
1.527984
0.117572
0.913895
0.643898
1.351800
1.887280
1.605440
0.955604
0.046456
0.718667
-0.251902
1.545856
1.351594
2.257742
0.704495
1.765154
0.712054
-0.427722
-0.812868
-0.013522
0.866012
0.119356
1.034007
2.185716
2.539305
-0.117813
1.738897
2.983014
1.033310
0.095467
-0.293498
3.142456
1.184583
0.383319
-0.253134
1.800581
-0.474936
1.025677
1.864737
1.416366
0.606513
-0.439061
2.384094
1.655435
0.887251
1.406882
0.379526
0.573800
0.202759
0.247178
1.268461
1.882637
1.380812
1.983344
1.450590
0.276058
1.235098
0.125153
1.642181
0.254850
1.214110
-0.032865
0.367548
0.471566
1.700872
0.596738
0.108992
0.926632
0.247251
-0.117007
2.241822
0.034098
0.290345
0.834069
1.575847
1.496143
2.458894
-1.763518
0.477872
1.002241
0.550261
2.677831
0.176862
0.057200
0.480494
1.376277
3.044036
2.180283
0.768742
1.218160
1.391037
0.674610
2.085165
-0.537519
-0.258247
-0.795929
0.593470
0.719147
1.797268
0.324900
-1.200962
1.539436
0.794706
1.434806
1.695302
1.661151
2.074094
0.167286
2.312352
1.491989
1.104340
0.760979
1.127690
0.776618
-0.370779
1.087789
1.631775
1.905631
-0.161159
0.089891
-0.189066
1.126051
2.205577
0.462573
1.432291
-0.328586
1.518981
0.860161
1.681884
1.698136
0.778097
1.069800
0.592482
-0.941811
2.269079
0.668495
0.194413
2.104557
1.369187
0.617405
0.420910
0.786300
1.603881
-0.201058
2.695156
-0.376950
0.854097
0.154140
0.314544
0.167315
1.968458
-0.554297
-0.171899
0.881069
0.819470
1.862413
2.881080
1.226725
-1.458752
1.650015
2.447309
1.496451
3.238500
2.937495
1.038649
-0.845229
0.848563
0.837691
1.347309
0.601182
-0.101741
2.951380
1.565840
1.584383
2.173800
2.831457
-0.474444
-0.160290
0.890119
3.071913
1.687206
2.051566
2.848972
2.995042
2.336994
1.944475
0.359726
1.046114
2.381159
0.774933
1.483285
0.929226
0.134448
2.548506
2.279618
-0.118160
1.109666
2.767824
0.101203
0.748737
1.454160
0.533812
1.563259
1.946758
1.486363
-1.370512
0.677435
1.189921
1.002426
0.391602
0.260323
2.024272
0.346509
0.900026
2.000320
1.630722
1.756443
1.430202
1.008828
1.433714
-0.511835
-0.971960
1.050194
-0.347290
1.755774
0.369774
1.572360
0.723690
1.203939
1.143258
0.478643
0.799874
-0.241984
2.321103
0.506457
1.627455
-0.681553
1.338331
0.535783
0.763026
1.132315
-2.660853
-0.634995
1.479295
-0.213028
1.752595
0.181516
-0.370273
-0.142641
3.072169
0.322932
3.083369
-0.318814
1.434474
0.904041
1.582767
2.918584
1.267327
-1.396876
2.366261
1.223685
3.226255
1.529050
1.245078
0.641520
0.709036
1.465459
-0.216696
1.902382
0.819901
0.494967
0.393115
1.871686
0.814346
0.262825
0.457344
0.244078
3.644481
1.364385
1.755214
1.802970
0.973183
0.248916
2.105310
2.341835
2.070844
-1.237990
2.438049
1.667942
1.714478
0.370062
0.847680
1.374569
2.339303
1.475516
1.374110
1.769387
0.989278
2.009112
0.684383
0.416640
2.676411
0.286537
0.560458
1.379184
1.360916
1.430029
1.077072
0.332938
-0.516725
1.521782
-0.571396
1.812744
2.457133
1.749256
1.301870
-0.516165
1.824336
0.742798
-1.960036
2.536006
1.422240
1.420905
-0.063646
0.259289
1.580960
1.548945
1.424145
2.121339
1.567953
1.192784
0.530562
1.104572
0.304070
2.224762
0.217465
0.123334
1.728037
3.560106
1.540862
-0.483825
0.732949
2.136269
1.700463
2.130973
2.364864
0.146457
0.358448
2.136724
0.554505
1.893886
2.167978
0.888219
0.953285
-0.839768
-1.102414
0.243576
0.750498
2.941375
1.121035
-0.353162
1.849191
3.293846
0.251362
1.582475
0.284760
1.251962
-0.494597
0.964491
0.938153
0.121935
1.933744
0.968646
2.462919
-0.716157
3.358070
-0.052038
0.601427
1.181269
-0.697833
-0.758827
0.668534
1.520735
-0.861113
2.013277
1.795717
0.726668
1.704575
-0.139181
0.501818
0.143657
1.848111
0.325462
0.717207
1.585086
-0.730711
0.981212
1.046631
3.021583
0.878816
0.941102
1.660783
0.165363
1.061707
1.781509
-0.320260
-0.122005
0.526869
-0.165418
1.650177
-1.084588
-0.018119
1.347189
0.686249
2.882918
-1.285839
0.650748
3.383137
1.998671
0.705762
-0.257195
1.541535
1.488250
0.808201
1.551240
2.026502
3.861748
0.184033
0.469849
0.829423
0.820569
1.245963
-0.943609
2.180259
-1.820564
0.421271
0.613931
1.346250
0.534769
1.526470
-0.564470
0.333314
1.950295
-0.316814
1.334496
1.479662
-0.524262
0.637949
2.462439
2.468778
-0.259563
0.898236
0.950032
1.583855
0.744353
1.499691
0.129438
-0.149329
0.369021
2.068408
1.112290
0.514954
1.499059
1.015218
1.759456
0.442999
1.374449
1.037409
0.420062
1.042547
1.093105
-0.701575
0.435445
2.234118
0.711012
0.013669
0.585650
-0.540186
1.027405
2.671029
-1.225022
0.617925
0.710657
0.531181
0.806821
0.237329
1.400522
0.799121
1.102130
0.224298
0.715213
2.434693
0.813972
0.453366
0.508611
1.766534
2.552327
0.126262
1.180232
0.688860
0.112935
0.592046
0.915649
-0.230229
1.124327
0.582076
1.639889
0.266500
-1.432543
0.417333
2.123969
1.344495
2.072815
-1.402652
0.048504
0.420050
1.116210
0.996125
2.307588
2.022793
0.437489
2.095993
-1.468864
-0.589343
3.537428
-0.136872
1.534475
0.476950
1.793069
1.873532
0.968575
1.883920
1.011766
0.361750
1.960803
-0.045675
1.613822
0.004453
0.237672
1.097399
-0.456996
1.536345
1.555358
-0.062590
0.913103
2.043148
1.013295
3.887828
1.308640
1.777186
1.225722
1.043671
0.613142
0.154213
0.974274
0.666117
0.366903
2.210645
1.682374
-0.128805
1.503915
0.920091
-0.406814
2.297593
0.224059
1.142918
0.980420
0.174620
0.769302
2.041013
0.251672
2.260584
1.349385
1.916325
1.106027
-0.261511
1.439601
-0.633328
0.868093
1.428367
1.888531
1.677147
-0.015989
0.868356
1.038314
3.700905
0.715218
0.269899
0.335735
1.250221
-0.087736
2.656286
1.854369
0.586749
2.234647
0.669881
0.749913
1.341860
0.952884
0.233256
0.244109
0.271344
-0.112362
-0.225646
0.179208
1.702422
1.558368
1.487178
0.869145
1.500320
0.321771
1.762497
-0.854643
0.432496
3.099351
1.388396
3.105536
-0.146521
2.041398
-1.791709
-0.073295
1.513511
1.971393
0.782357
0.488035
0.916709
0.725621
0.800119
1.545007
1.655882
0.736963
0.203563
0.943345
1.916852
0.884309
0.642246
-0.778162
0.712476
1.256066
2.018935
1.518054
2.888506
2.970622
-0.100748
0.262584
0.315084
1.774648
2.628288
0.787570
-1.064217
-0.219194
0.810605
0.537868
1.534640
-0.787604
1.654642
1.415732
1.513794
1.030954
0.605135
2.064460
0.989945
1.411168
1.715880
0.476151
0.967340
1.058123
-0.160465
0.800196
0.743549
0.954838
1.364188
1.333199
0.172517
1.088731
-0.381087
1.571795
0.286356
1.170191
-0.179307
1.289685
-0.167896
0.707478
1.227073
-0.296643
0.849327
2.172262
0.677561
1.535140
1.254142
0.992812
1.726309
1.579446
0.242433
2.360237
2.652289
1.063173
0.390510
1.450707
1.128200
-1.147741
-0.717468
1.735323
