1000
-0.866243
3.161252
1.990738
0.425113
1.494341
1.554537
-0.439419
1.867515
0.867455
-0.126669
-0.826799
-0.177616
1.194843
0.520897
2.225810
3.042316
-0.430445
0.764425
-0.569328
-0.263179
-0.486773
0.644651
2.583978
0.498610
2.253170
0.617400
0.590814
1.267470
1.378753
1.076748
0.077800
0.982001
1.477615
0.560123
0.587997
1.073937
-1.002289
-0.746713
1.603177
2.001563
0.866760
2.104205
0.436560
2.692291
0.203489
3.028505
0.937380
0.517056
0.663845
3.963279
1.558634
1.470461
1.521889
0.071431
0.528420
-0.386154
2.065427
1.379447
0.524723
0.579293
0.861267
0.024984
-0.502672
3.316081
1.085477
0.320268
-0.144171
-0.654276
1.473385
1.690529
1.974571
1.101070
0.711352
1.447905
1.298344
0.743181
0.381868
-0.433217
1.360799
1.577639
1.823109
0.047913
1.242868
2.465671
-0.009925
0.493866
0.720217
1.744937
3.402907
0.397150
1.059371
0.439412
2.197991
-0.384489
0.813028
-0.115421
0.020603
1.743321
0.435398
-0.561887
0.759736
0.585243
0.931435
1.721008
1.309410
0.947402
1.886539
1.065114
0.982568
1.613215
1.330389
-0.732713
1.049417
0.298682
0.065478
0.428986
1.242896
1.235402
0.774582
0.490475
0.696526
-1.163399
-0.359216
1.541987
-0.106856
1.121429
1.760990
1.842805
0.574747
-0.113438
1.877518
1.551077
1.229183
0.942683
2.260227
-0.216373
0.719198
-0.331570
1.412024
2.163442
0.839398
2.036377
1.764824
0.975296
2.465991
0.843061
0.614575
2.959136
1.459880
1.142111
0.684232
0.928161
-0.207757
0.155735
-0.328957
0.499055
-0.066080
2.437651
-0.076467
0.428332
1.118535
1.158759
0.148002
0.901284
0.079911
2.420394
1.684116
1.241398
0.005430
0.832488
1.147879
-0.268027
0.655654
0.523495
2.504080
0.942019
2.474022
-0.352444
2.374305
0.448446
0.354517
1.256269
-1.173564
1.845256
2.157854
0.919917
-0.574743
1.205943
1.938430
0.610026
0.346291
0.255004
0.890689
0.323764
0.403692
0.329780
1.521169
-1.202038
1.420492
-0.703126
1.292023
-0.221506
0.958420
1.028542
1.575523
1.018427
-0.012816
1.048290
0.854583
1.468501
0.621137
-0.273887
2.238846
1.513753
0.088907
2.215113
0.204823
0.514541
2.858693
0.008050
3.289997
0.730122
1.110712
0.120600
-0.452411
1.202737
-0.204642
0.144657
0.000753
0.728065
1.199298
-0.117118
-0.085003
1.186564
1.021884
1.681949
0.652508
2.092028
0.529985
3.341017
-0.680161
2.525678
0.940958
0.264597
0.392427
3.011313
1.067568
1.125685
0.304855
0.294903
2.615724
-0.401731
1.829632
0.897487
1.827686
3.076562
0.513616
3.088994
-0.335100
0.746792
0.726863
2.115277
2.038747
0.528634
1.130852
1.294569
1.436368
-0.574459
1.002254
2.458589
0.628168
2.136295
2.983044
0.124458
1.767480
0.366078
1.105722
-0.158325
0.044669
0.974600
0.810258
1.568984
1.988991
1.453243
2.168148
1.665011
0.418803
0.305139
0.974732
-0.330571
1.283967
-0.615582
-0.020345
1.202976
1.225537
1.063769
-0.501408
0.317291
0.369543
-0.133908
1.171004
0.817963
1.839181
0.612120
2.404208
1.197276
1.444236
2.569439
-0.490311
1.687143
-0.501502
2.029042
1.327852
-0.308054
0.310961
0.007999
2.180819
-0.923193
-1.193448
1.464288
1.872695
1.819089
0.575226
0.178679
0.333853
1.398106
-0.506308
1.178725
0.997474
0.238119
2.095745
1.139811
1.007079
-0.410632
1.800830
0.755224
1.256800
2.373732
0.567916
0.433912
1.654634
-0.604745
0.255019
0.906042
0.885446
-0.128607
1.554122
0.475678
-0.393064
1.648247
-0.083096
2.241275
1.109802
0.584402
1.607002
0.594915
0.397768
0.893522
0.087498
0.396821
1.493642
-0.134497
0.355738
0.519506
3.589403
1.541483
0.412075
-0.221451
2.864607
0.280706
1.730592
1.444893
0.858487
1.283090
1.409451
1.016032
1.568207
2.022360
-0.711308
1.475944
1.318291
2.671202
2.692967
2.232255
2.563518
1.270465
0.238096
1.145158
1.872009
1.256142
0.354805
-0.647132
-0.526968
1.755706
-0.884953
1.250239
0.046206
1.558150
-1.166124
-0.281569
-0.334361
0.117916
2.579346
0.468447
0.383123
0.167767
1.161636
1.495948
1.060556
0.692717
-0.460147
1.692672
-0.039353
0.977561
1.836197
1.545190
0.524176
0.626959
2.365966
1.354901
-0.488224
0.393920
0.606682
3.459012
-0.887761
4.253725
1.244077
2.205306
3.171797
1.306021
2.560523
2.386297
0.258654
-0.677753
1.254400
1.341184
0.815453
1.807702
0.408058
2.856461
0.060087
2.409221
1.663715
1.483688
1.797713
1.057360
-0.178070
1.706355
1.083173
2.824426
2.713946
2.010672
2.299538
-0.592581
1.908462
2.264863
1.648459
1.491052
-0.327043
1.053278
-0.548099
1.024859
1.001625
0.547389
1.278858
1.476664
1.371718
1.640858
0.855475
1.693217
1.008835
1.317303
2.626598
2.268555
-0.730083
1.593417
1.936572
0.801420
2.176212
0.695588
2.930677
1.153361
1.761470
0.043599
1.593159
1.186722
0.175576
0.950271
2.138884
0.033318
0.349867
0.409786
1.988251
0.642502
1.876783
3.597333
-0.462081
1.514224
2.042422
2.248501
1.465124
0.078972
1.422052
0.534833
-0.408740
2.621994
0.992370
2.338845
2.182635
2.256829
1.602819
0.275586
-0.969563
-0.041786
0.894379
1.941601
-0.063106
1.357813
1.501279
-0.503942
1.542006
0.798716
0.383712
1.949603
-0.446509
1.641984
3.222558
1.090994
1.343704
2.729063
0.744833
0.677970
1.519923
0.778301
1.004084
2.786716
0.574379
1.382754
1.125519
2.269221
0.439438
-0.766776
2.152342
0.985476
2.527309
2.188390
3.548824
1.820675
2.343445
2.242766
0.817738
-0.259241
1.567248
-0.062830
1.717352
0.490137
3.303882
0.669268
-0.924808
-0.180012
1.865057
0.856404
1.975968
1.416068
1.689016
0.012707
0.957761
2.713895
-0.412788
0.986114
2.249683
2.733726
1.539777
1.670681
0.717252
2.135499
2.674683
1.887700
0.789713
2.330904
0.147543
1.203450
1.775037
2.480803
1.517169
0.864023
1.197489
1.210849
1.885340
-0.243047
1.740290
0.662962
1.256795
0.677265
1.905738
-0.712394
-0.052449
2.303393
2.498913
2.199394
1.485808
0.905373
1.535570
-0.834968
1.255279
0.705522
1.297623
-0.232628
0.580154
-0.421346
-1.365045
3.526832
1.181432
2.317449
1.316900
0.213764
1.873935
1.903122
-0.242512
1.222606
0.888401
1.397317
-0.010617
1.592998
0.849573
3.047232
3.459713
0.497264
2.356091
1.388818
0.269290
1.207150
1.798551
2.047055
0.868208
-0.431609
1.273823
1.908657
1.129105
0.898906
0.747169
0.405337
0.856366
1.342383
1.568021
1.425046
0.226756
0.739864
2.003375
-0.520554
0.813126
1.444152
1.796238
-0.059560
4.019367
1.072396
1.817577
1.715295
1.039238
1.683345
2.121193
1.651107
0.017633
0.703040
2.432172
1.946948
2.215784
0.574296
0.301542
-0.300011
0.792219
2.041972
1.624786
1.158427
-0.315829
1.163993
0.615427
-0.276670
2.175051
3.148253
2.148613
2.226602
0.686027
2.364825
2.388543
1.767208
1.743095
1.039873
0.400381
1.239156
1.866939
1.847777
-0.436145
-0.014013
0.208740
0.593352
0.848567
-0.168589
2.070809
0.266111
1.012632
0.640545
2.377472
-0.386038
-0.732720
1.249576
0.123521
-0.586439
1.841319
0.127619
2.536108
0.846651
1.440064
0.697513
-0.395785
0.198435
1.720173
1.058932
3.025561
0.211162
1.692266
2.570633
-0.322036
2.221819
2.583692
0.439588
0.068008
0.452940
1.726774
2.721002
0.194835
1.812429
1.699847
0.322919
0.729721
2.115905
1.931902
0.488215
1.119751
2.003235
0.029847
0.847955
0.160395
2.306201
2.656347
1.944536
1.753352
1.707796
-0.066610
0.881675
0.369258
1.167124
2.071954
0.336221
0.194620
0.529007
0.618623
0.236311
1.272558
0.036779
2.746283
-0.299203
2.994376
1.612288
2.278857
1.833073
1.390570
-0.536284
1.805722
-0.826656
0.510900
0.145193
0.406573
0.018819
1.472444
1.541668
1.441244
2.799354
1.612096
-0.161975
0.057779
0.710308
-0.237245
1.657329
0.226297
1.318594
-0.254458
2.077785
2.302012
0.128907
1.404389
-0.132844
1.382770
0.117770
-0.867191
1.099503
-0.498190
1.853100
1.460876
0.182326
0.820584
1.566498
2.667110
2.147400
1.588646
2.203985
0.585959
-0.445604
1.478301
0.920344
0.606551
2.129211
0.000217
1.677635
0.271502
1.403835
1.252321
0.738492
3.167571
2.991313
2.213082
1.253559
1.958393
0.402430
0.914388
0.013697
2.445394
0.591673
0.506310
1.777017
1.797566
1.475601
2.093366
-0.653157
0.586845
2.311978
1.469479
0.054672
1.744799
0.447337
0.944110
1.191297
2.701023
1.116910
-0.003471
0.217983
1.379966
1.757415
2.343586
1.047398
1.246295
1.496487
-0.057653
0.954592
1.324944
0.790404
-0.361755
1.784503
1.527238
0.681191
1.834055
1.022756
-1.030069
2.394894
0.796156
-0.092392
3.509296
-0.177509
1.275159
0.738282
1.851274
1.510014
0.665163
0.155517
0.763721
-0.211057
2.122044
0.489941
1.583397
0.303846
-0.255863
1.730739
0.347417
0.191767
0.083099
3.880175
-0.032963
0.624007
-0.098905
-2.201296
0.993783
1.314840
-0.007887
-1.242528
3.896575
2.217815
1.565679
0.541085
1.788288
1.883173
-0.017572
0.373356
1.725570
0.735964
0.574103
2.682448
0.699193
1.213203
2.723373
0.548501
-0.510541
0.210251
0.879269
-0.415260
0.227497
0.260390
1.496230
2.012967
-0.358424
2.310821
1.141070
1.382195
1.346508
0.598717
1.661411
2.325102
0.197660
-0.714435
2.155536
1.431586
2.433274
-0.287694
0.506501
1.841235
1.844495
1.395945
-0.082176
-0.637798
0.932996
1.667694
2.748087
-1.458192
1.043355
-0.161015
1.327781
1.104957
0.610459
1.156635
0.907035
1.738265
1.795944
0.909160
1.801277
1.305318
1.384820
1.646137
1.543498
2.545738
2.720025
1.685286
0.707736
-0.666525
1.315337
0.879489
1.017756
1.318427
1.111188
0.704785
0.686744
-0.029531
0.125904
1.278612
1.716554
1.387313
0.322346
0.866699
1.325142
0.691491
1.566146
1.334712
0.874001
-1.251271
-0.060793
0.963912
0.476677
1.601233
0.061481
2.138109
1.177714
1.074723
0.374838
-0.106049
1.861641
0.478449
2.095872
-0.261748
1.526440
1.585811
1.043987
0.220276
