1000
0.593262
0.078791
3.199894
1.421310
0.895289
0.531865
-0.328216
3.883534
0.207126
2.117241
1.542292
2.429373
-0.106820
1.636272
-0.023994
0.603563
0.049787
-0.216994
-0.398531
1.912921
1.749852
1.329626
-0.010196
0.617131
1.543725
1.400079
0.236536
2.946552
-0.888822
0.109822
0.906820
1.027747
2.300358
-0.019088
-0.708846
2.326744
0.437046
2.865182
0.328482
0.198240
0.270777
0.766430
0.196543
1.687523
1.234933
1.562110
2.048931
-0.025032
1.539521
-0.309083
0.853867
0.874140
2.332233
1.542812
0.552816
2.059276
1.561566
2.025910
1.992689
2.530333
1.907738
2.451729
0.263607
0.516855
0.856550
1.947214
-0.389391
0.707286
3.312131
2.720749
1.070979
0.712719
0.866007
1.944633
0.995394
2.451651
0.451938
1.494442
0.517007
1.660440
1.240824
0.382758
0.118197
0.730299
2.223388
-0.366269
1.313102
2.262939
1.085130
2.373709
3.193366
0.182641
2.035877
2.344869
1.537219
-0.431214
2.905833
1.233217
-0.293330
0.881057
1.035334
0.294978
0.518059
0.672148
1.962964
2.509607
1.906269
0.150569
1.744212
0.948199
1.179010
-0.024591
0.779739
3.575803
1.488831
2.426243
1.763784
3.465039
-0.411566
1.502289
1.049456
1.306675
0.572667
0.882969
1.643999
1.285999
0.231739
1.264074
-0.181620
0.199469
2.360893
1.627337
2.378002
-0.236890
0.381356
1.021087
-0.297990
1.006241
0.003515
-0.868987
0.952466
0.614849
0.463252
-0.762840
0.635346
-1.040082
2.465998
-0.320257
-1.097965
1.146647
1.281495
-1.477854
1.620547
-0.575163
1.055582
0.666054
1.424110
0.067904
-0.351186
0.386901
1.140785
-0.065632
1.268291
0.370139
1.861865
-0.244131
1.184599
1.730987
1.696302
2.041001
1.015025
0.186571
1.063502
1.131252
0.617641
1.193787
1.807198
1.977258
0.553309
-0.189822
1.399089
1.802228
1.261412
1.277308
1.225954
1.967230
-0.299693
2.188503
0.346784
3.202014
1.474166
0.495547
0.576229
1.368462
-0.194925
0.666346
-0.146931
0.948601
-0.013517
2.211080
0.332644
-0.499790
2.335771
1.411796
2.381483
0.395872
3.584859
0.382535
1.155736
1.832855
-0.167683
2.187189
-0.045078
0.514349
2.088780
0.797703
1.834486
1.730409
0.679964
1.207167
1.024819
0.550259
1.064875
0.520378
-0.102819
1.874829
0.985640
0.146814
0.216738
-0.331029
0.714980
-0.626469
2.177903
1.971072
2.096210
-0.084685
0.972149
0.568034
1.119567
-0.546523
3.020523
-0.139136
0.489027
0.436764
2.471055
0.357598
0.631263
0.345802
0.515272
2.117951
2.428778
1.430467
-0.000585
1.333222
1.041454
0.613496
0.307391
-0.371707
-0.048766
-0.504558
2.384969
-0.562537
1.217567
0.535104
0.043915
-0.271583
2.793842
2.085983
0.803058
3.516475
3.246602
1.000656
1.595986
-0.889411
-1.035336
1.222223
1.120185
0.321912
0.568935
-0.176243
1.559296
2.447892
0.461402
-0.166573
-1.600581
1.145754
1.050343
-0.043126
-1.353398
2.043676
0.181120
1.308547
1.050049
1.455005
1.358212
0.833712
-0.190918
0.795913
1.741501
3.006098
3.421750
0.610122
2.312030
1.110623
-0.657081
2.334059
0.413990
1.204261
0.838854
2.081144
-0.357314
1.103417
1.692055
2.880619
-0.743149
0.689445
2.198315
1.726428
-0.240749
2.236502
1.769879
-0.430232
0.995851
1.431791
0.777910
0.039612
1.529256
0.204083
0.941612
0.347336
0.576444
0.724571
2.947085
0.732206
0.187272
2.174170
1.118165
0.800109
2.127380
1.221151
1.185403
1.484240
0.989646
1.103110
0.288407
-0.104636
0.647126
1.210333
-0.229014
1.940055
0.400192
1.257830
3.525039
2.448518
0.931902
0.756566
0.823753
1.423169
0.418129
-0.371217
1.476729
1.714497
1.205745
1.252343
0.933088
-0.817265
2.749771
1.131362
-1.273222
1.796395
1.635952
0.723460
1.696539
0.650378
0.390840
1.126698
-0.098183
0.762385
0.856168
-0.318065
1.441102
3.460233
0.465521
1.327088
-0.509803
2.725515
1.933512
0.862791
1.068454
1.353868
1.167032
2.693399
1.709376
0.666553
2.789198
0.716562
2.514306
0.534765
0.646274
1.459951
1.511059
2.173109
1.721342
1.873800
1.354597
0.257360
0.120295
-0.782313
1.278760
0.966412
0.109739
1.246797
0.134517
0.030023
0.821623
1.247934
1.065525
3.331643
1.665645
0.530299
2.871146
1.324383
2.206573
3.368786
1.264901
1.695847
1.949087
1.253446
1.797814
2.330519
1.617476
1.378526
0.083367
0.097321
0.408829
-0.688773
-0.559940
2.173079
0.122631
-0.237446
-1.111900
1.917836
2.847212
0.728599
1.577835
0.947372
2.009685
3.934915
-0.879628
3.713116
1.105040
1.003474
1.379381
1.968205
1.088700
1.895220
1.120268
-0.015273
1.024072
0.667488
2.822652
0.563289
1.028200
0.518330
1.666005
1.516530
1.028859
1.275220
0.559512
0.218899
0.674437
1.415179
2.344283
1.962120
1.347992
2.628101
1.407464
0.589260
3.152097
0.526075
1.477434
0.181131
0.941254
0.611668
1.177083
1.579546
1.144230
0.982155
1.373765
0.330085
0.404827
0.310598
0.047080
1.743403
-0.190151
0.565277
0.113463
1.316005
0.132112
1.022297
0.874096
2.130131
1.919146
0.227234
2.100056
-1.135569
-0.410569
1.142412
-0.214898
-1.349712
3.109295
0.559483
1.896490
0.998841
1.445897
0.838210
1.840214
2.146916
0.201974
1.688043
1.106025
0.025106
1.029165
0.799499
2.614021
1.513082
1.175873
0.548946
0.154960
0.112732
-0.055136
2.872828
-0.872871
1.082225
1.171082
0.082815
1.146704
0.654886
0.985755
0.481584
-0.438933
2.071941
-0.557943
-0.650475
0.931068
0.649080
-0.100952
0.530600
0.696636
0.681175
0.586278
0.469002
1.093155
0.057509
1.999775
1.722971
2.393471
-0.053651
0.815223
0.854630
0.831524
3.216958
2.364155
1.399751
0.297013
0.606114
1.801260
0.515973
1.355189
2.022199
1.280510
-0.336300
0.336931
1.716029
1.709550
1.900135
-0.420349
2.433084
2.742658
0.022342
1.247862
2.232306
2.284426
0.262365
-1.058027
0.940853
1.207770
1.236435
0.264880
1.326760
1.462217
2.090752
3.171864
-0.835694
-0.178149
1.188931
2.618008
2.197507
-0.011036
0.503972
1.899956
0.355428
0.722529
0.681115
-0.151948
2.119557
1.839744
0.377673
0.686461
2.471974
1.280892
0.341850
0.472071
1.142377
1.936888
0.174395
2.253550
0.990787
1.269049
0.275460
0.880367
-0.719229
-0.814237
1.440398
2.339723
1.485291
0.820602
1.537464
2.663764
-0.680805
0.736572
0.756232
1.250481
0.994011
-0.749888
-0.417293
2.013704
0.351931
0.456783
0.539735
1.924871
1.102642
2.215894
2.182566
-1.372274
3.102059
-0.744644
1.377152
-0.573778
0.833188
0.305717
1.327321
1.574726
0.413767
1.842157
-0.619715
0.301836
-0.092611
-0.476139
2.255854
0.644587
1.174472
0.620982
-0.056250
1.209594
1.492909
-0.207032
0.730189
0.060748
1.256875
0.549115
2.907274
2.800062
-0.822472
1.455276
0.825311
1.948947
1.555320
1.632061
1.958980
1.171954
0.484394
1.458059
2.592523
1.125432
0.669057
0.983622
0.734918
-0.820125
1.254861
-2.584108
0.506522
0.818337
-0.901356
-0.671089
1.883080
2.258953
0.719616
1.496691
0.808465
1.179541
0.183918
3.224258
2.646333
-0.787919
1.108485
1.040013
1.034122
0.625598
2.466916
1.649331
1.801382
1.749856
3.378965
0.052255
0.293550
1.302510
1.083536
1.566285
-0.327370
0.742365
1.141574
0.747314
0.585382
-0.749738
1.395103
1.373040
1.918979
1.964579
0.829101
-0.012649
-0.204101
-0.036279
1.279284
0.299803
1.721159
-1.063769
0.120875
1.880431
0.401408
0.177686
2.520638
-0.117426
-2.038055
-0.393019
2.985959
1.694260
0.610567
-0.449010
1.369246
1.345559
-0.032656
1.013516
1.828357
0.948093
2.402123
0.318858
0.647047
2.014745
0.777607
-0.042358
-0.301697
0.904991
1.634812
1.729723
2.741885
1.588929
2.501974
1.002535
1.830221
1.720287
1.259118
0.358460
0.823441
0.414509
0.419182
-1.604972
1.625849
1.703844
1.731420
2.346167
2.329699
0.941795
1.029310
1.628536
2.546925
1.942624
1.251842
0.731594
2.079762
1.406326
1.936602
0.207688
1.276467
0.100906
2.050511
0.820134
1.305447
-1.532863
0.718508
0.033470
1.700546
1.367890
0.991434
1.594016
2.667717
1.108620
2.602094
2.281653
0.802904
1.370488
1.271475
1.713511
1.704615
-0.427933
0.052119
-0.485747
0.297438
1.406164
1.289015
0.601917
-0.060049
-1.795809
0.609399
1.777481
1.159045
0.977136
0.629005
3.109911
0.402581
0.687037
-0.985156
1.445850
0.931665
-1.836225
-0.264344
0.989322
0.449451
0.644583
0.451662
0.715255
1.277398
1.122155
0.579556
0.589979
0.281156
0.568146
1.090506
0.045138
0.208726
1.656868
3.481769
1.660394
-0.619049
0.779071
1.039933
2.526583
1.188649
0.853601
-0.993613
1.691321
1.285272
0.232403
0.487044
0.427168
0.895434
0.421327
2.127229
2.816881
1.470746
1.187355
-0.351144
0.928023
0.228724
1.454726
0.816549
-0.774854
1.691248
0.921630
1.983308
0.853555
1.559457
-0.494041
0.101873
2.236102
0.918220
0.597961
1.628840
1.128995
-0.141437
0.804326
-0.649974
0.706440
1.009540
0.854903
1.870544
2.258553
1.431267
3.661699
0.730115
2.047710
1.308087
-0.014437
1.195211
-0.342661
1.122095
-0.130006
1.306733
1.326435
1.479015
1.440762
1.523878
0.473178
2.473851
2.481452
1.749085
1.384448
1.424189
-0.287671
0.712705
-0.600263
0.742698
-0.682960
-1.641042
0.848751
1.389722
0.355953
1.731951
1.910325
1.796455
1.892170
0.589366
1.725088
2.764124
-1.598033
0.119153
0.773334
0.545739
0.850451
0.543995
1.897751
-0.056277
0.808242
0.212346
0.179689
1.175739
1.676594
1.067374
0.917327
1.105878
-0.461122
2.847390
-0.650966
0.731847
1.914486
1.022285
1.787256
1.582029
-0.168208
1.037665
0.444606
1.224642
-0.161396
1.373217
0.544283
1.171114
0.099434
1.280896
-0.346518
1.437863
1.444940
1.545036
1.451856
0.930920
0.900394
-0.055101
0.663082
1.215329
0.275409
2.401316
1.830274
1.131836
0.908526
0.849406
0.397597
2.747953
0.118637
1.552058
2.603098
-0.942212
0.823499
0.436031
0.540751
1.995036
1.730871
0.376765
-0.844866
1.881539
1.090233
-0.136849
