1000
0.690041
1.717886
-0.903999
1.162180
2.252471
-0.923072
-0.392107
0.871831
-0.024719
2.887335
1.992134
-0.112863
0.236211
1.279500
-0.408234
1.509098
1.110407
0.944128
1.023765
0.967153
0.198608
0.294585
1.836083
1.519004
0.112881
0.284537
0.767708
-0.523092
0.898034
1.190404
0.719784
1.013851
0.873114
1.662542
0.771747
2.133599
-0.150553
1.078966
0.101036
1.336342
1.696151
1.385737
2.589318
0.401531
2.172446
0.656094
0.296087
2.268379
1.482697
-0.084561
1.462128
0.319446
1.208388
1.598269
-0.530092
1.502364
0.577804
0.701376
2.047610
2.048400
-0.100663
0.828245
1.507187
0.489166
0.752956
-0.028607
1.896422
0.234377
1.461448
1.885545
2.110576
1.091792
1.288549
1.205316
1.857821
1.491093
1.588919
1.665967
0.176330
1.375905
0.555690
0.882845
0.563663
-0.794673
1.404326
1.630946
0.134961
-0.396531
3.064042
1.574927
1.901879
1.408112
-0.676370
-0.064937
0.523272
-0.249699
1.417811
1.512046
3.362647
0.856764
2.184702
0.602210
0.762773
1.631669
1.537454
1.758017
0.341956
0.069773
1.017665
1.265610
1.241455
0.048158
1.711834
2.331470
2.627133
0.775028
-0.688140
-0.325207
1.681000
-0.514585
0.434316
0.006244
0.374135
0.538767
1.243300
0.826537
0.829673
1.327442
1.626732
0.374700
3.217032
1.686778
1.391734
2.287471
3.840178
-0.177931
0.742479
0.591651
1.766897
0.347483
2.764197
1.985083
2.654229
0.476097
0.254617
1.217784
1.589276
2.749114
-0.029520
0.405796
-0.703964
1.619957
2.194563
0.952116
-0.575912
1.237945
0.990938
-0.150352
2.090802
1.464814
1.767232
0.570736
-0.006047
2.491093
1.047639
0.377954
0.690352
1.384331
0.450716
-0.384599
1.281885
0.715444
-1.486346
0.273033
1.312034
1.843561
0.793327
0.919100
0.924289
1.355555
3.576005
1.950491
1.059106
1.136817
1.572937
1.369756
1.874677
1.997412
2.043094
1.658886
0.382989
2.296998
0.659022
0.526657
1.408303
0.875283
2.579111
1.649944
2.524374
-1.105989
0.487051
0.966614
-0.297809
1.567778
0.620236
1.824632
1.196432
0.328517
1.727293
1.726679
0.778657
-0.048587
-0.695489
1.257879
-0.077026
2.138351
0.352494
0.435451
2.090532
1.256366
1.868026
1.152287
1.427524
2.600863
3.364762
0.503176
0.833808
0.831657
-0.220196
1.440549
2.725977
0.597132
3.162942
0.028740
1.812447
0.796593
0.405677
1.107155
2.514790
0.198389
2.958328
-1.403485
-0.279122
0.424385
2.214734
1.063152
1.681305
-0.026284
0.142226
-0.283988
-0.184689
-0.033205
2.805825
0.361787
1.775101
0.289060
-0.747860
2.402378
1.043345
1.011161
1.542794
0.109261
0.497571
0.575612
1.667120
1.266034
-0.038416
2.523783
-0.339259
1.559058
-0.514284
0.656780
2.530893
1.624151
1.987147
0.435846
0.809786
2.214262
-0.756800
0.565021
3.072225
1.511342
1.190804
1.106095
0.406886
2.878725
0.047872
1.453847
2.339021
2.609885
0.951929
1.231984
-0.357711
0.019907
0.726419
1.778197
1.338875
-0.684595
0.411459
-0.295563
0.603954
0.869220
1.324579
2.608069
1.308211
0.077120
3.345806
0.332215
0.049610
1.227473
1.388535
0.367444
2.098752
0.389876
0.067145
-0.162997
0.997411
1.074068
-0.558117
1.667656
-0.170818
-0.424332
1.127588
2.215159
0.528747
1.409856
2.130541
2.102303
2.418663
-0.099518
0.086400
3.449551
1.809806
-0.595657
2.092033
0.813858
0.607839
1.417787
0.153271
-0.252886
-0.629289
2.640463
0.019323
0.656786
0.807925
0.214103
0.078905
0.611570
-0.565479
1.169885
1.762958
0.703261
2.604804
1.911746
0.102267
1.033171
-2.023828
0.897148
1.622971
-1.216482
1.051265
1.719517
-0.786421
0.672426
2.212997
0.799731
-0.135416
-0.649315
0.564088
-0.074331
0.943438
1.350986
1.365722
1.672968
0.544195
0.465006
0.792093
0.804077
0.550297
1.486624
1.013198
-1.364442
-1.141786
0.312649
1.505120
2.282232
-0.661146
2.342612
0.794412
1.586209
2.128950
1.851495
-0.457283
2.002266
0.565529
-0.460829
0.724007
0.307373
0.267660
0.872332
0.590319
-0.268133
2.514874
0.460958
-0.620779
1.924372
1.294313
1.077940
1.266105
0.076751
1.774522
1.588199
0.273107
-0.643285
2.454364
1.358561
2.899160
0.527879
2.075136
-0.701595
2.944533
0.255310
2.500564
1.392003
1.235384
1.388749
1.609170
1.440125
0.971010
1.293367
-0.151057
1.577434
1.208555
1.453368
1.520585
1.758073
1.299352
-1.531011
1.836706
1.869261
0.878097
2.913586
2.647972
1.495264
1.318132
-0.470277
-0.198772
-0.299802
1.301154
1.916005
1.944225
2.051485
2.189228
-0.843203
1.819496
-0.301045
0.353484
0.963848
1.892434
-0.430022
2.331431
0.604746
1.205990
0.772769
2.389823
1.109178
1.834751
0.564885
0.621380
0.049552
0.206694
0.396966
1.470778
0.578708
2.323486
1.747518
0.479929
-0.043730
3.176240
2.113187
2.064611
-0.354831
2.244550
1.328239
2.148562
-0.685851
0.504023
-0.409206
1.737221
-0.222765
-0.399837
0.937200
1.158102
2.496055
2.139030
0.966450
-1.275072
1.613817
0.958650
0.115841
2.420471
1.482342
0.516763
1.130787
1.266347
1.658215
1.866667
0.715398
0.039440
0.463024
0.690869
1.512626
-0.665347
0.930671
1.283347
0.284794
0.837114
1.256180
0.390293
0.036983
2.044147
1.379371
0.636899
0.544066
1.537933
0.775789
2.232207
1.034645
0.384279
0.612646
0.390192
3.641134
2.563859
1.262157
1.510869
0.374862
1.196058
1.200475
2.823005
2.390774
1.547772
2.431713
0.551432
0.198037
1.739050
0.590261
1.685251
3.118661
1.082320
0.783947
0.309429
1.885097
2.115442
-0.245584
2.059289
0.425388
0.211283
0.925868
0.874105
2.025162
0.422709
0.298909
2.398622
1.957660
-0.297615
1.595272
0.078031
0.480293
1.558583
0.782314
1.026499
1.127503
0.523596
0.305570
1.170877
-0.143547
0.640638
0.886684
0.115142
2.591017
0.503062
0.623089
2.079583
1.079934
3.074832
0.359092
1.104996
1.920447
-0.361655
1.477472
1.293276
0.434363
1.578024
1.023414
-1.372216
1.167503
0.899250
-0.671755
0.529291
0.877026
-0.072082
1.885659
-0.231321
-1.508962
0.813866
-0.402092
0.410815
0.221304
-0.044398
2.492816
1.972599
1.039091
1.786680
-0.380564
0.019443
1.393077
0.328412
0.671180
2.504402
-0.249815
0.967974
1.210520
1.122062
2.984308
-0.467727
0.479511
0.843247
1.481326
0.863854
0.508328
0.238813
1.112773
1.784026
-0.413555
1.856975
0.858738
-0.815828
2.066747
1.199001
-0.496934
2.137851
-0.863534
1.374850
-0.413986
1.028964
-0.291849
-0.276688
-1.169719
0.892879
0.669944
1.127473
0.053870
0.579646
2.067052
-0.665492
1.156497
-1.355656
0.787566
1.616324
0.992150
0.205724
3.566853
1.154116
0.647094
1.541667
2.174811
1.984492
1.350743
0.537286
2.583436
-0.334895
1.880669
0.543819
0.942269
1.154110
0.913516
1.443407
-0.432490
-0.437068
0.138276
1.182280
-1.454548
1.779722
0.416658
0.905561
0.116434
-1.433097
0.651178
1.983529
-0.187114
0.819523
2.902799
1.927258
-0.231666
-0.146783
1.365769
0.814011
1.925102
1.038082
2.611922
1.331242
1.276799
-0.198967
0.118149
1.550184
1.129535
1.412761
0.541366
0.864522
-0.524914
1.490153
2.233646
0.529001
0.846939
-0.044446
2.482964
0.890353
1.705063
1.407765
-0.362196
0.517131
2.080628
1.244357
1.093164
-0.043809
1.402917
1.543419
1.173513
0.447472
0.614393
0.879761
1.625645
0.853074
0.020371
1.327513
0.863763
2.211885
1.655933
2.609123
-0.216802
0.702185
2.182288
2.345841
0.675441
0.122842
-0.946899
1.317071
0.377573
1.416920
0.657753
1.226558
1.347363
-0.070682
2.583198
2.931599
1.595405
0.952350
0.441317
-1.103783
1.904520
0.218366
0.791760
2.407927
1.512891
1.599160
1.555112
-0.029299
0.773389
0.630536
2.791261
2.621117
1.933381
0.128248
-1.038656
2.632622
1.163297
0.370817
0.184871
1.236626
0.677274
1.178538
0.503679
1.095703
0.766144
1.059674
0.595547
0.667334
-0.577034
1.034183
-0.110013
2.700371
2.582254
1.993664
1.622290
-0.004998
2.684071
2.106074
1.663238
0.987771
1.103217
3.278293
3.294480
-1.006561
1.456081
1.867643
1.962593
2.803105
1.753930
2.202184
0.280085
0.678468
1.573561
0.398596
0.948052
-0.318420
0.292378
1.626653
0.582439
1.353738
1.945686
0.530356
2.874474
0.902705
2.132172
0.513969
1.383627
0.644201
0.497572
1.099213
0.671460
0.946690
-0.971754
1.958495
-0.020319
-0.318635
2.006284
2.757314
1.864715
2.682102
0.519773
0.732313
1.343113
0.436353
0.262093
1.488124
1.547376
0.277842
1.328666
1.143255
1.785039
1.181783
1.800683
0.775434
0.146507
1.401615
0.903415
1.818113
1.744810
0.369228
1.262655
0.397307
-0.270457
0.925741
2.203215
1.966465
2.257664
0.722106
1.116401
-0.596273
0.407497
1.993616
-0.255223
1.218305
0.464127
0.596203
0.909256
1.066716
1.471279
0.494765
2.090334
1.396977
0.963330
0.417047
1.563560
0.428843
0.544463
2.121726
2.431188
1.233075
1.013161
1.783423
5.402834
0.246319
0.442147
2.442794
-0.323273
1.915973
1.635920
0.589976
0.230859
-0.033201
1.884296
2.064388
0.494522
1.059355
0.679130
0.250281
-0.681663
2.922862
0.923805
0.132545
2.773897
0.223173
0.683419
1.118789
0.580864
1.312142
1.132113
-0.074140
0.504088
2.164125
-0.129729
-0.213434
0.966721
-1.995310
2.366139
1.730378
0.715739
0.387078
2.907837
2.774727
1.785169
-0.360691
1.100899
0.400010
-1.701540
1.584393
-0.707604
0.961968
1.066013
1.398007
-0.223270
1.753194
2.023778
0.102654
0.606043
2.205059
0.629417
0.500437
1.732812
0.653898
0.677206
1.070171
0.493321
1.158269
0.604097
-0.537832
0.982120
3.079447
1.436352
0.806741
-0.476120
0.730149
-0.674576
1.956703
0.201991
0.710659
-0.011007
1.258181
0.289544
0.203198
-0.299373
0.460983
2.787376
0.908155
-0.572495
1.305099
-1.584375
0.771861
1.141047
0.997917
1.053989
0.937684
0.400427
0.257465
1.410905
0.038699
0.147984
1.583639
0.101432
0.855655
1.595707
0.016348
1.874396
1.051005
2.934427
0.505907
2.487365
2.209247
-0.723379
