1000
2.166218
0.618155
1.532234
1.056541
2.772244
0.107296
3.341794
1.654671
-0.018428
1.709409
1.106681
-0.103759
0.858466
-0.377892
1.752281
-0.177103
1.675089
2.414356
2.256871
-0.201015
1.632425
1.126586
0.722852
1.958873
1.339326
0.375616
0.361622
2.098819
0.441418
2.133726
0.686744
0.875289
1.146791
0.599753
-1.189665
0.404942
1.163039
-0.664661
-0.155426
-0.012896
0.829851
2.098864
1.951756
0.980523
0.755948
-1.312917
1.199073
2.032783
2.139480
3.058182
1.760356
0.471685
0.375293
0.869091
0.344404
1.002861
0.982576
0.856578
2.062475
2.651168
-1.458508
-0.118360
-0.289686
2.846374
-0.222564
1.429340
1.654999
1.048933
-0.159268
1.482872
0.693680
-0.530026
1.281122
0.772616
0.971952
2.064255
0.638641
-0.436232
0.078421
1.315952
2.214334
1.743290
0.767277
1.414517
1.936712
2.152235
2.778952
-0.016431
0.825666
0.078194
-0.158079
0.836600
0.851496
1.490171
0.698321
3.525788
-0.271543
0.131275
-0.997836
-0.461773
-0.417076
2.742720
0.579195
0.046892
2.378576
1.493793
1.116305
0.010336
0.814902
0.748429
-0.964068
0.980351
1.145940
1.947257
0.705017
0.396452
1.226660
1.651552
-0.433161
0.377134
2.463340
1.233749
0.618057
0.704639
1.578548
2.611816
1.091003
0.750227
0.329638
2.661949
-0.994264
0.820109
1.567158
3.419667
0.056638
1.723320
1.080730
0.573728
1.105054
1.168777
-1.292748
0.135440
0.842185
1.390365
-0.484741
2.055497
-0.338067
2.635965
2.495175
1.129426
1.864243
1.205563
1.852960
3.951601
0.069088
2.655239
0.405580
1.571246
2.176756
-0.334628
2.390935
0.502339
2.208120
0.391596
0.881386
-1.994515
-1.531254
0.516776
1.212179
-0.728227
2.789469
1.319197
1.392319
0.954260
0.839621
1.483571
1.204805
0.407071
1.023670
0.518832
1.663427
-0.407414
-0.234527
0.041377
1.936521
2.279908
0.637721
-0.053065
0.964262
0.985008
0.517804
2.258859
1.140600
0.272364
-0.261442
0.185774
1.341472
1.663499
0.221981
0.874945
0.302960
-0.215826
-0.023153
2.725136
0.222031
1.042009
1.970556
2.125364
0.547748
1.954463
0.632760
-0.615489
0.885722
1.082113
0.294836
1.212163
0.745796
1.101099
0.410285
0.557526
0.419638
1.241260
0.790524
1.837109
1.125135
0.470017
1.212908
0.919784
-0.003263
1.796271
-1.108853
1.404925
2.117539
0.992984
1.373277
1.934216
-0.459427
1.078415
1.460913
0.051230
0.625438
0.332803
2.857088
1.612568
1.149518
1.473015
2.458229
0.938409
0.674279
2.335583
2.190170
1.005810
0.908586
0.493971
0.152549
1.531744
1.955241
0.530595
0.183865
0.555924
1.147597
2.037227
1.829035
-1.412712
0.265535
0.982018
0.265362
0.607063
1.068218
0.274486
2.421079
0.703505
1.100025
1.532625
0.773423
1.495350
1.237267
0.364411
1.973295
2.041068
0.344398
2.695569
1.717620
2.394638
0.888108
1.761328
1.520826
-0.143854
0.166398
-0.711290
0.942406
0.347519
4.241898
1.676471
0.423580
1.648721
0.940191
2.421685
1.821340
2.811322
-0.626012
0.889099
0.258705
1.507026
1.433777
0.306946
1.631765
0.858780
1.147727
0.726774
-0.315365
0.687641
1.119805
0.292496
0.196489
-0.906100
1.966860
-1.139381
0.533860
-0.505995
0.905857
0.139211
-1.480660
0.392735
2.670038
1.073684
0.049885
1.500860
1.337156
0.478019
2.628665
1.550785
1.196501
1.754642
2.064608
-0.281817
0.590559
1.040707
0.648725
1.687889
1.434733
1.090738
0.519566
1.104336
1.724189
1.171455
1.586099
0.101991
1.470107
1.636955
0.974224
-0.485577
1.084992
1.201266
2.226393
-0.522235
0.827035
-0.540052
1.818203
2.783027
0.379895
1.683941
0.668674
0.138148
1.111232
1.194133
-0.102007
1.179193
3.222419
0.365970
1.794296
-0.155758
1.022993
-0.496637
0.178910
1.698819
0.827633
-0.479924
2.791098
-0.162480
0.243824
1.979624
1.960238
1.492674
0.606951
-0.265059
2.644698
0.510954
0.620573
0.207487
0.100425
-0.133286
1.098713
0.277628
-0.455223
1.753811
-0.114880
-0.274261
0.129524
1.683926
1.953411
0.339690
0.226754
1.309890
1.886494
0.984637
0.336340
3.027959
0.505759
1.304903
-0.917625
2.477062
0.557882
2.977323
1.394517
0.277596
0.555117
1.317870
2.389145
2.173060
2.434208
0.247344
0.705194
0.097323
2.820531
1.860979
0.276951
0.928911
2.396110
0.865303
0.027652
-0.404652
1.209208
2.912328
0.174231
1.363850
1.613515
2.240823
-0.255157
1.359583
1.072779
2.803482
1.524355
-0.366327
1.690062
1.255959
0.350911
2.614220
1.296420
1.660544
3.429605
1.577858
2.543242
1.419924
0.699822
-0.171472
2.646226
2.154025
0.496565
1.786753
0.024533
1.475846
0.592435
2.265977
0.827236
2.566276
0.100933
-0.687274
0.718527
1.792288
2.918206
1.240980
2.261475
-0.102860
2.388650
0.430442
2.121085
1.132032
0.832679
1.260379
1.466985
1.006966
2.523312
1.469409
2.122509
3.767737
-0.622715
2.448257
-0.368613
0.936840
0.255873
2.630448
1.374475
3.499082
-1.487025
-0.458662
0.456377
1.019629
1.541971
0.680034
1.390171
2.005251
0.778759
0.608216
1.206831
1.930920
2.187541
0.666971
-0.715127
0.354108
0.773611
0.965850
0.775610
0.933994
1.034655
-0.172184
1.387415
-0.814836
0.927495
0.776850
0.190313
1.850755
2.052972
0.949968
0.149291
0.872443
1.217265
1.101004
1.553590
-0.090505
0.391763
1.677768
2.113694
-0.338192
-0.351045
2.443733
0.623038
2.161066
0.684636
1.774254
0.325140
-0.923796
1.822611
2.906671
-0.156208
0.902493
-0.119939
0.525016
2.314311
2.011676
2.244252
1.472782
1.329434
0.843223
1.539903
0.402190
0.905982
-1.130927
2.165450
-0.347157
0.789447
-0.548865
-0.430424
1.556736
1.376417
2.105512
1.603592
0.277472
1.399326
-0.161036
0.883721
3.199226
3.341551
1.640936
0.009393
0.870456
2.162614
2.796271
1.865303
0.850170
-0.157010
0.331662
1.087338
0.795284
1.332686
1.366556
3.201542
-0.110246
1.545290
1.146236
2.036210
0.995386
1.300189
0.359079
-0.239769
0.219037
0.681375
1.553762
-1.003208
1.080095
-0.005046
1.785580
-0.283873
0.947453
1.780865
1.966253
0.625499
0.356497
-0.438773
0.258596
1.548647
0.226796
2.145063
2.214600
1.894462
-0.230983
-0.550966
1.617334
1.985421
0.083240
0.622555
1.537706
1.658464
2.208878
0.517821
0.725889
-0.312625
-0.209228
0.666669
0.602982
1.443878
1.046927
1.067948
2.021113
1.287297
0.578925
0.169450
-0.525484
-0.201717
1.095399
1.134793
2.158946
0.777958
0.079484
1.816444
2.447839
1.591843
-0.442998
1.640274
3.477882
1.272454
1.807940
1.149279
0.589064
1.030477
1.648988
1.736756
1.687337
0.085448
1.001367
2.481615
1.240233
1.706175
2.088693
0.007924
1.791285
1.308925
-1.172196
-0.867511
0.937021
2.162915
0.880556
1.102645
1.270614
0.453258
0.356814
0.188048
0.696353
2.191485
1.139473
1.441853
-0.015228
1.256316
1.091683
1.813478
2.309456
0.639507
2.966119
-0.343397
2.736892
-0.034589
1.943247
1.019054
-0.646520
0.383702
1.447338
0.698848
0.249401
0.643755
3.013051
1.996104
0.432873
1.593363
2.874875
2.542206
0.380927
1.865908
2.106615
-0.151480
2.540052
1.974271
2.815899
0.820344
0.979348
1.238182
1.220611
2.385262
2.647228
2.010053
-0.250328
1.710869
0.874064
0.855015
1.855881
0.761674
1.687139
1.578778
1.143551
2.013741
0.763378
-0.745121
-0.477730
-0.653596
1.329412
2.358529
0.118521
0.772329
1.407827
0.319833
1.624016
1.735885
0.132883
0.778815
0.472958
2.859409
-0.731461
1.387568
1.503588
1.015011
1.336540
0.224621
0.659169
-0.025165
1.478011
1.678194
0.419301
2.574725
1.107159
1.207540
-0.279946
-0.209199
1.575204
0.524537
0.871699
-1.179070
1.350619
2.740171
-0.437145
1.285135
0.410379
-0.148276
-0.025485
1.378282
1.124653
2.230359
0.429535
1.546862
1.773582
0.227755
-0.355249
0.787905
0.060120
0.624268
1.845905
0.671406
1.196476
0.295662
-0.419171
2.220750
-0.450652
0.674426
2.007758
1.324268
0.716806
2.157448
1.631580
0.945212
1.177845
0.823742
1.324066
2.512765
0.887538
0.325659
1.455983
1.941862
0.948719
0.078884
-0.165556
2.241112
1.003996
2.452094
2.415512
-0.145019
-0.409232
1.425995
1.415746
2.494180
0.045841
1.941428
1.080717
-1.255028
-0.136269
0.937477
1.673026
1.021432
3.057683
-1.183832
2.312759
1.588889
0.017870
0.760758
-0.661130
2.390409
1.530145
0.060088
-2.015635
1.744386
-1.234104
1.866654
1.389367
0.415231
0.567367
1.812749
3.073164
1.151876
0.021555
0.177617
-0.922633
1.206684
0.258721
1.685340
0.534273
-0.185589
1.457983
1.943887
2.099202
-0.835244
0.041066
0.889072
0.285615
1.606508
2.786398
-0.228413
-0.082462
2.991885
0.890683
0.638800
-0.206180
-0.500322
2.379452
1.396424
0.077647
0.099142
1.313676
-0.353284
0.691218
0.747352
0.088524
-0.261295
-0.286094
0.686412
0.001835
0.551634
1.820991
1.386286
2.847824
0.183956
3.931317
1.595216
1.055401
0.158015
1.987217
-0.206597
2.159717
0.547659
2.555619
1.361255
1.457235
0.974021
1.151944
-1.028872
2.611757
-0.072491
1.704387
1.104332
0.473674
1.100737
-0.355970
0.141902
0.958085
0.128875
0.599775
1.948919
0.376609
1.151316
1.197548
0.995948
1.198914
2.586553
2.313000
0.555207
0.934373
-0.202297
0.584203
0.985602
0.192306
0.664869
0.422067
0.934081
1.595387
1.509802
0.998120
1.111100
1.531861
2.163062
-0.086055
1.752271
0.683667
0.792239
-0.239251
0.096615
0.209039
0.413299
1.007352
1.568850
-0.726700
1.326305
1.273105
0.748365
1.466974
0.368347
2.504433
0.370369
-1.323961
1.551633
1.107091
1.703348
0.797034
-0.014774
2.423536
2.568842
0.207665
-0.041339
0.978541
0.119181
1.773335
2.467460
1.013393
-1.268280
1.360776
1.021180
0.130409
-0.599956
2.665177
0.877883
0.370859
1.467934
0.703958
-0.319125
2.566491
0.695404
0.870030
1.546501
1.321610
0.729657
0.517162
-0.182912
2.051354
0.541809
1.125263
-0.084773
0.946785
0.655232
-0.749813
1.627284
2.192543
0.100050
-0.686649
-0.136502
2.899022
