1000
1.610746
1.731371
2.868841
1.414836
0.184524
1.886484
0.938317
1.498292
0.480573
0.636862
1.243109
0.978812
1.591145
1.061649
1.779680
0.143917
0.902715
0.457209
1.447963
1.433528
0.386331
2.365120
1.881213
0.655361
0.728785
-0.240532
0.040622
-0.608801
0.264618
2.217181
1.099572
-0.979336
2.285998
1.398426
0.122102
1.485640
2.568720
1.437998
0.431341
1.155934
-0.081347
1.750759
-0.316802
1.630489
2.169504
1.076586
0.970174
0.018392
3.419575
1.146266
0.480290
-0.650288
1.046121
1.289371
0.809988
0.185758
0.121077
0.085957
1.638362
1.026700
1.062324
0.792647
-0.745841
0.144793
-1.677380
2.688897
0.724682
1.135753
2.294678
1.393238
1.050928
0.936761
0.316415
0.991522
1.599520
0.136133
0.938538
0.611414
1.949094
0.784137
0.683443
0.558072
-0.064142
-0.308565
2.559735
0.561208
0.265448
0.492998
-0.522959
0.848696
0.058642
1.355567
1.881171
-0.036171
0.887831
1.835565
0.395736
0.656997
0.610846
-1.618438
0.397318
0.692949
1.379840
2.208898
0.378205
2.144286
2.184556
2.259887
0.544939
0.615850
0.811472
1.063480
0.774320
-0.271391
1.375643
1.870337
0.671385
0.232071
0.681362
2.235546
0.848522
2.432073
-0.652705
0.911242
-2.379151
1.603838
2.312132
0.575913
1.717222
0.265995
0.879493
0.088417
0.044371
0.699288
1.659430
0.567659
3.019024
1.666511
1.202755
1.323518
0.313775
0.897834
1.459544
0.613306
0.759777
1.219779
0.942437
-0.747181
-1.393068
1.066270
-0.679331
0.163057
1.533379
3.203668
0.193206
0.826719
1.772920
0.926512
0.895290
1.281606
0.644936
0.476842
0.412834
2.259361
1.725365
0.722295
1.386665
3.771103
1.018998
0.462965
0.444455
1.044667
2.485987
-0.133445
0.931706
0.723485
-0.092643
1.371575
2.095893
0.085978
3.443175
-0.434158
0.056789
0.787508
1.747356
-0.355307
0.326512
-0.007988
0.649451
2.486271
0.505547
0.546600
1.245224
-0.252527
1.108900
-0.381219
1.376873
0.532073
1.948654
1.638753
0.800557
2.509031
1.425777
1.433310
0.699432
0.294779
1.656799
1.099957
1.222003
0.177801
2.447361
1.940475
1.408527
-0.266537
2.291197
1.711571
0.551732
-0.644656
0.688799
1.087103
1.056278
0.803935
-0.398026
-0.514985
0.491005
-0.918633
-0.627059
2.560874
2.512994
1.960704
0.402407
-0.782182
0.498745
-0.692264
0.827716
-0.160279
-0.836370
0.808532
1.667860
1.771041
2.537012
-0.764100
-0.242889
0.736779
-0.291064
0.989269
0.762919
0.418544
0.625530
2.066928
1.545292
1.075685
-0.025976
0.765029
1.270789
0.717888
1.355955
2.820101
1.073240
1.174011
0.750559
0.078504
0.111944
1.459296
0.938059
-0.314148
2.182082
1.283085
0.715090
0.447244
0.637554
2.147784
0.170029
2.567986
0.831760
0.199126
1.196988
1.753990
2.731775
0.910388
1.509086
0.403112
2.070660
0.799501
1.842574
0.722892
-1.362829
2.236873
-0.139090
-0.354116
0.446241
1.095552
1.245108
0.524602
1.329987
1.530604
-0.060425
1.239255
0.645444
1.187462
2.035299
-0.381934
-0.426581
1.958457
1.469160
0.464760
0.620781
3.047682
1.071762
2.093168
2.545546
1.763805
1.790459
1.389935
-0.294822
0.110828
4.021795
-0.576636
1.724696
0.424056
0.524268
1.536867
-0.651350
1.973856
1.638026
0.369281
1.124595
-0.542546
2.737212
0.978216
0.141454
3.302367
0.860431
2.484011
0.122570
2.301232
-1.449164
-0.502210
-0.218870
1.374545
1.456854
2.558976
0.711241
1.386561
0.914603
1.456742
1.960520
1.221175
1.332113
0.818036
2.110029
1.203656
2.060493
1.272304
3.170280
1.738461
1.343060
1.224218
0.391406
1.045249
2.160151
2.131233
1.068349
1.237947
1.207787
0.641612
1.027904
0.933378
-1.257787
1.702078
0.436563
0.981209
1.142404
3.085236
1.410738
1.576309
2.762308
-0.355137
0.709911
1.373425
1.106903
0.831477
-0.580997
0.351870
0.185235
1.283996
1.550386
1.762508
1.325518
-1.037552
0.925931
-0.971911
1.944020
1.960435
1.948242
0.894902
-0.501773
2.019320
1.048809
1.212450
2.564902
0.377124
0.883817
0.816942
1.601668
-0.173092
1.719935
0.049698
0.541869
0.951954
0.777705
3.175894
1.924188
1.246471
1.646543
0.401947
-0.019633
0.421184
0.683234
-0.098844
0.934773
1.863100
-0.711779
1.615014
0.595768
0.706947
0.915211
-0.992758
0.900129
0.326591
0.151024
1.839143
-0.078229
1.247991
0.697019
1.855826
-2.005591
1.284516
1.705197
2.387885
1.660100
1.658643
1.172332
0.615951
1.085874
1.707786
1.665059
1.735985
2.997729
2.324008
0.623576
0.876628
0.803787
2.985377
2.224431
0.385475
1.593892
1.725350
0.068340
0.724616
0.973538
1.291647
2.234156
0.417827
-0.185369
1.404986
-0.058925
0.527287
1.573410
1.407311
1.272124
-0.098206
-0.145936
-0.139240
1.099525
-0.455763
-0.324128
0.857275
0.292671
2.577818
0.634375
1.931692
0.084840
0.925851
1.604137
-0.097299
1.807131
1.017627
2.083621
0.377692
1.020430
-0.853874
1.466226
-0.094106
2.173965
-0.571114
1.561048
1.091891
1.407598
-0.726023
1.064217
1.708321
1.515295
-0.229428
2.136314
-1.986576
0.211197
0.587380
1.845079
2.829319
0.541435
1.130951
-0.599037
0.342978
3.325575
0.811098
1.280883
0.238948
3.016212
1.481405
0.596790
1.248568
-0.627768
2.289677
-0.178561
1.061988
2.023408
1.725717
0.640527
1.657625
1.017435
0.252800
1.251941
0.591638
-0.346941
1.265825
1.133723
2.266196
0.823727
0.696538
1.204016
0.524961
1.101025
-0.066966
1.204426
2.130179
0.505605
-0.376430
1.531717
1.501619
-0.033923
1.367563
0.788331
-0.742663
-0.261056
-0.533949
0.584226
0.571259
1.387489
2.207770
0.660100
3.578453
0.217813
0.456894
-1.092968
0.257194
0.141372
0.414718
0.437438
1.389030
1.670241
-0.032310
0.762916
1.249672
1.092882
1.875809
0.485728
0.088684
-1.549842
0.668231
1.014736
0.550413
-0.616134
-0.095160
1.028841
2.927660
1.655331
1.459497
2.058867
1.346061
0.880706
2.109220
1.029072
1.204068
1.525745
0.992827
0.885540
0.740926
0.278233
1.017055
-0.004602
1.467872
1.218151
1.790094
2.053023
2.426692
2.286944
1.368012
-0.486236
2.433465
-1.395434
3.376511
1.571733
1.050695
2.318166
0.401104
0.313852
0.054661
1.484605
3.312104
1.456793
0.286949
1.734404
1.438016
0.538323
2.438703
0.790745
1.527836
-0.823307
0.098833
2.930118
0.925700
0.062187
1.757324
-0.365929
1.773222
0.934592
0.419415
1.357042
0.929634
1.151202
0.894333
0.306006
-0.544031
2.322360
1.410298
-0.874251
0.081465
0.891032
2.561192
0.116548
0.158315
3.073767
-0.223642
1.523702
0.788301
2.634157
1.473194
1.706989
0.891931
-0.009759
2.167775
1.956054
0.842386
1.613998
1.052828
0.840768
1.208084
1.165528
1.734434
0.694707
0.044335
2.252224
1.867157
1.963313
0.263895
2.221940
-0.293444
2.858886
2.156687
-0.282611
0.264853
0.540970
-0.255333
0.975123
-0.026919
0.784473
1.923888
1.369544
-0.342719
0.095818
2.104495
-1.094040
1.524735
1.505558
0.027522
1.939208
1.594855
1.445225
1.016615
1.577229
0.387844
2.089058
0.580370
-1.314809
1.354818
-1.598093
1.473837
1.917404
2.068792
2.186646
0.699958
2.824707
0.999209
0.699721
0.616349
2.057690
1.887781
0.529023
2.073403
0.346244
-0.704788
0.583330
-0.234729
1.282761
0.646626
-0.598390
1.483311
1.697936
2.173872
0.003283
1.614506
1.898864
0.510915
-0.685889
0.675658
3.811104
0.411719
-0.212401
0.892917
1.331142
2.871165
1.096034
1.156906
0.938987
0.443223
0.080041
0.334470
0.666990
0.593891
0.202092
0.883920
0.470430
-0.237242
1.612587
-0.097987
1.493316
0.557289
-0.609588
2.272970
0.885923
-0.381326
1.943273
0.778857
1.725946
0.714372
1.484181
1.366687
0.548971
0.398908
0.055795
0.616264
1.368096
1.740914
1.662928
0.484964
0.735441
1.812585
0.174761
0.895938
1.039361
0.418353
1.026841
1.720454
0.804394
0.572103
0.211783
-0.557170
0.718933
0.294504
2.068124
-0.578131
0.532967
-0.514081
1.980869
2.047203
0.628325
1.254345
0.875969
1.421797
0.401007
0.485515
-0.158675
0.719949
0.441981
1.539943
-0.126547
0.799762
1.357812
2.423135
0.408329
0.139432
-0.123395
-0.455608
0.897061
0.717655
1.684799
2.398714
0.740293
2.011079
0.242932
1.366899
-0.347564
-0.412252
2.703129
-0.314028
0.301474
0.956351
3.161129
-0.092321
2.009972
1.026564
0.558395
0.120760
-0.371618
1.365793
1.549617
0.380620
-0.522435
0.119620
2.220078
2.253070
0.695311
0.390481
0.007535
3.001693
0.795777
3.121265
1.594726
1.077138
1.254748
3.026135
0.489755
2.931572
1.925857
1.103081
2.076550
0.632936
2.820765
0.648032
0.808198
0.610018
0.678881
1.508243
1.574899
0.849962
2.165425
0.999165
2.229697
0.770005
0.678335
-0.071961
0.013902
1.583841
-0.477715
0.790376
1.186143
1.338335
1.058763
1.787970
-0.540848
0.417057
3.347829
0.077892
-0.384731
0.795566
-0.205411
1.088615
3.445251
0.649848
-1.488688
0.593406
1.160882
-0.103741
1.261137
1.294527
1.256681
-1.507924
0.592455
0.878478
0.726787
1.568476
0.182159
-0.898022
3.946430
0.017958
0.162746
3.144021
-0.580142
0.178937
1.003097
0.705351
0.941586
2.425935
1.648107
0.292509
-0.323181
1.228267
0.664610
1.081287
0.928854
0.738486
-0.212457
1.715403
0.383817
-0.550688
1.144652
-0.178792
1.933858
0.663814
-0.464364
1.520211
0.749090
1.424707
0.741314
1.016738
0.706592
-0.397031
2.284857
3.178189
1.572968
1.386234
0.445623
2.180141
1.008524
0.456383
1.264007
-0.072026
0.367201
2.488046
2.086704
1.720246
2.812443
1.372483
0.214692
0.325234
0.696766
0.000109
0.764060
2.138946
1.357281
-0.718004
0.364569
0.447413
-0.041545
2.308395
2.613407
1.692804
1.429231
0.156932
2.740378
0.034789
2.163677
1.143829
2.669551
0.627101
1.458532
-0.734214
0.524819
0.417705
0.182345
2.380114
1.118934
1.567757
2.638819
0.166942
1.972372
2.113853
-0.683930
0.596163
2.156105
0.087741
0.198537
2.126705
1.481795
1.203867
2.146295
0.169102
1.675081
-0.029779
