1000
0.570783
0.591013
-0.510298
-0.026797
1.657278
-0.054672
2.655476
0.198678
0.226221
-0.309729
0.650565
0.561106
1.442247
-0.163926
1.849930
0.724415
1.804334
2.055644
3.181962
1.412495
1.962602
1.620091
2.492712
2.418623
0.184610
0.131045
2.356592
0.804952
0.758967
1.095643
1.486754
0.506044
1.221048
2.227673
-0.046566
1.566973
2.611068
1.354595
0.578254
1.039617
1.640234
1.343797
1.889153
2.113671
0.991786
1.186751
0.889354
-0.771501
-0.280408
1.809303
2.107396
0.724176
1.214982
-0.784877
0.495833
1.350895
2.697755
1.702150
0.154161
1.704484
1.060936
-0.208753
0.619361
0.936871
0.946039
1.811901
0.508287
1.068142
2.884473
2.263496
1.159513
0.903391
-0.084107
0.815051
2.199535
0.797455
0.722294
0.181791
1.055259
2.689133
2.283902
-0.754286
1.824455
2.321090
-0.771498
1.964578
-0.416760
1.168632
1.208039
1.955304
0.507677
1.588983
1.921608
2.352972
1.346878
1.295130
1.045374
-0.734497
1.628108
0.642259
1.997673
-1.491543
1.261364
1.051566
1.681324
1.126403
3.596938
-0.124215
1.172559
1.260614
1.435156
-0.377392
1.061314
1.775582
1.558115
0.393402
0.068075
0.860547
-0.844825
2.272213
1.746588
2.819910
3.271705
0.044385
1.755110
-1.054881
1.049252
-0.044129
-0.563021
0.125797
-0.340236
-0.170215
0.510503
1.748472
2.191959
0.709433
1.541272
1.455214
0.975425
-0.143662
0.713208
0.478152
0.551361
2.234242
-1.278847
1.806836
0.702491
2.307326
0.342803
0.241910
-0.066665
1.985238
0.805771
2.168108
0.851895
1.869571
3.256522
-0.404153
1.467453
3.172006
-0.197842
0.544773
1.098733
0.246577
0.519762
-0.203397
2.683609
0.889291
1.378659
2.884430
2.280507
1.278010
0.770400
2.059647
1.703825
1.997459
0.069563
0.409448
2.335737
0.474552
1.305128
-0.173278
-0.981143
0.124366
2.108909
1.739552
1.068805
2.061892
-0.655933
-0.059808
1.088578
1.122738
0.136268
0.019705
0.650029
0.484927
2.011680
0.790062
-0.729554
1.327507
-0.948330
0.024687
1.450015
1.055820
1.514431
0.839484
0.703958
1.949086
0.874266
1.807452
-0.601566
0.644313
1.070678
2.431921
1.167769
1.596300
0.592637
0.371234
0.037167
0.812553
1.543597
-1.084452
1.506295
1.201412
-0.664515
0.346069
0.479406
0.944152
0.969593
1.708953
0.425039
2.912793
-0.751265
0.488148
1.352092
0.338644
0.150836
-0.041850
-0.917292
0.793518
-0.178216
1.756585
2.199322
1.060248
1.116708
1.611558
0.304938
1.955204
2.355951
1.821879
1.949764
0.899633
1.910825
0.858908
0.872691
2.255512
1.319353
2.641308
-0.330606
1.563434
1.489218
1.044863
0.816269
2.113574
2.032063
1.456527
0.733431
1.509097
1.164576
2.628290
1.058616
1.638604
1.737764
-0.187832
2.940835
-0.652908
0.101107
-2.084362
0.970795
1.177452
0.690298
0.343074
3.196927
1.516254
-0.519446
1.048339
0.840278
0.701191
0.223281
1.323771
-0.200529
1.941564
0.021672
2.011238
2.056987
1.454338
1.293331
1.317540
1.738335
1.242510
0.150750
1.929148
0.739097
0.059612
0.667500
-0.151717
1.714429
1.029985
1.804133
2.273863
0.927768
1.702514
1.394047
0.836414
-0.356494
2.302530
0.139999
0.688776
2.027611
1.151446
-0.550383
2.045599
0.334982
2.051565
1.869548
-0.017531
1.295840
1.265610
-0.570960
-0.117383
2.423748
0.978172
1.829519
0.121533
2.357915
0.171181
1.960350
-0.321797
1.571243
1.498128
0.639344
3.019955
2.564645
0.649703
2.315158
0.309339
2.219456
1.211229
1.988363
0.902218
1.847579
0.118997
-0.023562
1.518416
2.043229
2.179874
-0.989693
2.483801
1.043545
0.047273
-0.156444
2.559355
1.445532
0.228111
0.796709
1.857324
1.801241
0.733503
0.036049
1.443527
1.153105
1.966841
1.618593
-0.535470
2.083960
0.001052
1.255695
-1.369231
2.348634
2.042606
2.115082
0.324454
0.832792
0.253675
0.532442
0.749819
1.160116
2.295053
0.651477
-0.661335
0.890475
1.113724
-0.777044
1.470954
0.934797
1.053767
2.418148
1.110382
-0.743628
1.934019
-0.669486
2.459724
0.686550
-0.515671
0.638304
1.802123
3.722187
2.471830
1.168017
0.601333
1.036172
0.517383
-0.325671
0.633604
0.904097
2.731127
2.130252
2.332720
0.403123
1.541434
1.689991
1.261822
1.744002
0.917511
2.051000
0.709528
2.952447
2.164658
1.470592
-0.353939
0.539768
2.177172
-1.074104
0.243660
0.430254
0.979505
2.918285
1.448517
0.294487
0.628154
0.722942
0.578481
-0.391846
0.463135
1.897813
-0.617096
1.209926
0.680965
0.047570
0.430986
1.168476
1.436063
1.156698
0.443051
-0.396354
2.720298
1.003967
0.124577
0.532194
0.553535
1.061075
1.773849
-0.158690
1.804218
0.586345
2.357536
1.282415
1.094198
-0.572592
1.730257
-0.939383
0.465669
0.990132
0.255503
0.017721
0.953542
1.182509
1.414193
1.918758
0.544864
2.309631
-0.138569
0.102685
2.433298
1.134629
0.555697
1.946835
-0.911523
0.451429
1.409582
0.732727
1.496049
0.823911
2.581645
1.697270
0.793876
1.248063
0.514403
-0.593889
1.604892
3.372853
2.970031
0.523510
1.338131
-1.515393
2.250481
1.424747
-0.437905
2.045153
0.024896
2.922154
1.466419
1.280642
1.917343
-0.056510
3.787272
0.770738
0.960540
-0.017666
1.165831
1.473074
-0.211428
0.184680
0.743669
-1.375449
0.303072
-0.832990
1.806147
1.170571
0.687842
1.094306
0.596529
1.664741
1.245908
2.203157
1.862173
0.158296
0.950095
1.657474
1.008335
0.355476
2.710362
-0.985800
1.468027
-0.198352
1.552395
0.640629
2.554354
-0.096500
1.875549
-0.625524
0.505286
1.468437
1.970209
1.647260
0.341861
1.158134
-0.421957
2.122315
0.689502
1.508346
-0.571221
0.332354
3.772977
1.557277
0.241571
1.513587
-0.541106
1.947414
-1.813138
0.811154
2.057316
1.756685
1.734439
2.153453
0.606815
1.208815
0.190667
0.033432
1.975509
3.505151
-0.407465
1.067693
0.019337
1.687425
1.656963
-1.041495
0.320161
0.320015
0.662484
0.237371
2.072697
2.348174
-0.195264
0.939129
0.942761
0.379573
0.269227
1.436294
0.881333
1.215149
1.346205
1.358187
0.039869
2.021894
1.593245
2.081712
1.973773
1.061857
-0.115167
-1.183870
-0.301664
1.859291
1.627430
0.911570
1.299211
1.387732
0.216652
1.679551
1.414262
-0.366253
0.389767
-0.701123
2.184844
1.921173
0.556075
0.585972
1.465382
-0.591827
0.544792
0.279306
0.562439
0.544730
0.512129
0.330490
2.160492
1.791289
1.136029
-0.089826
1.813329
0.133823
1.065928
-0.410367
2.063888
1.682927
1.610296
0.299537
1.780922
1.255043
1.613182
2.977740
-0.360997
-0.933050
0.405940
-0.331423
0.860173
-0.766504
-0.923967
0.042937
-0.011727
-0.017312
0.384141
0.795969
4.046804
0.883384
2.178752
0.783145
0.070873
1.331831
1.099052
-0.977704
1.767016
1.151159
0.035870
0.054859
2.426254
-0.206456
1.832399
1.529689
2.096086
1.129943
3.717161
-0.024476
-1.531890
1.350393
0.453598
0.366722
-0.328234
0.866058
1.688396
1.067428
-0.527135
0.012140
0.806678
0.894532
0.333722
1.033699
1.579250
1.865855
1.346160
1.203452
0.221517
0.389332
-0.455160
0.483104
1.168859
0.803434
-0.096647
0.289453
0.110369
-0.112436
1.440679
0.427946
-0.307799
-0.478231
1.493381
0.938757
1.781924
2.348139
2.128320
1.743219
1.402265
0.205798
1.867034
-1.051412
0.972176
2.283552
1.324163
0.925730
1.376301
0.934951
0.614969
-1.408969
2.234290
1.875986
0.857254
1.600761
0.591847
0.700404
0.911406
0.649314
1.758419
-0.062452
1.104247
1.564953
-0.838795
2.374584
2.364645
0.053386
0.377516
0.100344
-0.370146
0.713974
1.531731
-0.246749
1.745680
0.376089
2.814659
-0.162039
2.453883
0.734597
0.652568
3.297359
0.889641
0.985402
1.619535
1.031977
1.648110
-1.944783
0.990628
0.051446
1.161543
1.193844
0.771477
0.529403
0.099001
0.163611
3.502001
0.097913
1.486879
1.465230
1.563347
1.784367
1.795851
-0.836299
0.508755
0.087978
-0.270227
1.469027
-0.403703
-0.648367
0.189290
1.049473
1.019484
1.642294
0.960642
1.951346
2.797988
4.145399
-0.341071
1.800460
1.170268
2.391991
-0.555168
1.028053
0.802256
1.314312
1.278966
1.681667
1.995768
0.904288
0.645057
1.367946
1.770382
1.512063
-0.840429
2.238067
1.868826
0.367761
1.852995
0.774568
-1.074897
1.875400
2.267677
-0.150339
0.355750
1.068872
2.009031
2.088174
1.907359
-0.588337
1.105352
0.812056
1.163093
1.343724
0.480697
1.320685
0.678216
2.481647
-2.843214
2.507931
1.063863
0.674237
2.518596
1.114851
0.709317
2.315944
0.522692
1.107107
0.251502
0.723414
1.792468
-0.827693
0.777867
1.989050
0.108956
0.394549
1.930676
2.597194
0.317560
2.596846
0.390006
1.808449
1.137463
0.272645
-0.329754
1.991968
-0.130022
0.501971
2.830314
1.900168
0.994721
0.401696
1.723502
0.856461
0.400484
1.836861
2.490477
0.925952
2.921001
1.348299
0.892409
1.364878
2.224990
1.676500
1.140819
1.187504
1.356837
1.902691
1.145326
-0.148556
2.269444
2.273476
1.170036
3.883147
0.872205
1.177500
0.345572
-0.238339
1.164474
0.882810
0.447654
1.425899
0.940421
1.626110
3.255544
0.627764
0.634916
0.809903
1.026363
0.361416
0.207586
0.556373
0.911072
0.608531
0.615905
1.775727
0.331638
2.203589
-0.320145
1.585599
0.082730
-1.051431
2.522680
1.196233
2.699685
1.143597
3.154109
-1.162842
2.525261
0.416479
0.910739
1.142985
1.164629
1.064347
0.399303
1.372431
2.035205
0.557440
0.541631
0.857336
1.256319
-0.231293
0.611060
2.884743
0.954513
1.505973
0.434231
2.192511
0.091176
1.231691
1.490966
2.051186
0.086508
1.097574
1.792805
0.965473
0.826015
2.154183
0.299730
0.476143
1.021536
-0.745735
0.400351
-1.500446
1.913646
-0.942172
1.333249
1.136632
1.866513
0.512720
2.490221
-1.355487
0.788033
1.986891
0.416220
2.703305
1.893732
1.243904
0.701721
1.405159
0.707238
1.047649
2.007951
1.613717
0.794581
0.116924
0.086782
0.812636
2.820534
2.029801
1.305214
0.392137
0.370117
0.422023
0.377367
0.498327
2.329866
-0.041682
-0.943208
