1000
0.747516
3.380164
0.111131
2.736957
1.643962
2.155938
-0.825263
0.205837
1.650907
0.386192
2.360549
0.291392
0.388549
1.314307
-0.595888
2.458403
3.092727
-0.377875
1.377816
1.116174
1.121591
1.154453
2.017094
1.543893
1.949510
-0.929140
1.308103
1.481540
-1.262722
1.703205
0.214591
-2.036526
2.498278
0.812077
-0.702851
0.666210
-1.703055
1.456067
1.072477
0.894686
0.446726
0.550042
2.349060
1.683659
2.761558
0.484372
1.676460
2.816647
2.343933
1.013453
-0.350126
1.511607
0.528627
0.453651
0.239961
1.368374
1.766487
-0.688527
0.383517
0.942538
1.057055
0.662689
1.755491
1.136215
2.800832
-0.568308
2.609484
-0.320775
0.716008
0.549530
0.996116
-1.373807
1.738410
1.058156
2.159485
-0.225824
2.620239
1.659952
0.833792
1.822394
1.013142
0.262342
0.506244
0.886935
1.441551
0.726467
0.550218
1.512891
-0.436716
0.215141
0.428788
0.206163
0.236406
1.023071
0.040579
2.430743
0.092176
0.602082
2.207168
0.500191
0.715801
0.684188
2.428958
0.038076
1.086759
-0.047504
0.616077
3.093180
0.878242
0.549140
1.368214
0.621516
1.418936
1.451755
1.922661
-0.250846
2.876519
1.129985
1.208643
0.895638
-0.862356
0.398791
-0.557106
1.149168
2.540381
1.266610
-0.335640
1.672482
-0.277749
0.583543
2.741569
0.003528
1.971972
1.050957
0.720965
0.238348
-0.974630
1.338241
0.007187
0.948593
1.209453
1.635679
0.234835
-0.468410
1.941543
1.107989
-0.447625
-0.002598
2.308954
0.526475
1.882002
1.789590
3.226422
-0.809851
-1.147742
1.669452
-0.897540
0.986864
1.175342
1.540635
2.685409
-0.335598
1.322290
0.346135
-0.441034
0.660375
-1.241829
1.476998
-0.536837
0.893042
0.739739
1.617682
2.539638
0.732504
0.484925
0.412384
1.777046
1.181393
1.922224
0.882465
2.317833
-0.555410
1.126525
-0.312705
0.901398
-0.421228
1.692169
0.416606
-0.918775
1.579500
1.458149
1.325119
1.667434
1.421233
0.167993
2.421787
1.957303
1.045618
1.028172
1.630294
-0.324420
2.539338
0.920198
0.307578
0.504349
1.749420
1.498329
1.904052
3.576161
-0.759194
2.524367
1.616949
-0.951589
1.912565
1.176251
-1.102723
-0.913936
0.792736
0.500500
0.452686
0.698092
1.393581
2.386283
0.962511
-0.858714
0.168615
1.078626
0.830176
0.664125
1.628631
3.319995
-0.073035
0.851811
0.054596
3.082273
1.379874
-0.021432
1.568786
0.441861
0.755485
1.847362
1.402001
2.374790
1.822544
-0.591208
1.150182
0.262128
-1.445917
0.712645
0.671438
2.385536
2.242424
2.192488
1.603957
0.553760
-0.767710
0.479993
1.139663
1.542793
0.181002
-0.366494
0.289374
1.744842
1.959189
1.180335
1.495649
1.371007
-0.536234
-0.143212
0.244029
1.898946
1.559396
2.558797
-0.548281
1.649085
0.815955
2.435699
1.541252
2.953236
1.873865
2.625464
1.022320
0.884676
2.959566
0.843265
1.158049
2.356137
-0.617363
1.016351
2.661462
0.993289
1.635124
0.168112
-1.044327
-0.251229
1.724952
1.069242
-1.055558
0.703271
0.507562
0.956339
0.467566
1.604823
-0.978063
3.187021
0.190622
2.246523
2.255785
-0.166323
0.801922
1.908667
0.631220
3.531298
0.568964
0.389154
1.040345
2.926199
-1.339869
1.627281
3.317707
2.019666
2.022195
1.326938
1.633635
-0.270233
1.316009
0.983890
-0.131851
1.647937
2.677477
1.479107
1.387887
0.571144
1.903153
2.073775
0.861972
-0.082456
0.605497
0.777516
0.729979
1.258700
1.772337
2.349779
2.716757
0.473885
0.094042
0.922988
1.512000
1.459150
0.787738
1.411566
1.457126
3.662829
0.256202
0.947122
-0.411892
1.533172
1.634220
0.309538
-0.669696
1.984242
0.144408
1.036552
-0.363808
2.005651
0.370351
0.911880
1.963272
-0.828343
-0.553308
-0.573237
1.822689
0.220132
1.597826
2.118113
1.825451
1.563009
1.702009
2.141909
2.059133
0.955769
2.350960
-0.990279
0.400082
-0.697565
1.842222
-0.102293
-0.478563
1.108621
0.858655
1.953160
0.941216
2.266528
-0.474497
1.615837
0.231186
0.002839
-0.853937
0.707485
4.323690
1.457667
1.240889
0.831013
1.999563
1.160623
0.818257
2.373236
-0.939667
0.848929
0.164224
2.344978
1.483689
0.947169
2.035984
0.417806
0.517683
1.850564
2.305734
0.168473
1.234083
2.115944
0.585110
-0.179135
0.107988
-0.621016
1.251899
3.078439
0.520526
-0.804484
0.737212
-0.251138
-0.924545
-0.057357
0.630459
0.139565
1.489558
1.489480
0.810229
0.564745
2.028897
1.105238
-0.092835
2.030919
1.542511
0.454611
-0.323165
1.833190
0.752641
0.763516
0.741996
1.180476
0.667323
0.355163
2.983550
1.918447
2.024007
0.488482
1.374513
-0.926028
1.143339
-0.367355
2.897861
2.051049
0.882956
0.674057
0.547636
0.162290
0.197759
1.464885
1.562958
0.080159
0.534042
0.410331
1.444700
2.402320
1.430053
0.750245
1.257964
1.436542
0.251456
0.164221
0.827403
-0.710849
2.132708
2.488851
1.905374
0.792405
1.441356
1.253674
-0.296768
0.546987
1.696686
3.397526
0.184158
0.434930
0.492683
1.121685
1.190947
2.748698
-0.224097
0.686524
0.450380
0.252596
1.292422
-0.079194
1.833577
0.234953
0.321006
2.153365
1.431967
-0.151389
2.022781
2.231254
-0.130078
1.205034
1.698104
1.752502
0.259248
0.965236
-0.462364
4.482075
-0.382702
2.208292
1.698997
0.360476
1.129099
1.795499
1.897919
0.920057
0.744895
1.882021
0.296420
1.233362
0.613920
1.446965
-0.551752
2.644579
3.207877
2.554653
1.960192
-0.397960
0.952658
2.686626
2.301949
0.989490
1.815711
-0.060862
0.398531
1.398975
3.263071
0.965108
0.791105
0.988412
0.298783
1.083922
-0.758570
2.065747
0.542887
-0.432400
1.980755
1.701691
1.551066
0.123206
0.264659
-1.021827
1.207848
0.689785
0.801277
3.166662
0.230683
0.087016
-0.460346
2.138254
0.554836
1.278272
0.491821
-0.098918
2.886577
0.342503
2.575938
1.183482
-0.071810
1.258761
0.750321
2.012598
-1.607010
0.400551
1.208528
2.690235
1.815359
1.099936
2.105221
-0.284144
1.630989
2.111102
1.919007
0.475470
1.030061
1.504571
-1.972315
-0.325080
1.985024
1.680670
1.938270
1.448853
1.403408
-0.585683
0.350568
0.594694
0.042248
0.569384
3.407053
0.225993
1.164962
-1.463561
0.811809
0.647101
-0.371547
1.621266
-0.675163
2.215815
1.688055
2.272897
0.108072
2.121665
1.041103
1.037123
0.067803
1.792138
-0.090985
1.113106
0.235112
-0.190760
2.240618
0.913433
-1.236688
-0.020630
1.168906
-0.128124
-0.474488
-0.429139
0.815927
1.563564
2.087591
1.213440
3.455186
1.763083
-0.018105
0.025406
0.882454
2.033472
0.013971
0.724753
0.453887
0.348073
0.096000
0.972367
1.556367
1.009746
0.004145
0.350216
2.234975
1.281802
1.653038
0.860461
0.272414
2.138921
1.658622
0.646842
2.336602
1.715289
0.642337
0.396016
1.001802
1.177594
1.184110
1.827582
1.800640
1.267712
1.921001
1.574164
-0.218665
0.744452
-0.180138
0.621645
0.873550
0.968479
2.533339
2.491090
-0.369139
1.474140
-0.129598
1.063345
1.895734
-1.035209
1.787733
0.873416
1.619137
2.795970
2.833038
0.980564
1.090114
1.083477
1.380443
-0.632038
0.140576
1.539310
1.814466
1.804200
1.771439
0.076879
0.638276
2.144151
0.661118
1.224564
1.670142
1.246400
1.032660
1.193694
0.780059
2.488933
1.346079
2.825652
-0.204694
3.347393
1.804438
1.709005
0.390931
0.843494
1.327973
-1.308342
2.149944
2.255461
0.896583
1.923994
2.558495
1.542331
0.734317
1.984588
0.480670
1.882201
1.676696
1.380714
2.287304
1.739556
1.971455
-0.224033
-0.402393
1.097911
2.954667
-0.063798
0.154564
2.306248
0.289638
1.362394
2.103085
1.428217
0.337775
0.316749
0.078572
1.122724
1.598823
1.393283
-0.216090
0.797005
1.239314
1.211970
2.742270
0.804723
0.811065
1.359863
0.733942
1.481445
2.046261
2.305621
1.524377
1.306496
0.511308
0.352621
1.691872
1.572927
1.444445
-1.040567
0.116114
2.162321
0.493687
2.756187
-0.234190
2.893691
0.782393
-0.530714
0.635681
1.004172
0.883814
-0.058901
1.381627
1.003903
1.055924
2.228569
0.239724
2.641842
0.242707
2.198681
-1.634552
0.649362
1.326089
1.309424
3.030464
-0.486159
-1.286219
-0.102604
1.454347
2.473315
-0.656458
0.835094
-0.226521
-0.125911
1.120347
1.348607
0.367958
-0.964222
1.040072
1.498029
1.830879
1.148158
0.832935
2.065767
1.792334
1.046577
1.640615
1.040810
1.833401
0.567643
0.725295
0.777543
-0.845304
1.211091
0.808676
1.180156
1.417129
-0.031147
0.864119
0.263806
0.731377
0.501389
-0.375358
1.019482
-1.109744
-0.224778
0.792126
1.443317
1.149706
0.447236
1.191613
1.994862
1.627441
2.391257
1.325755
-0.789953
0.798451
0.117309
1.425754
0.400212
1.910065
-0.329533
1.615601
-0.338646
1.655399
-0.050855
1.410448
1.694873
0.632673
1.783663
0.890630
-0.293178
0.006277
0.188176
0.087169
-0.499060
0.853064
0.047209
0.353331
0.611581
0.880638
1.909192
0.904451
2.719162
1.127729
1.903377
2.490354
0.351141
1.071827
2.158580
1.817125
0.872758
1.151470
0.634235
1.694774
-0.043028
0.462714
1.784015
1.575286
0.889462
1.269968
0.006741
2.079602
0.164457
2.392042
-0.484507
1.157375
1.485824
2.424446
0.223398
2.321807
-0.909784
2.307338
0.459748
2.110995
1.478319
-0.200735
-0.468260
1.141470
0.835890
1.980687
-0.387729
1.992186
-0.341160
1.984190
-0.448326
0.689303
1.407074
-0.580759
0.724785
1.053688
-0.163753
0.125845
1.369203
1.602328
0.295862
2.667303
0.105025
1.214705
2.099636
1.730208
2.169719
-0.081895
1.592423
2.009241
0.701588
0.611937
1.318942
0.629013
2.459661
-0.873842
0.248629
0.691328
0.587454
1.084807
-0.497434
0.656586
0.947841
2.039295
0.867713
0.971468
0.277140
0.554992
0.447803
-0.404455
1.386275
2.286915
1.751357
0.313030
0.299179
-0.398635
0.932785
1.637077
-0.547649
1.387626
0.266135
1.775701
2.333086
0.739802
1.400406
2.724637
1.581010
1.571725
0.769865
3.786621
1.808946
1.786896
0.986914
2.051966
0.988355
2.173678
0.708394
1.159219
1.114689
-0.329582
1.950530
0.281494
