1000
0.670530
1.568777
2.507174
3.100801
-0.796973
1.497348
0.870519
1.483169
2.166431
0.388261
2.005675
-0.152940
-0.970643
-0.161011
-0.057075
0.646190
2.513430
-0.466421
2.162672
0.465146
2.440996
1.662601
-0.358326
1.342200
0.315678
-0.083146
0.948068
1.172724
1.154424
1.045820
2.512097
1.599787
-0.153584
1.427505
1.408113
0.584149
2.260121
2.249100
3.094900
1.349545
1.697867
-0.306295
0.221814
-1.052791
1.374818
0.148347
-0.018704
2.236906
0.261764
1.662775
-0.519211
0.368491
-0.144745
-0.408764
2.855688
0.473903
0.182248
2.232186
0.685298
2.171395
1.440219
-0.318634
0.852813
-0.457187
0.368221
1.760680
-0.062140
1.576884
2.149067
1.370695
-1.132310
2.605252
0.434785
1.000067
1.783787
0.696680
1.719466
0.210154
2.132229
-0.602946
0.195664
0.651561
2.154937
0.758653
1.780688
0.735323
0.154830
2.461719
1.914512
1.812170
0.619767
1.399620
1.808563
0.803313
2.222208
2.020946
1.349030
0.698950
0.960673
1.859279
1.447854
1.659681
2.114140
-0.972180
1.787942
2.875966
2.727898
1.781795
0.817962
1.546644
0.830121
2.060101
1.185157
1.610932
1.244029
1.010505
1.555209
1.749826
-0.608863
1.029482
1.820251
1.178868
1.076209
0.667977
0.826399
-0.201577
1.177180
0.295545
0.662874
1.193176
-0.662917
1.461450
-0.099814
2.329138
-0.061147
1.042311
0.899597
0.112151
0.907812
0.970780
1.509480
0.654763
-0.468786
2.934269
0.519197
1.784980
1.070457
1.221120
0.920256
0.745974
1.594888
-1.275494
0.513529
1.696984
1.161837
2.924745
-0.902418
1.250340
0.796537
1.923170
0.274073
0.761317
1.148945
-0.772942
1.401596
-0.706096
2.015092
2.728397
-1.022584
0.771241
1.382359
-0.291943
-1.362133
0.001997
0.795328
1.021658
2.429501
1.442583
0.048387
-0.790662
-0.218308
0.841181
0.058394
0.394478
0.299998
-0.629791
2.086244
2.118533
2.489687
2.478142
1.026696
0.703839
-0.175019
0.825680
1.655987
0.016856
-0.868241
1.986519
-1.043044
0.034436
-0.127213
1.807610
-0.325211
-1.391964
-0.905799
1.013296
2.126742
0.948694
0.808507
0.347900
-0.146048
1.592249
2.651921
1.780667
1.726229
1.368496
1.180344
0.740433
1.207305
2.446660
-0.951683
2.638349
1.702215
0.767848
-1.110089
2.601024
1.237912
-0.730341
0.751648
0.721463
2.356360
1.025517
0.800990
2.307414
1.883226
0.412332
-0.168457
2.189071
1.383744
1.021162
0.835297
1.992662
0.950389
1.278157
3.125167
0.270870
0.711983
0.494440
-1.215629
3.312760
0.258913
1.410752
0.171306
1.998434
2.140766
0.447742
1.121116
-0.913821
1.832243
0.867568
2.557522
1.540717
2.085347
-0.177635
0.473702
1.549147
-0.799118
2.560568
-0.052766
0.102403
1.778158
0.250295
-0.398207
-1.485959
0.642905
0.581787
0.903783
1.564034
2.633624
0.536948
2.424621
0.689635
0.968167
0.931184
1.850212
1.124328
0.136853
-0.785526
-0.222507
-1.098340
2.383821
1.996531
1.623167
1.914174
2.149776
0.340576
-0.268561
2.268015
2.430359
0.535668
0.504109
1.310230
1.319105
0.466376
0.815759
0.002908
0.659866
0.444317
1.700151
-1.361003
0.167986
0.243805
0.813545
1.611460
1.797825
1.428557
1.135850
0.655409
1.513303
-0.294633
-0.476946
0.993016
0.436823
0.305320
4.155313
0.047134
1.936073
-0.972920
-0.717607
-0.065413
1.270919
0.512635
1.633700
0.648192
0.960367
0.767479
2.677494
2.832417
1.391708
-0.741601
-0.457332
0.836283
1.357799
2.610972
0.443080
1.551529
0.541124
0.480024
0.049555
-0.064783
1.073344
0.674940
1.224194
0.851157
3.224866
0.836661
1.946259
1.172149
0.507799
1.515342
1.819041
1.876998
1.096250
1.396785
1.641103
2.245382
0.303357
0.472190
0.891333
1.666352
-0.065928
0.887128
2.091936
-1.656365
1.405203
1.588372
1.138274
0.824099
1.723988
1.266117
1.189151
-0.930834
1.291065
-0.514477
2.463277
1.056662
1.057627
0.789484
0.984034
0.891774
0.276000
-0.279115
-2.323674
-0.097123
1.557229
0.866993
2.176183
1.511850
1.437550
1.717892
0.590834
-0.682905
-0.422381
-0.582497
2.154123
0.535630
3.203210
0.303883
0.966076
0.344902
0.625538
1.556707
0.224586
0.923764
-0.191647
1.185460
-0.121981
1.268217
0.708794
0.521175
1.326607
1.163901
1.506261
0.132047
0.730955
1.403366
1.069296
0.649423
1.734005
2.818515
0.591456
2.475281
2.042629
-0.418006
1.122546
1.204696
1.342237
0.539528
2.667860
1.056163
0.103557
0.530339
2.214574
0.238365
0.913744
1.656397
1.225792
0.202494
1.878744
-0.658392
0.338765
0.630755
2.349673
-0.125046
0.000583
0.231347
1.810803
0.417857
0.499259
-0.170105
0.065075
2.558506
-1.850224
2.956168
1.266418
1.657591
1.116846
1.761966
1.132754
1.958213
-1.298121
1.111472
0.426506
1.321835
2.110903
0.332706
3.697714
-0.962547
2.914903
-0.782812
2.843139
1.329918
0.546381
0.623088
0.717245
2.134231
1.066909
1.906711
1.864591
1.393459
-0.016966
0.946850
-0.357133
1.771472
1.763545
-0.783886
0.635447
1.090228
1.493743
0.662530
0.287158
1.038541
0.798055
2.007417
0.364550
-0.502071
0.980529
0.211095
1.143815
3.030337
-0.255015
-0.496719
1.431045
-0.884203
1.204402
1.097567
1.195567
-0.135212
0.982654
0.690397
0.745911
-0.301917
0.719136
1.581431
0.635022
-0.086216
-0.286311
1.149071
0.432021
2.162226
-0.480744
-0.045292
0.530074
-0.854258
2.229781
0.928650
1.528873
0.784083
1.899367
-0.853748
1.090060
1.370099
1.645702
0.675881
3.334472
0.743527
0.194527
0.578881
2.215978
1.905977
1.912128
0.136203
0.584797
0.556688
2.092270
1.482078
0.304063
2.556893
1.133623
1.078244
0.786892
0.634050
0.061274
0.092723
2.657280
0.775171
2.595843
0.864419
1.231370
-1.896272
0.256582
0.694152
2.763375
-0.034541
-0.143653
0.899017
2.137939
1.028496
1.956060
1.306531
0.780326
-0.289842
0.985539
0.556059
1.466818
0.573832
0.352957
-1.288873
0.597409
1.288181
1.067799
1.746797
2.402660
-0.230496
1.183213
0.351643
0.966207
1.530713
-0.376439
0.475374
0.770315
2.117219
2.250074
1.481065
2.185897
1.659764
1.705832
1.896858
1.820472
-1.843976
0.256542
1.049924
0.984932
1.571081
0.539362
1.206725
1.069480
-0.014401
0.848691
0.409448
-0.104249
0.707232
1.383536
1.054978
1.307097
1.198532
0.153218
1.109057
1.042797
0.228907
1.619853
0.091714
-0.788613
2.215569
-0.299351
0.494761
1.017217
1.115066
2.641262
1.131273
1.863753
1.357058
-0.874616
0.840795
0.456956
1.787709
2.086713
0.496699
1.532271
-0.761611
1.252670
-0.192796
1.020026
0.597475
2.009601
1.777419
1.013122
0.375609
0.642256
2.528239
2.857498
0.387909
-0.512966
0.959461
-0.095260
1.656764
1.984016
0.309239
0.554046
0.871154
-0.316800
-1.117273
1.968960
-0.313411
0.493958
0.972191
1.975884
0.127841
1.815997
0.577241
1.301334
3.583654
0.946269
1.245791
1.919994
0.562350
-0.496607
1.514419
-0.274100
2.626490
1.027295
-0.384753
0.709331
-0.673452
2.646683
1.909198
0.771440
2.341721
-0.653592
0.623556
0.997397
0.859656
1.917059
0.475352
1.738110
1.579062
3.110510
0.831594
1.517907
-0.099215
1.427220
1.188575
0.799483
-0.515246
-0.478653
0.554608
1.203808
1.629798
1.341647
0.601752
-1.451677
0.531393
0.471434
1.252314
0.057388
0.489704
0.376820
1.413255
2.305973
1.077927
1.778234
1.739686
0.239476
1.232671
2.152961
2.045472
0.322788
-0.120655
2.015436
-1.172833
1.367516
1.904407
-0.327791
1.037223
2.787334
1.911572
-0.103630
-0.907574
1.157885
0.600021
1.110364
0.159402
1.120117
2.371749
1.386581
1.202466
0.815975
0.786528
0.762106
-0.555131
0.508385
0.370932
0.570697
1.693980
-0.051665
1.256804
1.302995
0.750553
-0.335638
1.498580
-0.688796
-0.131383
1.099792
2.510694
1.414664
0.191412
0.937405
0.615109
0.910707
1.263400
-0.315139
0.439562
0.922042
2.392992
1.503216
1.196060
-0.041155
-0.009837
-0.096727
0.492797
3.451983
1.646836
0.087348
1.389851
0.798997
1.963184
-0.506586
-0.628202
1.488268
1.495906
0.166696
-0.190881
0.353645
0.384780
2.211080
-1.246828
1.701472
1.566526
-0.585563
0.943699
1.231777
3.614299
2.031729
1.782231
-0.555110
0.638639
0.858739
0.343372
-0.672269
0.399647
0.631079
0.829036
1.718769
-0.379888
1.098530
1.210474
1.129398
0.592400
3.275337
0.286507
1.994849
0.187464
0.286969
-0.461716
1.708030
2.941907
1.424035
0.218764
-0.414228
0.666030
-0.093064
1.315871
1.109844
-0.966520
1.879296
1.945504
-0.387269
1.601289
0.015952
-0.339381
1.900985
2.205678
-2.069303
2.062236
0.444991
-0.172690
-0.541709
-0.443321
0.594259
1.577950
4.180044
1.141651
0.351371
0.356892
1.024946
0.623398
1.696193
0.875155
-0.532275
0.599485
1.089300
-0.230598
-0.785231
0.729035
1.342423
0.902901
1.299487
-0.921426
-0.220568
1.566633
0.546696
1.836218
1.597563
-0.339433
-0.051291
1.222026
1.404177
0.507431
-2.168119
2.331884
0.832669
2.456130
1.989840
2.282777
1.440263
0.536458
0.449974
-0.535207
0.900977
0.724230
0.722347
1.022158
0.801291
1.583765
1.424465
2.165402
1.037320
1.182674
2.479629
0.996942
0.886055
1.776575
0.459464
-1.345401
0.260880
0.436604
-1.037027
-0.028733
0.827934
0.525835
0.919150
-0.143167
-0.624142
1.256630
1.111664
1.741632
1.498945
-1.792394
-0.056144
2.037963
-0.332042
1.307336
-1.185515
-0.741158
1.029334
1.280827
2.108661
0.242554
1.326796
2.265225
2.867940
0.425945
3.221320
1.780217
0.747322
0.627502
1.903187
1.033047
0.046025
0.698058
0.438136
-0.628243
-0.442003
0.204911
2.572745
1.542280
1.531983
1.393778
-1.069194
-1.393977
1.565515
3.623869
1.331259
1.531908
1.423072
1.422832
2.705037
-1.259088
-0.383973
0.145528
0.458036
0.907309
1.921263
1.405581
2.057409
1.321091
3.353443
1.747330
2.136639
0.675699
1.029922
1.355406
1.266775
1.008883
1.350954
0.761278
1.884658
2.345760
-1.480748
0.280331
0.869588
2.110511
1.801010
2.215213
2.089620
0.498060
0.751880
-1.666139
0.067365
1.899852
