1000
0.923619
1.299799
1.889761
0.841194
0.128700
-1.979210
2.286903
0.400080
1.554503
0.186047
1.777420
-0.365425
1.329050
1.017043
-0.533106
3.034533
2.869074
0.443708
1.479984
1.433001
1.399220
0.116028
2.151991
2.545798
-0.857392
-1.322913
1.681060
0.446761
1.367847
0.522839
0.488131
-0.209983
1.106170
0.323977
1.975426
1.916928
1.882976
2.389483
1.523416
2.503234
-0.126754
1.170735
1.737580
1.195151
0.921406
1.626169
2.947670
1.350377
1.967937
2.356297
0.462742
2.446749
1.941010
3.156254
1.282627
0.970166
0.580838
0.731182
1.569347
2.119964
0.770890
1.075340
-0.859191
1.766799
0.649222
0.345356
1.228862
2.157669
1.168626
1.942513
0.642627
2.109142
2.445390
-0.301181
0.541535
2.638180
1.866951
-0.106504
1.121159
1.983715
1.843334
0.222248
0.459565
1.652698
0.609330
0.441018
2.179324
0.172702
-0.720887
0.381512
1.656896
1.321824
0.752722
0.546912
-0.781705
0.231046
1.031519
0.783210
1.072298
2.388427
2.017984
0.771010
1.704814
0.958483
-0.261800
1.589792
0.271034
1.700960
0.507317
2.000270
-0.847140
1.675410
1.272280
0.103564
-0.459128
-1.352584
0.849162
2.172463
2.241737
-0.095759
1.180221
1.031779
1.660604
0.550595
1.955199
1.582409
0.280531
1.470472
0.376320
1.186906
0.113989
1.382804
0.888829
0.146637
1.127964
2.365448
0.827286
0.913860
1.728232
1.803997
1.412479
1.257670
1.975888
1.136077
1.278970
0.184829
-0.397871
1.517545
1.348987
0.386405
1.900148
-0.043225
1.633773
0.690721
0.765936
0.314488
2.100142
1.761024
1.938054
2.122781
2.057703
1.727952
0.297559
2.213446
0.324582
1.842755
-0.220478
1.607847
-0.733012
2.393346
0.048399
1.772183
0.831255
-0.240525
0.975141
1.886340
1.821950
0.811788
0.667692
1.074251
1.813074
0.615013
0.805770
0.764502
1.212152
0.742690
2.476023
2.360732
1.035570
1.353980
-0.313631
0.286542
-0.726140
2.560398
1.509092
1.967036
0.666281
0.792272
0.240993
-3.074970
1.550502
2.104899
1.352293
0.260746
1.639975
1.533663
0.252516
0.798725
-0.758969
1.714426
0.560772
1.941891
0.020056
-0.199864
1.454960
1.456041
-1.402341
0.889387
1.290213
-0.618564
1.476364
0.329723
1.028196
0.691950
0.209447
1.086605
0.833932
2.036144
2.210323
2.679311
1.047737
0.950706
3.371291
1.349243
4.093707
1.386237
3.034401
-0.273819
0.624181
0.641749
2.371745
2.031023
1.070979
0.323995
1.054457
0.364139
2.101645
-0.372713
0.936536
1.465020
-0.251795
-0.672764
-0.608861
0.412045
2.174001
-0.266842
-0.022185
1.422531
0.607242
1.493247
1.185999
0.625279
1.482650
2.117583
0.272723
2.452500
-0.235255
-0.353827
-0.001493
-0.651733
1.883129
1.832889
0.831931
1.697723
0.312302
0.910467
3.728419
0.532769
1.886278
1.342047
1.637042
2.033701
2.299411
1.619455
-0.231372
1.198224
2.272932
0.439670
2.293574
2.581609
2.866642
-0.382295
2.611786
1.450820
0.987956
1.109804
2.597048
2.422112
1.868117
1.680807
0.358772
1.493046
0.856795
-1.150442
1.263012
0.379915
1.604794
1.856603
1.434248
0.265016
0.527782
1.460430
-0.253815
-0.294607
0.788184
2.011920
1.498940
1.322718
-1.254634
0.762538
1.065888
0.385339
0.024447
0.482278
0.186625
0.653588
1.721612
1.696949
-0.486044
1.622983
-1.156795
0.303650
0.276441
1.165935
1.992390
1.257476
0.785913
0.285734
0.890339
1.859835
0.347969
-0.193770
1.099007
0.818364
1.356574
0.700937
-1.077715
-0.151096
-0.208735
2.558811
2.635054
0.234425
1.470817
0.032127
1.654970
0.843453
0.131986
2.201594
1.047422
1.327590
2.063975
-0.110440
0.338466
-0.236631
0.852576
2.045353
0.121791
0.199601
0.138976
-0.857422
1.405432
0.941091
3.570077
-0.224183
-0.955843
2.389619
1.169111
-0.548291
0.874447
2.603211
0.429707
-0.909010
-0.396495
0.008205
1.166993
2.947672
0.353374
-0.563538
-1.106424
-0.104008
-0.119222
0.798425
1.195705
1.479539
0.564498
0.224027
1.598547
0.229936
0.379949
2.907266
0.328038
2.165433
1.605275
-0.298752
0.461495
2.088490
0.038897
2.777647
1.129930
0.574591
0.013017
1.066414
-0.701369
-0.112949
1.864806
0.068464
-0.394648
0.566653
0.937909
-0.401220
2.388703
1.132782
1.159212
0.448779
1.309047
3.135375
1.495919
-1.143813
-0.291317
0.720290
1.262575
0.786949
0.589039
0.687119
1.582621
-0.774711
-0.515048
0.985132
0.391336
0.990348
0.680848
1.286075
0.868916
0.328332
0.656321
0.640658
1.006777
2.177604
0.503524
0.076109
0.901630
2.021715
1.198926
0.932147
1.689688
0.514469
1.560311
1.446026
1.634614
-0.691861
-0.728798
0.699737
1.664366
2.256607
1.907261
0.425911
-0.073646
0.123274
-0.730078
2.222764
1.317887
1.760685
3.179836
1.299525
-0.399471
0.939434
1.170439
0.370988
1.057677
0.664987
1.331539
1.645830
0.484699
0.304614
0.477141
-0.708710
2.436246
0.259172
0.607668
1.981187
0.571394
2.002149
1.189164
0.447315
-0.214221
-0.428050
-0.532471
0.858000
2.279105
1.345439
2.570958
0.510342
1.479202
1.739929
0.837925
0.792212
-0.476533
0.644136
1.101939
1.859004
1.282635
0.662345
-1.632627
0.119678
0.354606
0.419206
1.062747
-0.321957
2.091564
1.685296
1.738964
2.669888
1.186231
1.389355
1.910738
0.425742
-0.480944
1.147829
0.861443
1.822421
2.600852
0.202946
0.388403
1.756735
2.362413
3.195336
0.940480
0.696516
1.330477
0.944455
2.027283
1.113858
0.313178
3.610813
0.527667
0.508942
2.327520
-0.371429
1.426081
1.988342
0.397585
3.022734
0.549687
0.467484
1.446111
1.385047
2.168922
0.579912
0.723416
0.949656
2.555236
-0.381351
0.834317
0.731862
2.129926
1.198992
0.730140
1.313070
1.063870
1.333700
-0.890030
1.119751
1.180998
-0.168530
0.541559
0.012675
0.840934
0.829191
1.823444
0.750170
0.678274
0.518803
-0.675934
0.942566
1.196883
2.150559
1.624429
-0.420083
1.653220
-0.422555
1.112026
1.144457
0.128845
0.061883
1.111945
0.572451
0.019756
1.468646
0.209393
2.141420
0.304708
0.834680
1.177443
2.231653
0.776401
0.210813
-0.457039
-0.899532
1.518590
-0.123442
-1.186541
2.156850
1.333203
0.655095
-0.502558
0.402656
3.227677
0.061296
0.739443
1.255671
1.820839
-0.641543
2.720645
1.172663
1.931564
0.286512
0.685408
0.385403
1.783072
-0.031650
0.940929
0.949537
3.172988
-0.205976
1.867178
1.736607
1.642178
2.569250
1.987659
0.252475
-0.391436
-0.795252
1.764226
2.124565
1.666647
0.939702
0.225255
0.169769
0.234586
0.969332
0.965253
1.974365
-0.087148
0.968141
1.843298
1.711631
1.920797
-1.152211
0.484494
1.199681
2.180933
0.935577
1.121914
0.901252
0.522882
2.099146
1.091689
2.095302
0.543841
1.749402
-0.342248
0.022292
1.011995
0.603975
0.417546
0.260439
-0.238773
1.767208
2.483156
1.174164
-0.903187
1.707799
1.308633
0.242697
1.236827
3.298825
1.817390
0.160433
1.014582
0.542458
0.629778
1.721221
1.063909
2.016946
1.476959
2.629991
-0.150746
2.994498
1.309808
0.883914
0.096916
0.131296
-0.067581
2.192550
-0.697573
0.138602
-0.882856
0.103021
0.369258
1.539741
1.640876
1.130637
2.693658
1.175275
0.085754
1.482590
2.031254
1.542990
0.395747
0.015403
-0.896872
1.642542
0.919799
-0.427417
0.431932
1.148121
-0.091876
1.008562
-0.546617
1.121818
1.241364
1.532056
1.947712
-0.332566
-0.082900
1.645371
-0.072047
1.277541
0.839894
3.899860
1.172104
1.806251
2.563707
1.654891
1.499038
0.316831
0.645488
-0.334800
0.389944
0.978494
1.384481
-0.203133
1.229475
-0.185591
1.093296
0.321699
-0.570125
1.470554
1.873930
1.634732
1.720662
-0.246262
2.161769
0.547669
0.824510
-0.816682
3.040637
2.275718
1.198225
0.740864
0.269267
-1.695739
1.585435
0.325116
-1.483929
1.811569
1.497390
0.838961
1.736116
1.242221
1.137971
0.515504
1.094156
1.785125
0.059110
0.530003
1.545871
1.027906
2.187460
-0.183638
1.463779
-0.458512
-0.447784
0.341639
2.143039
1.170501
0.208444
1.096703
-0.497730
0.162146
0.295666
0.286122
0.418777
2.258525
-0.048205
-1.106395
2.515771
1.885587
0.166632
1.328604
0.176394
2.140689
-0.393557
0.887097
-0.965807
2.459909
-0.730472
-0.198731
0.322670
1.308182
1.512114
-0.574879
-0.255998
0.753718
2.714167
-0.629339
1.133140
0.765024
1.730081
1.547657
2.872533
0.017398
0.041671
0.704353
-0.806291
1.938658
3.068653
0.789541
1.638225
0.901985
1.359169
0.878723
-1.106742
3.192824
2.063120
0.858027
1.167697
-0.068738
-0.145549
1.568675
1.882364
1.606923
1.162654
-0.374897
1.898670
2.251179
2.565098
2.136679
2.302813
1.023526
-0.471301
-0.753723
-0.324757
0.214246
0.806583
1.034332
-0.175732
-0.033548
1.676052
-0.840726
1.223704
-0.915338
2.121191
0.475969
-0.701230
-0.544383
2.054406
-0.520802
1.263746
2.552010
1.827477
0.061643
0.917466
-0.110107
1.198786
1.311841
-0.091610
0.168788
0.266630
-0.147328
1.369211
0.633946
0.259263
2.953588
0.804143
-1.323440
1.242856
2.180252
0.207156
0.232864
0.571616
0.366559
2.611950
0.283475
0.619325
-0.017411
1.108968
1.502242
0.008901
0.020996
-0.108619
2.843220
-0.155743
1.236158
0.253316
2.241715
1.985590
-0.447303
-0.388698
-0.343632
2.393590
0.211932
0.931348
-0.356037
-0.385979
1.138722
1.396195
0.735289
2.600159
1.037133
-0.121126
0.573052
1.120623
2.219258
0.721215
1.782826
-0.657422
2.349809
3.546238
2.402539
-0.525341
-0.618128
-0.064976
0.175147
1.284589
1.976290
1.890711
1.243704
1.602130
1.694326
2.063047
-0.186866
1.989500
2.137714
-0.018001
0.604990
0.252760
1.293134
0.705947
2.131962
1.908849
1.146559
0.653840
0.098658
0.073071
1.631085
1.273432
1.191103
1.683503
1.666841
1.604563
1.365368
0.278100
-0.891866
2.552054
0.850571
1.475839
1.041365
0.525698
2.128706
2.287260
0.847099
0.733322
-1.606280
0.865907
2.345722
1.109599
0.534948
0.614453
-0.998651
0.743695
0.789181
1.342586
0.490901
1.065143
0.634619
0.791169
1.086848
1.757516
1.110310
