1000
0.511845
1.754530
1.249795
0.113392
-0.311445
0.957955
0.694359
0.726896
1.514241
0.803387
1.248641
1.543926
3.478960
0.399419
2.963371
0.887726
0.723951
3.334481
1.916583
-0.583392
1.179692
1.210331
0.634020
2.232251
2.292063
2.064510
1.110009
0.959868
0.679444
-0.336610
1.236221
2.650794
-0.250749
1.034903
-0.420567
0.011304
2.836751
1.110564
-0.815774
0.863215
0.673216
0.098030
2.121045
2.461660
2.123562
2.377701
1.005111
0.187099
2.622412
1.094884
1.006150
0.358661
2.272488
2.360978
1.219078
0.705869
1.175872
2.444261
0.515119
0.334895
0.883043
1.105068
0.778025
2.044534
2.279058
0.625131
0.244972
0.271914
2.514925
2.802374
0.550632
0.260930
1.367862
1.244679
0.646626
0.872183
-0.901996
0.746983
0.653987
2.572008
0.174658
1.449042
0.850740
1.207953
-0.158617
1.280324
-0.347749
-2.019252
0.148664
0.436419
2.383788
-0.441814
1.228316
1.661383
1.863451
1.517940
-0.024601
2.322162
0.195136
0.455223
1.410525
-0.231495
0.061704
-0.129125
0.854203
-0.315700
2.336618
1.229528
-0.426735
0.112435
1.938244
0.612671
1.472320
1.299850
0.020601
0.193156
1.303852
2.669756
0.784848
1.142400
1.719847
0.613351
1.525474
2.558207
1.131298
0.298171
1.053565
1.116128
1.570787
3.202684
0.758532
1.245269
1.017171
1.183099
1.180513
0.790762
0.051210
1.783533
-0.179090
1.432898
2.112277
-0.296261
0.358203
1.429218
0.331399
1.985194
1.098065
0.792600
0.264666
0.942765
0.378010
-0.926930
1.828853
1.234112
1.288710
1.423965
0.181426
1.882612
2.668378
0.532417
0.633728
1.015584
1.460948
0.596652
0.086528
1.611500
0.086410
-0.937352
2.832803
-0.106222
0.104351
1.396701
1.750251
2.339381
1.133133
-0.070072
0.125263
1.019870
2.779030
0.175271
0.614584
2.461383
1.917619
0.299354
0.524609
-0.510715
1.366721
1.073980
1.585756
1.913700
2.192980
0.332761
1.618550
0.958747
0.861910
1.497423
0.047918
-0.283783
0.335604
0.077875
2.057899
2.059648
0.661244
1.085257
1.725905
0.346597
-0.320596
1.088712
-0.117772
1.735719
1.128737
1.314775
0.121853
0.373306
1.219853
1.474081
1.199925
1.474262
0.765547
2.138964
1.854637
2.829980
-0.397882
0.259728
-1.453073
1.112151
0.917110
2.673755
1.453834
0.158540
0.543674
-0.190426
-0.311484
0.486663
0.560242
0.324238
1.623692
-0.105730
1.665195
1.343260
0.995537
0.554337
0.200645
0.610743
2.161777
0.788147
-0.907149
0.962763
0.509942
1.436113
0.572488
2.487373
1.858410
-0.069561
1.113321
1.630240
1.489147
0.995804
2.464419
2.605163
-1.656131
-0.123523
2.090243
0.893584
0.489079
0.069001
0.729283
0.289370
1.679863
1.098060
-0.394198
0.587271
1.758130
1.524347
-0.820669
1.304501
0.058563
1.851292
0.310328
0.099854
2.046389
1.093344
0.804970
-0.335110
2.763383
-0.015688
-0.417609
0.447654
0.614462
1.640005
2.131095
0.997355
-0.402573
0.084372
1.470057
0.764430
1.680071
1.125526
3.486174
1.568046
0.918979
0.948405
2.105775
0.989819
0.621754
1.222794
-0.889868
0.761835
0.621052
-0.663376
2.208284
2.162332
1.151344
1.571576
1.064751
-0.256068
0.713881
0.079576
1.565553
1.210745
1.033321
-1.124568
0.099852
1.784623
0.780801
0.457099
2.439431
0.346473
1.104455
1.662364
0.717155
0.676556
1.233502
-0.195718
1.060973
0.994697
0.812102
1.001872
1.605601
0.426377
2.566204
1.363378
0.624288
0.605831
0.362807
1.517488
0.328622
1.217120
0.439958
1.940068
3.682194
0.690120
0.147184
0.708338
0.298465
1.841657
0.512716
0.844038
0.082895
1.907518
0.061345
1.865015
1.221633
-0.383685
0.433034
-0.403176
0.692955
0.174772
0.412099
1.460644
0.011704
-0.052608
0.108045
1.477619
1.158855
1.121700
2.118833
1.309299
0.643683
1.927533
2.739749
0.502425
1.408083
0.934540
-0.829221
1.244997
1.874773
0.475703
-0.480965
0.349379
2.040814
-0.328522
2.770481
-1.557522
0.774439
0.111860
0.049662
0.987417
-0.824040
1.486049
2.143621
0.464161
1.084812
0.242579
0.914084
0.475533
1.670532
-1.604183
0.399521
-0.529970
2.745796
1.067312
0.784284
-0.038384
0.966575
0.709777
3.221523
-1.526680
-0.088842
2.337281
1.052083
1.556930
1.596919
2.902062
0.507519
1.782553
2.605272
-0.553954
-0.644781
2.523971
0.052630
2.348905
1.857425
0.467588
0.895766
1.183220
-0.302239
0.019517
0.882678
2.005541
1.640477
-1.089087
2.110968
-0.980250
0.733746
0.888375
0.942046
1.382558
1.021972
1.777187
1.568811
-0.244732
0.666041
1.470630
2.164664
-0.664860
0.382473
0.683973
0.929214
0.665182
0.745550
-0.316109
0.734330
0.700005
1.781824
1.686984
-0.847269
-0.300683
0.229623
-0.896490
3.051159
0.499284
1.205373
2.064528
0.371347
2.776605
0.101706
1.805784
0.013858
1.239415
0.911330
1.327536
2.270766
0.521723
0.969035
1.877723
0.203446
1.007821
2.101502
0.905391
1.909081
1.599217
1.365144
0.582428
-0.290449
0.614581
1.064131
0.363276
0.750761
1.074284
2.799381
1.633448
-0.263259
1.052490
1.681581
1.303621
0.795199
3.409784
0.465479
2.488790
0.033158
0.731667
1.859905
0.646039
0.741287
0.652528
0.244979
3.043161
-0.396227
1.166068
-0.064235
0.991856
0.653057
0.477307
-0.281620
1.450847
1.948365
2.051994
2.061117
1.635316
-0.027873
2.803173
3.053936
-0.278128
0.621370
2.107786
-0.339784
2.012453
0.884002
1.473574
1.358937
0.652572
0.935845
1.105043
0.351974
-0.490112
0.041173
0.390792
1.460509
3.269606
1.377194
-0.468280
0.554043
1.520322
0.455285
1.334605
2.623396
1.311816
-0.822801
0.491784
0.143780
1.101083
2.710708
1.425169
0.377807
1.829268
-0.057297
1.028195
0.176080
0.976672
1.098148
-0.079626
0.038539
3.501082
-0.532041
2.916306
2.344805
2.368567
-1.344069
1.248280
0.724924
0.538143
0.341531
1.288274
1.597871
0.826898
1.809245
0.900250
1.915628
0.635047
0.679080
3.004534
0.521744
-0.188799
-0.293441
0.700880
0.677869
-0.214062
1.174874
1.316892
1.835124
1.131147
0.936773
2.901725
1.340870
0.938240
2.522761
1.205340
0.902055
0.811721
0.590440
-0.160942
0.357680
0.896976
0.930867
0.942399
-0.711842
0.635577
-1.176937
1.970170
0.182306
-0.334210
1.313139
0.747403
0.311694
1.126728
2.423689
0.132837
0.803964
0.281448
1.302161
0.949358
-0.450416
1.592498
0.704253
1.913351
0.543526
2.245216
1.778412
1.155833
0.685160
-0.471655
0.243483
1.210249
-0.944222
-0.044817
0.097179
1.871066
0.176223
1.110828
2.366475
-0.037153
0.946473
1.170533
1.162145
-0.050958
0.724350
-1.070992
0.538151
0.963687
3.546463
-0.649795
2.229176
1.357292
0.556684
2.075095
1.404985
1.945818
2.850802
0.688588
-0.012478
-0.179694
1.482421
0.459613
2.706870
0.853238
1.516135
-0.438841
-0.590717
0.973882
2.233293
0.017291
0.726780
2.038259
0.872289
0.345655
2.551525
3.173125
0.432143
2.221307
1.480021
2.899811
0.176652
0.525477
1.962753
0.623748
1.003227
0.411666
1.045422
1.450446
0.894950
0.443564
-0.417393
1.553183
0.708813
-0.273508
1.132330
2.079988
1.393158
0.966093
0.359964
2.904004
0.527968
2.258726
0.600915
0.978636
-0.144263
2.371643
2.437985
0.799545
1.140275
1.461057
0.318809
2.577235
0.257856
2.820098
0.247576
3.649873
0.347275
1.363927
1.598235
-1.508763
-0.250991
-0.123101
1.605787
-0.425023
1.942182
0.927340
-0.441420
-0.057534
0.784680
0.107179
1.574904
2.842231
-0.124288
-0.553938
1.297104
0.241505
1.415463
0.607994
1.307792
0.771523
1.181951
0.395063
2.228874
2.997325
0.624927
1.674567
0.156750
0.717769
-0.087651
0.688335
0.884816
0.409006
0.566112
1.854308
0.445411
2.265804
0.801272
2.876255
2.243248
1.394601
-0.114141
0.892579
2.475834
0.635949
3.331658
1.748399
2.611264
1.372399
1.243229
0.017058
-0.180100
1.060558
1.136990
0.282314
1.336261
1.122552
1.429900
0.984100
1.235600
1.037625
1.746137
1.672110
1.012976
0.510898
1.189247
0.767641
1.751440
0.224459
0.468640
0.937181
0.012817
0.242400
0.214469
2.260433
0.392261
1.298586
0.426547
-0.946747
1.156966
2.895608
3.493887
0.913199
0.293233
1.962536
0.929418
-0.059039
0.843357
2.099711
2.573083
1.577275
-1.509958
-0.861772
1.884121
0.860495
1.652065
0.484752
1.107613
1.455900
0.210522
1.104899
0.778579
1.202462
2.745887
1.129845
1.077195
2.793424
1.677818
-1.059619
-0.323325
1.180075
-0.237517
0.052900
1.466012
2.088807
-0.362533
-0.075575
3.166559
0.800764
1.301257
-0.136938
0.504877
1.378596
0.527200
1.070816
1.601591
1.052133
-0.898363
2.053600
1.941106
0.312198
2.251711
0.218501
0.066631
-0.173547
0.870376
1.104460
2.518404
0.990590
-0.902417
0.849761
0.863323
1.318792
0.654500
0.009383
0.351760
-0.127209
-0.181929
0.388649
0.569021
0.156494
0.111769
0.768627
0.287642
-0.229938
1.117709
0.243659
0.972243
2.378041
1.478458
1.082185
0.530306
1.509700
0.521137
-0.465422
-0.807141
1.598123
2.431032
0.059548
-0.199142
0.876404
1.696876
2.477993
1.757561
2.151180
0.609313
1.423580
3.180505
1.085085
-0.714715
1.975413
2.687203
1.902978
1.128998
-0.211331
1.656697
0.433740
2.171158
2.293993
1.371721
-0.990234
1.178386
2.102644
0.944621
-0.302750
-0.025425
-0.724583
1.469634
0.842709
0.319258
1.165854
3.119662
-1.332561
1.575615
0.451188
1.226146
-0.178544
1.424276
0.752901
0.562443
1.603883
1.881643
2.744952
2.839657
-1.303494
1.924356
1.339490
-0.744508
0.552530
2.042067
0.302787
-0.865188
0.291748
0.559721
1.937613
2.560951
0.615099
1.923273
-0.409051
1.011276
0.081305
2.207332
2.150686
1.281357
-0.460531
1.907648
-0.149993
2.808315
1.974872
1.485780
-0.260777
1.826929
1.349956
1.861739
1.749655
0.367301
1.998989
-0.149672
1.824053
0.627713
1.645212
1.452568
0.579770
0.190871
0.428530
1.091730
1.957420
0.905315
1.915382
0.805221
-0.580155
1.295711
1.947810
1.292581
0.282433
2.214359
0.052347
1.672879
-0.944656
