1000
0.173837
-0.895965
1.527227
0.191786
1.790893
1.744486
2.574222
1.654759
1.561602
0.955768
0.327513
-0.025830
0.795557
1.142599
0.781149
2.339289
2.635587
-0.013795
1.604603
1.658132
2.563212
2.498213
1.173869
0.734712
0.043574
1.480248
1.235630
0.617412
0.708891
-0.863902
-1.102252
2.188943
2.004992
-0.387446
0.240251
1.007600
-0.570923
0.524933
0.307276
2.907930
1.188292
1.587863
0.777385
0.828973
1.842801
1.116176
0.677838
1.215622
-0.132474
-0.703365
1.052161
-0.441450
2.025367
1.044219
0.450910
3.198794
0.648860
1.835511
2.741342
1.596671
2.127536
0.546017
3.113571
0.308966
-0.900339
1.591538
0.503473
1.957211
1.963305
0.777124
0.114921
1.315376
0.772373
-0.084073
1.063077
0.313553
2.704290
2.499836
3.338918
0.976455
1.572477
-0.232870
1.317085
2.103584
0.055214
-0.079742
0.084257
1.457360
0.654790
1.863444
1.444211
-0.068628
2.762982
1.651709
-1.029393
-0.222580
0.039892
0.909061
1.891845
1.301115
1.379147
1.891945
0.296936
2.413189
1.092869
0.660311
-0.586074
1.061762
0.993413
1.736409
1.718369
0.295958
2.393329
1.807687
1.303763
1.999268
1.229005
3.068226
0.686493
0.187220
1.027692
1.570635
0.246434
0.974775
-1.031321
-0.499894
0.268735
-0.039033
2.682687
-0.493052
0.810564
0.122352
1.691685
0.119844
1.990063
1.620357
0.465373
1.522493
-1.577943
-0.477154
1.437675
0.629797
2.024638
1.506636
0.080335
1.263811
1.147485
2.691019
0.948454
1.778284
0.308204
0.752185
2.056307
-0.712655
0.767414
-0.573832
0.340915
0.917063
0.108258
1.777507
-0.701292
0.150741
1.438317
2.296556
1.306249
1.722219
1.139219
2.035460
0.637353
0.402909
-1.389323
1.093619
-0.107749
0.986881
1.580449
0.030627
0.614022
1.797237
2.048763
2.454631
0.404773
-0.748822
2.471756
0.157900
0.523960
-0.205005
0.352544
-0.010345
1.073854
1.624200
1.519441
1.185980
2.548792
0.160670
1.296975
0.334638
1.187248
-0.099287
2.170568
1.342493
1.993567
0.609920
0.740254
1.973567
1.994175
0.557024
1.510828
0.259736
0.155178
-0.058351
1.673075
-0.054818
2.787766
3.311014
1.221912
1.103245
0.958945
0.615247
2.083388
-0.007026
2.859647
1.547451
0.655969
1.728703
2.976942
1.016836
3.002087
0.587583
1.195786
0.691226
1.928638
2.172411
1.670414
0.628285
1.070390
0.382757
0.470332
0.628275
1.544903
2.041121
1.404599
2.571271
-0.162016
2.741291
2.006388
0.759587
3.215499
2.526569
1.092820
0.603515
-0.160717
0.207574
1.255248
3.046928
3.368292
1.450822
1.575024
-0.646056
1.449366
0.401515
0.419863
0.742706
0.264087
0.396215
1.398203
0.256479
0.148262
-0.613068
1.095390
0.704738
0.183869
2.139359
2.579025
1.548603
0.910333
0.024170
1.134934
0.540956
3.590887
0.317078
2.089322
2.109348
1.515908
1.202164
1.955517
1.408756
-0.603995
1.238400
0.270674
0.048529
0.738490
1.274771
2.215376
2.681201
1.948705
1.239560
1.026356
0.377345
0.266280
1.193032
0.950002
1.611056
1.660240
1.267017
1.339321
0.783136
3.550490
-0.681409
0.760496
-0.261438
0.476596
0.178322
0.854598
1.130347
0.118083
0.312838
3.022063
-0.206050
0.994522
1.046988
0.940034
1.708492
1.219810
0.838261
1.408641
-1.352086
-0.114164
1.169197
0.612039
1.134387
1.077220
0.442231
1.247447
1.440190
2.033586
1.434657
1.691989
1.121455
1.962946
0.192341
-0.557457
0.332976
1.512765
-0.290252
0.188485
0.917070
0.154258
1.509592
2.558035
2.294609
1.006542
0.463279
1.430513
-0.051391
0.978369
-0.104592
1.729781
1.846732
-0.761266
0.106158
2.133282
-3.372048
1.883290
0.925880
1.727532
1.523869
0.757134
0.287530
0.288757
2.198468
1.326972
1.451154
1.120972
1.217502
1.725653
0.344184
-1.121402
-0.486107
-0.693136
0.847694
0.438910
2.982284
1.372586
-0.198809
0.679816
-0.295396
1.293373
-0.311035
1.748567
1.320377
2.613219
1.742913
1.523307
0.654851
0.092658
1.366407
0.814538
0.065532
2.685036
0.135060
1.705875
1.783710
1.596924
1.712245
0.622082
0.968157
1.733474
-0.820933
0.923858
1.758248
1.173971
2.613534
1.647959
2.022232
-0.146331
0.198924
2.685842
0.912979
1.964121
-0.858412
0.889332
0.064172
0.954186
1.105891
0.508480
2.366797
1.549523
-0.096525
2.248535
1.787501
2.153806
1.904255
1.834658
1.705963
1.571347
0.049516
1.628257
1.382159
0.035260
1.733161
3.141457
0.747308
1.858762
-0.506078
1.710052
-0.413033
0.293736
2.701617
1.612842
0.470212
1.465797
1.322179
1.255880
1.546563
-0.648464
1.595104
1.672392
0.502140
0.605773
1.283334
1.306833
1.912202
0.164052
1.879383
3.108671
0.335283
0.099694
-0.324895
1.175067
1.021499
0.903385
-0.342241
-0.130114
0.645916
2.102062
2.962422
1.256373
1.455286
0.001742
0.961295
0.722301
2.449510
1.808796
-0.455049
0.632400
1.522302
1.755648
1.683380
-0.220012
1.957612
-0.002015
0.532491
0.466958
1.424597
1.856930
1.409119
-0.418511
0.544535
1.008650
2.197420
-0.496646
1.662947
1.624302
1.793654
-0.082671
2.023633
-1.651936
0.511487
1.739332
1.972368
2.034261
1.743467
-1.039959
-0.364519
3.251503
1.704390
1.846336
-0.151347
2.142274
2.530888
1.057676
1.389678
1.049391
1.663323
-0.092620
0.712278
0.567552
1.373435
0.715793
1.586443
1.938388
0.620302
0.982754
0.007538
0.968014
0.126010
0.917754
-0.017454
1.179565
1.478348
0.764282
0.743324
0.297463
1.198010
3.027761
0.812896
2.082562
2.390901
-0.012361
0.450923
-0.299581
0.623196
0.520453
1.118985
1.052243
1.830805
-0.094190
1.133177
1.574163
2.719966
-0.374598
0.863587
0.583106
1.849681
-1.564617
-0.113806
0.974909
0.971746
0.842104
1.547919
1.011329
1.317305
2.151631
-0.931762
-0.496838
1.370744
1.800715
2.730209
0.517416
-0.033531
1.176414
-0.529816
2.255833
0.304794
2.450225
1.326868
0.058678
1.098006
1.861026
1.428504
1.054973
0.792093
-0.342999
0.520755
1.173217
2.467767
0.986927
2.000802
0.504027
0.784784
0.041928
-0.208690
1.557054
2.122887
1.834269
-1.509616
-0.052363
1.190249
1.823225
1.092488
1.408339
0.675644
0.554723
1.115904
1.089921
0.203119
0.889461
0.911845
0.932918
-0.092148
1.267868
-0.717055
0.554649
1.182651
0.509267
1.554152
2.402094
0.732933
2.414800
1.365682
0.028945
0.160281
3.398296
0.556550
-1.265432
1.769295
0.718069
0.174419
1.234501
-3.565842
1.605876
1.609278
1.366180
2.261422
0.774802
1.504063
1.165548
1.580657
-0.265735
2.415189
-0.985159
-0.070897
2.486881
0.877865
-1.547240
0.326537
0.928751
-1.017254
1.339266
1.609867
3.111962
1.097856
1.630908
-0.814683
1.605249
2.084287
0.989832
1.263332
1.033306
0.166026
0.553809
1.479999
-1.020779
0.520698
-0.069625
1.498234
1.298972
1.073324
2.490786
0.901075
-0.482673
0.759710
-0.218419
2.919479
0.505583
1.732940
1.451232
0.812824
2.131778
0.445927
0.323622
0.863267
1.060056
1.847101
2.834381
1.523646
0.555096
-1.239729
0.646310
0.961848
0.223417
-0.217545
-1.025453
-0.628536
0.774738
3.238402
0.514664
-0.199905
0.522894
0.246782
2.393726
0.401661
2.276592
-0.420845
1.003392
0.838287
1.829959
1.175538
1.241491
0.495110
0.366640
1.197239
1.203215
0.852973
1.867468
1.273855
0.397656
1.079599
1.208365
2.042066
-1.558493
0.129689
2.933898
1.669557
-0.700143
1.456255
-0.764793
1.897614
2.711154
1.467819
-1.065673
0.022589
1.549642
0.959602
2.131720
1.402106
1.413576
2.213837
0.386185
0.354550
1.613776
2.662404
-0.086826
1.659955
3.262702
0.284220
0.645428
2.002774
0.720642
1.270966
1.247253
-0.850264
0.484003
1.023733
1.424132
2.301987
0.281774
1.950487
2.024030
-0.060725
-0.132316
1.507984
2.391776
1.247814
0.377558
1.331941
0.736643
2.619875
0.647544
0.732157
1.124352
1.756469
0.799009
0.974936
1.999361
-0.499193
2.224145
0.806712
0.860381
1.199541
1.240591
2.153323
0.332276
1.800783
-0.154396
-1.190860
1.521876
0.995300
1.128802
1.023002
0.578758
1.108923
0.855666
0.195415
0.923409
-0.513848
-1.486087
3.123095
1.267285
1.386639
1.056253
1.329418
1.174775
1.068783
-0.574893
0.498613
0.083465
-0.851730
2.157626
1.127043
0.613281
1.368135
1.677868
1.681832
2.019773
0.079504
1.132856
1.061055
2.114937
1.318586
1.663110
2.069526
-0.487064
0.074923
0.796389
-0.182594
0.685411
2.421038
1.438443
2.260980
1.537242
0.974230
1.940960
-0.470299
2.109661
1.728300
1.711891
0.086543
-0.270670
0.288432
0.664401
0.828962
0.900008
1.606497
0.979844
1.252208
0.980895
1.707135
0.550225
0.671593
1.922955
2.387458
2.085947
1.106080
2.589610
1.538464
-0.751740
2.162781
0.652814
3.240503
0.570783
1.416142
1.074071
0.734428
-0.319652
2.824167
0.577983
3.285912
2.191471
-0.024341
-0.159235
1.465662
1.344285
-0.396415
0.409482
1.908297
0.997609
0.526403
-0.156511
-0.323979
2.661981
-0.536493
-0.206832
2.658751
2.083804
1.932907
1.401208
1.099483
1.118574
1.063595
0.690082
1.287236
-0.245649
2.864134
-0.107806
1.678192
1.525051
-1.255415
0.132694
0.408334
0.964278
-0.986731
1.890818
1.317970
0.896881
1.320329
0.643440
1.164051
2.083747
-0.511783
0.129831
2.707858
-0.719766
0.858017
1.922944
0.296067
-0.275678
3.301182
-0.380271
1.066103
3.233863
0.349126
-0.281727
1.977400
2.376880
1.403589
1.245400
0.257140
0.737484
0.990675
2.221155
1.506243
2.611566
1.494610
1.276900
0.249696
1.365376
1.227924
3.472589
0.700542
-1.317398
0.399660
-1.105880
2.319155
1.067782
1.944667
0.644797
0.563381
1.721603
-0.840465
1.681062
1.847485
-0.409578
-0.112243
1.002420
1.484597
0.426855
1.272100
0.659294
-0.843669
-0.481374
0.733685
0.120094
0.688570
0.583810
-0.348705
0.936122
-0.577134
1.712112
1.178652
0.758239
2.119930
-0.376528
0.994091
0.073844
-0.909515
-0.294118
1.438071
1.707472
1.948210
0.971805
0.420753
0.409677
2.157953
0.611296
-1.097463
1.734936
-1.295872
1.041480
1.262447
