1000
-0.424876
1.679092
0.448771
0.057893
0.877385
1.116513
0.994939
0.326000
-0.416777
1.188365
0.422855
-0.044245
1.616162
2.198333
2.714833
0.496097
1.708255
1.236408
1.425342
0.578052
0.711896
0.302019
0.037774
0.901775
2.014689
-0.464665
0.723217
0.366482
2.446255
2.455540
1.196472
-1.320867
1.226241
-1.172158
-0.215043
-0.139190
2.843051
0.243959
1.630913
0.516054
0.566066
-0.294529
0.184532
-1.391585
-0.319588
0.748328
2.136725
0.809529
0.791180
2.044801
-0.924100
1.356879
-0.299688
0.033056
3.375808
1.503803
2.420549
2.068346
0.664841
0.536029
2.397304
1.280289
0.626799
1.172564
-1.464292
0.060138
1.116910
0.911364
-0.689563
2.159978
0.299234
0.217862
2.292600
1.775102
3.372756
0.540064
0.898812
1.350272
2.010258
0.533104
1.046686
-0.066056
-0.286979
0.070562
0.483572
1.032753
2.667471
0.073625
1.607835
-0.318240
1.863014
0.835222
0.654652
3.622312
2.305131
1.911745
0.727116
0.981237
-0.401525
0.535626
0.208874
0.182128
1.566427
1.308239
-0.184022
2.211785
0.914509
0.991948
1.353874
-0.193159
1.119808
1.897391
0.602951
-0.497888
1.358074
1.031898
1.559194
1.303093
1.784285
1.461583
0.963859
2.048124
1.918192
1.523179
2.131866
1.349258
0.237359
0.358600
1.629919
-0.208778
1.195745
1.785752
-0.318220
2.536118
1.342941
1.681934
0.174873
0.543669
1.889554
1.162830
2.082778
1.083589
0.159792
-0.549000
0.632871
1.286601
-0.535470
0.124347
2.418753
1.887039
1.902630
0.515117
-0.230017
1.244671
1.276231
0.286159
0.057338
0.498793
1.299163
0.661763
-0.727948
-0.414397
1.400251
1.577177
2.203326
-0.281913
1.270536
0.997281
0.170507
-0.977522
-0.143656
1.101460
0.283563
0.017631
0.516627
-0.820802
1.101689
0.490176
-1.480415
1.767584
1.071548
1.962577
-1.163002
1.543585
1.188892
0.064403
1.745667
0.338830
0.224655
0.424642
0.543530
-0.778747
-1.609751
0.537990
1.247515
1.531439
0.347538
-0.330868
0.842947
-0.058905
-0.434655
0.758947
0.524449
3.084491
0.983269
1.684129
0.518922
1.490207
-1.185947
3.200008
0.016919
1.658050
1.462071
0.880325
1.240163
-0.419416
0.992155
0.594368
0.676099
3.326895
1.373900
1.564871
2.021231
0.855592
1.362726
1.473840
-0.678595
0.835311
2.078830
1.317461
2.321642
2.166070
1.835253
1.019732
0.291590
0.303142
1.322947
0.678447
1.691531
0.770473
-1.171712
1.789161
2.008188
1.129683
-0.053841
1.238866
0.332487
1.251847
2.192208
-0.051039
1.453906
2.248585
0.422258
1.282222
-0.391318
1.243067
0.420437
1.106072
1.147459
1.765688
2.626643
0.310106
0.319628
-0.433087
0.445881
1.925364
1.458075
0.151813
1.315912
-0.363001
1.836760
1.808968
0.325851
0.918179
1.971346
0.200712
1.393147
2.843021
1.519977
0.923607
1.172801
0.567636
0.005379
0.006076
-0.269430
2.429279
0.733606
0.861927
-0.004975
0.183209
0.538136
0.270679
-0.274617
1.094649
0.120964
-0.134982
0.579291
0.932839
0.289948
2.094755
0.753793
1.123630
1.724984
1.857963
3.184385
1.485417
1.728207
1.384427
2.053979
1.621820
1.566974
1.279797
0.118921
0.707192
0.760822
0.303738
0.852619
1.109134
-0.007948
0.794782
2.050669
1.905758
1.613566
1.368918
-1.027436
-0.346726
-0.420579
0.979921
0.508965
1.928773
0.675832
1.810858
2.158242
1.335872
2.235294
2.412906
0.571952
1.263269
0.090287
0.896996
1.946306
1.196074
0.552533
0.383585
1.042419
0.430286
0.347342
1.375941
0.793633
1.359314
0.732547
-0.538612
1.641977
-0.463012
0.770941
-0.147802
1.460590
0.129091
1.100338
1.707039
3.098348
1.412909
0.203145
0.314845
0.489639
2.293444
0.672197
1.821978
0.326112
1.883483
1.672069
1.278808
0.932581
1.245368
0.420527
2.988499
0.532418
2.568181
1.636582
-0.591345
1.443087
2.282069
1.851004
1.293031
-0.463857
-0.720786
0.866736
1.559054
1.858710
0.380731
2.720371
2.731910
1.088899
1.150193
0.585055
1.535696
3.842926
1.558739
2.261948
0.575929
1.784110
2.837234
1.844210
1.258747
-0.209018
0.205476
0.061082
3.266781
1.123254
-0.390562
3.030563
0.741730
1.645381
0.082018
1.003112
1.288874
0.851181
1.153458
1.170596
2.100109
1.614938
0.382619
0.496186
1.263123
2.543431
0.632279
1.354154
2.422515
2.191656
1.555711
1.681465
0.221955
1.586160
2.183106
-0.079941
0.238692
0.553900
-0.055541
1.363608
2.626923
2.397132
0.625204
1.744407
1.728165
-0.036672
1.341904
-0.552944
-0.565231
1.994306
2.031167
1.496095
0.428616
1.487363
0.735357
0.506395
2.564314
2.454568
1.730819
0.458025
2.148778
1.691970
1.071975
-0.392714
0.659417
1.609564
1.864678
0.757809
-1.609485
1.741168
0.587593
1.258811
0.318751
1.949764
0.329692
0.324659
1.406052
2.509444
0.649279
2.270320
1.092145
0.192154
-0.619372
1.057125
1.936968
3.448599
1.476043
0.914574
1.368114
0.347294
0.799968
0.682839
3.107796
-0.082609
2.389788
0.943266
1.033943
0.243374
1.910583
0.523273
0.849653
1.775801
-1.174911
0.859178
0.081099
2.516453
-0.822820
1.391852
1.101320
0.562728
0.503267
0.808812
1.817199
-2.142402
0.634861
2.754911
1.197492
0.034888
2.064609
3.102514
0.670085
-0.017064
1.025471
1.470626
0.811492
1.741766
0.017795
3.101771
2.360818
1.121691
3.642705
2.229086
-0.176940
3.000656
1.213628
1.584101
1.387639
1.374897
0.140540
1.064481
1.414523
0.294555
0.455835
3.113754
0.515428
0.185795
0.849195
0.707287
2.673412
0.294523
0.791721
1.000526
0.357104
0.535424
1.652237
1.635414
2.657027
1.814297
3.116161
-1.755707
1.588299
2.667980
1.879881
0.376156
1.848304
1.444709
1.588137
0.552205
-0.655713
1.002802
2.750763
1.226792
-0.303997
1.467140
1.325920
2.009028
0.400308
0.680697
-0.539840
1.699560
0.946818
2.338475
0.408578
1.200331
1.402235
-0.412918
0.535621
0.704750
1.639949
1.196257
2.102474
1.173440
-1.198138
2.354561
1.756351
1.374051
0.885573
1.004837
0.554796
0.384594
1.286221
-0.090244
-0.673891
0.236976
1.138844
-0.192056
0.646032
0.437173
2.528801
1.001781
0.379769
0.425617
1.799031
3.006623
1.863162
1.803848
1.902904
-0.072458
0.121438
1.239294
1.881079
2.099553
2.395392
0.190590
-0.227002
2.001112
0.021166
0.921991
1.416780
-0.233353
-0.268717
3.428804
2.465829
1.383785
0.789765
-0.039186
2.367144
0.985155
-0.047920
1.615747
0.395468
0.400711
2.665581
0.908103
-0.615526
2.206045
-0.044855
0.924914
1.516746
1.810274
0.660171
-0.195177
1.606706
1.100122
2.672350
3.264200
-0.327455
0.437088
1.658655
-0.002649
1.612344
0.504591
-1.128451
1.271451
0.111782
-0.574361
2.040967
1.564913
0.593968
2.627310
1.465369
0.205363
1.654708
0.439476
2.027989
1.243630
0.793806
1.551068
-0.434930
-0.368861
0.675959
1.889554
1.438595
0.986253
2.116147
2.992779
-0.913921
-0.068681
1.719508
2.033671
2.169547
-1.120940
1.634093
0.764651
0.127126
0.108286
1.861589
0.023054
1.016001
0.250286
0.681310
1.626783
2.090204
1.938247
2.026008
0.700856
1.225522
0.250737
1.986578
1.457673
2.381471
1.807484
1.360156
2.679894
0.152801
-1.147117
1.031527
1.421098
1.836931
0.229971
1.929700
1.747615
-0.419381
1.088168
1.612180
-0.090480
-0.263614
0.513342
0.544270
0.894420
0.959149
-0.647621
1.430435
0.198746
0.908690
1.082892
-0.068003
1.002599
0.811189
2.057935
-0.404227
0.508202
0.613348
-0.671287
1.620056
0.845359
2.344002
2.364801
-0.043661
0.264107
1.762727
1.311494
0.665624
-0.260003
2.974485
1.506952
1.562927
-0.358189
-0.588627
1.886449
1.014757
0.878575
0.935068
0.952451
1.258069
1.088424
0.487470
2.743853
1.181799
2.137278
0.213521
2.539829
0.889242
1.596849
0.502238
1.134056
1.027926
0.162311
1.286777
-0.810179
1.280719
2.349776
1.926031
0.046474
1.465857
0.162819
0.794655
-0.634691
1.778420
1.300672
0.754110
-0.852523
0.126066
-0.034301
0.869624
1.213525
0.966623
1.154759
0.287618
3.578928
1.428933
2.886863
3.280317
1.145493
1.085219
0.663512
0.802640
0.178424
0.102525
0.359436
-0.139392
2.340746
2.675026
1.709600
2.234879
1.261817
0.517321
2.099085
1.943679
-0.221198
-1.958740
0.979129
-0.003837
2.487080
1.969897
0.138097
1.614946
2.399899
0.759860
-0.815335
2.673289
1.463602
0.642936
0.416398
0.020445
2.902898
1.864496
1.190627
-0.240134
1.620673
0.390191
-0.253000
-0.940607
1.902120
0.827151
0.831661
2.541580
2.356516
1.759562
1.494664
2.035021
2.339053
0.111411
1.592199
3.085425
1.606248
1.534610
0.383101
1.991927
1.213406
1.126091
-0.628169
-0.377087
1.453533
-1.353963
1.123871
0.174983
-1.060117
-0.236245
0.183233
1.213848
2.497364
1.989222
0.220006
-0.180346
1.333901
0.510428
2.084677
1.492978
1.412114
0.315323
0.017651
1.369229
0.888482
0.527526
1.933372
2.246433
0.465732
0.984692
-0.387257
2.356257
1.071436
1.428724
1.988388
-0.628686
2.829758
0.351486
2.844679
0.050222
-0.552684
1.026272
0.317958
0.899875
0.064093
0.805025
1.414621
1.963332
0.365581
0.289848
0.917102
1.111110
2.671747
-0.620776
0.785415
2.240782
1.053811
1.499687
1.452478
0.431891
2.211187
0.274142
-0.392731
1.122349
0.371043
2.092493
2.312558
2.162547
0.578008
1.376237
1.076887
-0.263686
2.063826
2.423793
0.569739
0.429522
0.824370
2.273334
-0.024169
1.160667
2.013019
0.432041
0.325201
2.324695
1.958793
1.283092
-0.737111
1.746759
2.673418
2.450102
2.423944
0.969104
-1.346813
1.732330
0.582338
1.871991
1.392934
0.980914
0.251101
0.770470
-0.478931
1.566775
1.485918
-0.591511
2.448231
-0.200559
1.171737
1.545153
2.183216
0.528638
0.100976
1.404384
1.499705
2.052487
1.622274
-0.470966
1.292154
0.514264
1.622713
0.136268
0.434665
-0.893562
1.388139
1.692346
0.592397
1.112873
0.716236
-0.117791
1.616026
2.659890
1.299187
2.192610
0.409469
0.532496
1.849642
-0.384872
1.521650
1.342794
0.337297
-0.812251
-0.324496
-0.201292
