1000
0.588794
1.142363
0.827856
-1.139238
1.430557
1.368726
3.491679
1.025347
0.513933
-0.940417
-0.275189
0.819114
2.199184
1.677413
2.780943
1.576479
1.811310
0.890927
0.853585
1.389254
-1.862569
0.302379
0.062284
0.129342
0.196639
1.380003
1.570327
0.386037
2.561488
2.914542
1.505607
0.949842
0.210786
1.550618
1.336424
-0.230228
0.456386
2.050413
0.231212
1.914645
2.254894
0.247059
1.580660
1.982858
0.970282
0.483499
1.538635
0.923160
1.437438
1.776117
-1.012310
1.162640
1.480633
0.387628
0.781549
0.887960
2.205668
-0.028671
-1.546666
0.879589
0.630666
2.001165
-0.823393
-0.189040
-0.221037
1.265370
1.241136
1.083511
2.691235
1.058955
1.940453
2.273869
1.786105
2.774294
0.257790
0.723502
0.977215
0.464765
0.048347
0.576258
1.304285
1.813085
2.471720
1.424050
2.102843
0.181531
0.588205
1.666513
2.136140
1.356701
2.126417
0.417798
0.557385
-0.168891
1.864237
1.547693
-0.092730
1.675025
0.400701
1.258597
1.831052
3.199697
0.803621
0.418236
1.460297
0.246210
-0.605196
1.803326
-0.360130
1.504333
0.106322
1.406527
0.887665
3.854658
2.761480
-0.163410
1.327749
-0.300889
1.716724
-0.562056
-0.014391
-0.512668
1.301797
-1.026846
0.163554
0.769837
1.746851
1.290923
-0.596561
1.924843
-0.677037
2.387058
1.072774
1.685683
1.904434
2.868930
0.573761
1.962203
0.803338
-0.740479
1.879003
1.622569
0.647633
-0.442273
1.001548
0.633954
0.146494
-0.994209
0.184509
2.542716
1.708930
2.060837
-0.238928
1.871723
2.184499
0.601216
1.466911
-0.034808
1.224052
0.295601
0.047548
1.413733
3.048397
0.573781
0.904467
0.258783
1.484096
1.332928
-0.039919
-2.640032
0.828412
1.930716
-1.043442
-0.057557
1.605787
0.548284
-0.526393
1.365269
0.699939
2.156631
0.743757
1.105145
3.245066
0.431358
0.413330
1.235487
0.286147
0.923096
-0.318088
0.518739
-0.896344
2.450739
1.373122
0.654778
2.311051
-0.471586
0.886343
0.454326
0.320385
0.084792
1.511278
1.967592
0.644599
-0.550794
0.595962
0.323687
2.593455
0.201041
1.927642
1.265917
0.278070
2.019548
1.027488
2.014015
0.657101
0.803803
2.115399
1.535387
2.608033
1.050943
0.037339
1.893396
1.249832
1.064722
1.000919
0.863671
0.088125
0.457513
1.560615
1.408092
-1.059098
-0.518877
1.356646
0.096649
3.628815
0.990362
1.290062
1.157428
-0.041712
0.403804
-0.216466
0.094345
-0.069921
-0.008650
-0.278997
0.702483
2.437497
0.285566
0.063247
0.514187
2.411748
3.490827
-0.164812
1.613221
0.566390
0.218817
-0.035370
-0.258235
1.239874
1.875690
2.711530
0.781633
1.122318
2.624006
0.943765
0.892529
-0.170711
1.471950
1.594901
-0.987755
1.024507
0.143980
2.408329
0.993328
1.026293
2.077079
0.205823
3.477750
1.083109
1.255691
0.278679
1.427055
-0.051425
2.141229
1.158205
0.570977
1.103073
1.727906
-1.139395
2.641794
0.015202
0.645628
0.901699
1.526942
1.092191
2.036131
1.117934
0.266031
0.860770
-1.161580
1.830004
1.173086
1.713478
1.801196
1.536718
0.333080
2.308366
1.327184
0.996011
0.337949
0.473079
0.706303
0.458765
2.038689
0.251366
2.323605
1.325556
1.971007
1.037448
1.532790
2.325065
1.707692
0.371442
0.799884
1.448389
1.417996
1.488263
-1.237389
0.589618
1.361349
1.300911
0.156107
1.647440
1.200907
0.241219
0.683497
2.143079
0.804609
1.710163
0.654802
0.779180
1.497634
0.517399
-0.736718
2.445797
-0.159126
-0.658521
0.685209
1.422611
1.775317
1.042874
0.844993
0.318876
0.190320
0.867979
-0.521444
2.010133
1.615399
1.758715
0.444331
0.674205
2.137696
1.426872
1.591755
2.553951
0.088488
1.713894
2.110987
1.257366
0.223988
2.625717
0.941081
1.251242
0.801303
2.816296
3.240340
0.524976
1.894134
0.794724
-0.093088
0.775608
2.234102
0.831810
-0.525268
1.076735
2.699457
0.454245
-0.901939
0.954523
0.773292
0.112924
1.967706
2.866787
2.170882
1.050289
2.051517
-2.067331
1.483790
1.577882
0.434367
1.479081
1.050740
-0.269515
-0.475972
0.052677
1.209262
1.637036
1.253998
0.977108
1.877404
2.515178
1.265705
1.210862
0.399391
-0.616565
0.561522
0.341742
3.106805
0.330246
0.022719
0.310938
2.094555
-0.518314
1.358920
0.988115
2.055933
1.404006
-0.105048
0.944875
1.689220
1.240966
2.579686
-0.223445
0.126944
2.812067
-2.620760
2.172731
1.403603
-1.547993
1.449758
-0.249964
2.597943
1.502425
1.716631
0.960556
1.104692
1.883545
2.316603
0.602407
0.969077
1.052534
1.010092
1.613218
0.195349
1.392984
1.154094
2.125765
1.512390
1.685536
1.651914
0.743093
0.138343
0.303915
0.568394
2.386476
2.849956
0.128240
0.291034
0.817042
0.444298
2.085049
0.034914
0.973254
1.936547
1.110885
0.868119
-0.554230
2.808089
0.298503
0.325134
0.386461
0.612249
0.694653
2.567727
0.827548
-0.701977
1.790227
1.507122
-0.534697
0.157218
1.040714
1.137708
0.092490
0.289837
1.106358
2.496317
1.160740
-2.177016
1.386129
0.541841
2.884751
1.580883
0.423300
2.196849
0.795395
2.846246
1.350333
2.325972
1.290092
1.646002
1.727794
0.753769
2.348886
1.706823
0.396427
2.063571
-0.155196
1.393774
2.375500
0.869565
0.630279
0.467679
0.507169
2.661089
-0.215348
-0.009718
2.596868
-0.999472
1.557047
-0.200823
0.177724
0.544759
1.132364
0.562157
2.148077
1.214125
1.825904
-0.646440
1.399997
1.578499
1.986057
-0.131372
2.174982
1.749121
1.646855
2.236653
1.928155
2.335669
0.158634
0.677345
1.253087
3.259396
0.280645
2.602393
1.571191
2.172725
0.325347
0.565113
2.679783
2.304268
0.711042
2.923232
0.234975
0.089643
1.795019
-0.380874
1.040082
2.802188
1.703316
1.048860
1.191820
1.281871
0.308887
1.102808
-0.036295
2.348202
1.511873
1.326979
3.282223
0.254126
1.139678
1.800126
-0.187543
1.015109
0.282250
1.612975
0.750023
1.332216
1.500247
2.538648
1.260842
0.776289
1.480213
1.200134
1.876060
2.432981
1.797254
-0.527810
0.454830
3.001573
1.641126
1.277661
1.728330
0.480953
0.038584
3.031549
0.612976
-0.070270
1.133040
0.321950
0.854250
0.936247
0.445095
0.007683
0.615124
-0.472929
1.681673
1.526040
0.042211
1.267334
0.055930
2.151011
-0.587803
1.076965
0.745583
0.822591
-0.079277
0.448233
1.497761
-1.331033
-0.291571
-0.033503
1.505976
0.993141
1.568786
-0.284500
2.616224
0.555120
0.768293
0.791350
0.720779
0.675570
1.623807
1.126624
-0.716993
0.828275
-0.877889
0.989599
1.532337
2.156959
1.063069
1.390486
0.396110
1.463519
0.054100
0.536882
-0.406512
2.824614
-0.015839
1.534770
1.293250
-0.117019
-0.345252
-1.138083
1.461405
0.712510
2.464141
0.922292
1.957785
2.341484
1.753918
1.245865
0.900581
1.431189
1.600784
-1.630575
-1.152242
1.084974
1.930813
1.079373
1.235600
0.021673
0.825342
-0.465538
1.952583
-0.240677
0.599610
2.116532
0.306598
-0.372754
-0.144138
1.051587
0.821540
1.135152
1.588711
1.517071
1.342203
1.279342
1.996628
1.379905
1.733169
-1.048638
1.125662
-0.187222
1.206590
0.788126
2.676868
0.873912
0.440352
0.461253
-0.529888
2.788150
-0.447761
1.569767
0.938800
0.832656
1.322176
2.732487
2.985179
-0.657529
0.683353
0.367147
0.618240
0.769531
1.427139
2.506028
0.898613
0.453149
1.579832
0.852509
0.676818
0.603044
0.308379
0.154562
0.052059
1.344965
0.221363
1.424599
1.112864
1.286995
1.541626
0.960027
1.290652
1.258126
-0.542639
1.837881
1.278899
-0.103070
0.895705
-0.000911
0.169594
1.095548
0.723843
2.256692
1.583850
1.985743
2.300169
1.130592
2.190979
-0.305635
0.007779
0.327979
1.747863
2.666523
1.235060
1.636836
2.347898
1.586060
1.481291
0.239688
1.014040
0.780957
1.073311
0.928456
1.725881
1.606433
0.377823
0.799147
0.400986
0.878016
1.858725
-0.050468
-0.156840
1.530579
1.607788
2.366644
0.324782
0.958991
0.811505
0.785927
0.899494
-0.094106
1.381406
1.163146
0.684687
-0.304725
-0.260787
0.130768
1.878461
0.196320
-1.109422
1.224272
1.568772
1.065743
0.556101
1.003239
2.437563
1.189851
1.474530
1.718591
2.142623
2.450755
2.740428
1.584120
1.716277
2.272037
1.071393
1.008493
0.634486
-1.284723
2.427794
0.287620
-0.445662
0.536990
0.628550
-0.353014
-0.108011
0.467118
1.133883
1.677073
1.320097
-0.104189
0.669905
0.715038
1.571994
1.475001
0.171496
0.839281
1.923335
-0.828353
0.818797
1.032609
0.570693
0.454626
1.135767
0.145833
1.204967
1.465546
1.050600
1.196089
1.052146
1.645640
1.472692
1.252305
0.445970
2.160369
-1.473067
1.567566
0.334026
2.602473
1.396739
-0.260191
1.626676
1.658406
0.558388
1.486527
1.116466
1.217321
1.997786
0.573911
0.446467
0.801504
2.189728
1.049660
0.156968
0.463710
0.819453
1.402004
0.932467
-1.017110
0.604458
0.717107
-0.142595
-0.477001
1.385792
-0.019617
1.577871
1.438067
0.513921
1.073472
-0.257506
0.339699
0.934709
1.297827
2.314542
0.538234
0.471962
1.327652
3.080946
1.134728
-0.533670
-0.280634
2.013086
1.498479
2.361825
2.586711
1.446020
1.332285
-0.324810
-0.324502
1.754092
2.063690
0.307934
1.914420
2.526264
2.351676
-0.117192
3.121048
0.438059
0.694462
1.062961
0.269118
1.420201
2.340934
-0.579601
2.692987
1.174575
1.917614
2.250713
0.527908
1.778779
1.085251
1.879673
1.331571
-0.129969
0.611306
2.908361
-0.379527
0.692141
1.985073
1.955601
1.184996
-0.487159
1.702592
0.620182
1.950046
0.505857
-0.353223
1.789411
0.217226
0.643080
0.068575
0.874668
0.359775
0.621336
1.597570
0.822934
2.381599
0.670018
1.800132
0.623824
2.382440
0.369691
1.829371
0.491152
0.487130
2.110230
0.178322
0.230072
-1.144446
0.197812
1.757279
2.349305
0.438564
0.558854
1.109234
-0.275969
1.072865
1.582828
1.392994
-0.023445
0.293250
-0.225276
-0.421525
1.845088
1.540178
1.533811
2.343777
1.765109
0.817387
1.520117
1.267223
-0.014582
0.728510
2.947050
-0.595172
0.860001
2.278011
-0.316637
1.402369
