1000
-0.248361
2.779100
0.363360
1.649208
2.436819
0.938420
1.894406
2.055910
0.779463
0.738790
1.924245
1.353286
1.513013
0.505400
2.204879
0.371991
0.248265
0.100364
1.201750
1.375308
0.539096
2.136961
1.098957
0.562180
0.505349
0.045379
1.679306
1.135793
-0.387128
0.832225
1.972913
1.678144
-0.753833
2.324556
0.490569
2.411361
2.067253
-0.409151
0.287222
0.505709
2.219345
1.314405
-0.152021
1.258163
1.499313
1.943364
0.936391
-1.351883
1.831379
-1.637129
0.474363
-0.072678
1.072265
1.701397
1.377780
2.617431
1.068372
1.127329
2.805192
0.829549
1.235184
-0.125930
1.570779
1.461465
1.922119
1.165749
2.362288
1.572876
-0.368029
0.401640
0.567816
0.110710
-0.240141
0.729793
-1.229192
1.580426
1.286080
3.225374
-0.708140
2.248789
1.226749
0.232676
1.175572
2.422277
-0.237344
1.924994
2.494652
1.444861
0.140198
0.940399
-0.419578
0.341829
1.185612
3.054416
0.719294
0.404891
0.664069
0.726182
-0.251310
1.372682
3.169192
1.168772
0.384127
0.083522
2.227121
0.605338
2.035531
0.904602
0.588516
0.277125
1.473272
0.921837
0.302764
-0.178685
0.588190
2.723907
1.493230
1.276067
3.610994
0.721003
1.101951
2.995131
0.369128
0.576050
2.346098
1.485978
0.784180
0.551469
0.709966
1.800948
2.366563
1.078638
-0.223008
0.410579
2.060580
1.185326
0.789735
2.861824
1.518570
1.685775
2.093243
2.359835
3.513052
1.747394
0.664384
1.872113
0.516376
1.123187
1.838333
0.377655
0.093633
1.230200
2.189022
0.827320
1.460093
-0.390378
0.643364
1.615341
1.868262
1.669851
2.030308
1.262095
1.258766
0.848530
0.346595
0.157074
0.405276
1.570011
0.807014
1.121857
1.989866
1.086658
1.389392
2.087227
1.179743
1.795296
0.172855
0.625031
-0.155231
2.242936
1.028866
-0.833119
0.702011
1.477641
1.774165
1.699786
2.191620
2.101598
1.218279
0.790842
2.047773
2.426919
2.357197
0.832994
1.480187
1.586669
2.027041
1.359078
1.203278
1.831006
0.852123
-1.481196
-0.029183
0.918691
1.509349
2.157103
1.834094
-0.422181
-0.028136
1.947811
-0.014044
2.038602
1.329323
1.433975
1.733092
1.160945
2.645331
0.433541
2.303664
1.101965
-0.533485
1.099862
1.393395
-0.401595
0.793269
2.098911
1.724019
2.707159
0.963757
2.665779
0.957294
0.638861
0.681897
0.395775
0.523255
-0.001325
1.540038
2.874054
0.577315
0.889641
0.689259
0.009518
0.091372
-0.944703
1.517007
1.686460
0.899910
2.646413
1.015487
0.941050
1.606170
1.596921
1.640102
1.021908
1.430121
1.490006
-0.436418
1.290306
2.135039
0.991671
1.488647
1.159627
0.282055
1.318432
1.285775
1.431539
2.277271
2.834759
1.211492
1.853710
0.867514
1.125986
0.518438
1.783352
2.779319
0.493466
0.214372
0.817277
2.040601
-0.326365
1.474337
0.715191
0.733509
0.157098
1.538393
1.665906
1.496826
1.091152
1.483967
-0.119426
0.084385
0.788331
1.223981
-0.789921
-0.987043
0.744500
-0.451768
2.436353
1.484925
1.865969
0.854734
1.148879
1.200461
0.740409
0.502730
-0.004599
3.277024
0.580113
-0.168916
1.263536
-0.060418
1.308244
2.789779
1.293077
2.338006
1.617036
1.768655
1.514361
0.996781
-0.722129
0.640718
-0.613865
1.144696
0.039275
-0.167691
2.542412
1.301942
3.504926
-0.046830
-0.535955
-0.293219
0.167018
1.101626
2.201049
0.607179
1.440838
0.923232
0.456435
0.595609
1.604945
2.513909
3.261781
1.737094
0.699658
2.121075
1.015360
0.267927
2.226681
1.142328
3.463032
-0.170573
0.902742
-0.988198
1.694545
1.386204
0.667063
2.091925
0.451401
-1.314047
0.891386
0.337617
2.311205
1.057626
1.569814
-1.225895
0.434922
-0.473756
0.441808
1.454978
-1.908134
2.103648
1.288100
1.656167
2.712745
0.371423
0.500630
-1.161061
0.151634
0.100882
0.149266
-0.977329
2.732075
2.385985
2.541051
0.849303
1.058108
1.998064
0.928943
2.306105
-0.347067
1.550789
2.182809
1.042654
-0.034078
0.766988
0.523653
0.814765
1.611087
1.561030
0.879396
2.006317
-0.618742
1.036110
1.544556
3.151121
-0.457149
1.096392
-0.291026
0.333205
1.231786
0.836295
1.312672
-1.202150
-0.910985
1.963260
1.144330
1.761981
3.787672
-0.012025
1.375891
2.695655
0.524395
0.480778
1.430229
0.604821
2.145423
0.316855
2.312774
0.941248
0.847697
-0.556063
1.852963
1.190773
0.973771
1.000026
1.356488
1.510417
0.893993
0.095629
0.208039
0.923975
1.842661
2.583369
1.492975
0.595898
3.212488
1.102085
1.858312
3.266513
1.170838
0.185144
2.054926
1.075414
1.920171
0.026655
1.311103
1.319903
0.241700
1.590134
2.562965
2.120862
0.575354
0.606880
0.667845
0.075841
1.070920
1.827562
2.306589
2.351463
2.296502
1.709818
-0.160554
0.558290
0.409319
2.659292
0.799851
0.373221
-0.326445
1.265492
2.371545
1.538031
1.077262
1.626353
-0.039232
2.359053
2.369609
1.156828
2.769283
-0.020081
2.277216
1.610055
0.477943
1.769445
2.192565
0.898571
2.666440
2.765005
1.650961
0.890642
0.579720
1.365881
1.945821
1.307481
1.165413
0.352695
3.300868
-0.025744
0.777687
1.160999
-1.562672
0.770445
-0.724003
1.274832
1.186154
2.274658
1.032382
-0.551162
1.626927
1.406751
1.267201
1.653946
2.157380
0.987121
0.274041
0.794644
1.845805
0.219387
2.337249
2.341120
1.567676
0.958147
2.189087
-0.774618
-0.245852
-0.077603
1.224952
-0.541960
0.712716
3.881572
1.259645
1.393010
0.653648
1.984228
-0.031593
1.780431
0.408187
1.374290
2.519072
1.068562
1.383391
1.140676
-0.344854
0.681181
0.956901
1.043220
1.421841
0.293170
1.985298
0.177342
0.155552
-0.428607
0.722262
1.808070
2.090171
-0.385233
-0.599236
0.723293
0.849845
2.605901
0.836129
1.275067
2.369999
2.049729
-0.522214
3.094955
3.154125
-0.996420
-0.489031
0.919276
1.228782
0.264835
0.841085
2.430010
0.461544
1.754840
1.139318
-0.722957
0.298698
1.758827
0.240502
1.469575
0.191000
-0.117635
0.411111
2.062285
-0.295866
0.980134
1.791004
-0.056478
0.697671
2.107958
0.474971
1.537522
0.532621
1.210173
1.540465
1.250815
1.086872
1.042613
1.163821
0.393129
0.298358
0.516836
-0.709906
1.603013
-0.122024
2.046651
1.207910
0.590967
-0.087320
0.101333
0.723136
0.271379
-0.248901
0.284757
-0.377078
1.647787
1.032361
1.587124
2.458765
0.519685
1.095090
0.903363
1.694047
1.317334
1.146010
0.793746
2.299481
0.683740
1.454468
0.830750
-1.977589
0.577426
0.377637
1.901364
1.337906
1.860652
0.376670
0.926221
1.201355
0.531388
1.971564
0.957355
-0.654507
1.671261
-0.997833
0.627132
1.025853
1.545926
1.986005
3.221478
0.917710
1.035700
0.826687
1.593198
1.725445
1.087434
2.162918
-0.535819
2.253558
1.545083
1.831454
1.825813
0.568196
2.526692
1.856012
2.955217
0.652572
0.548463
0.407257
-0.666250
1.528373
-0.660240
1.663985
0.848316
0.945978
1.689852
1.631597
1.538393
1.661974
1.277655
1.804957
0.588620
1.608772
1.684964
2.520705
0.269335
0.732009
0.902798
1.298451
0.394370
0.483059
0.765316
0.791558
1.222438
2.303838
0.357423
1.451889
2.157408
0.887368
0.719316
-0.102622
2.278241
-0.044316
2.088665
1.328921
1.595838
2.044205
0.728188
1.017755
0.125838
1.650261
0.055963
1.247658
-0.956833
1.243962
1.712868
-0.490273
2.274209
1.511970
1.787127
0.443760
0.425616
2.136915
0.520661
2.588120
1.315563
3.058057
0.643404
2.521175
2.285333
0.984236
0.508820
1.945128
0.318127
1.153809
1.335142
1.904863
-0.034594
0.329074
0.997881
0.805940
0.052601
1.821242
-0.709387
0.936655
1.133770
1.230441
1.463649
-0.374436
0.594066
-0.604626
1.538483
2.002589
1.936141
-0.111064
-1.091133
2.323657
2.995870
3.095986
2.078217
0.767710
1.457270
1.276050
1.704759
1.030618
0.229354
0.041735
0.647949
0.044817
2.775113
-0.040528
2.396366
0.824621
0.387258
1.406886
-0.482676
1.238989
2.076690
0.336955
0.786224
1.196071
3.113815
1.154314
2.739587
2.502251
1.134390
-1.745901
1.580793
1.456846
-0.955479
2.581135
1.566948
-0.433787
2.422321
0.397843
0.356369
1.122913
0.744988
1.369874
-1.579335
1.866409
0.454492
0.751585
0.835802
0.676926
-0.649766
1.458922
1.191274
1.559763
0.813649
1.218401
0.275509
2.556041
0.709855
1.343478
1.506894
0.765139
2.507616
1.792654
0.390595
-0.669866
1.685534
0.625844
2.776633
0.586538
1.041486
0.357891
0.737168
3.088880
1.077899
0.847047
0.929259
1.094710
2.014214
-0.208250
3.495527
0.316656
0.708235
-0.342918
0.087914
1.651451
-0.113116
0.698904
0.815118
1.509354
1.647176
0.828714
1.381598
1.172749
2.074266
2.980780
0.349663
-0.404602
1.405515
-0.776074
0.352275
1.951867
0.045428
1.753515
-0.089139
1.333299
0.053505
2.266202
1.706362
-0.386565
0.260507
0.111144
-1.356507
1.500835
3.617804
0.518656
2.553532
0.823981
0.212572
1.308000
1.783517
1.866515
-0.700879
0.963001
0.757424
0.930787
-1.532894
0.533672
1.471461
1.996891
0.471412
1.743812
2.540326
0.543108
1.124660
0.871194
1.234398
1.057863
1.630127
0.420237
3.120785
-0.058308
0.166353
0.660054
1.706084
0.204782
1.207293
1.803953
0.862761
0.012914
-0.627169
2.193467
1.282569
2.173570
-0.932218
-1.340771
-0.408195
1.338080
0.512150
1.629063
0.012024
1.296361
1.007619
0.899325
-0.102074
1.382635
-0.418068
1.827711
1.222601
0.598600
-0.813619
0.077383
1.393953
0.576019
-0.715879
-0.542571
2.979001
2.353044
1.644597
1.631752
-1.230449
-0.206009
1.047176
0.234419
1.254683
2.272179
-0.641590
1.352214
0.668514
0.434061
1.596720
1.510092
2.388139
1.814089
0.390091
0.671228
2.745132
2.159808
0.402800
1.408972
3.833109
1.864196
3.507079
1.377662
-0.101928
1.032003
0.607134
3.036509
2.990627
0.222940
1.838112
0.426308
0.594717
0.005794
-0.081470
0.208586
1.910812
1.478125
1.938113
0.767262
0.350424
0.368196
0.694779
-0.848586
0.336240
1.030978
-0.108143
0.984826
2.984390
0.683200
1.360104
-0.449203
0.878002
1.135751
