1000
-0.057988
0.539421
0.078991
-0.238474
0.970415
-0.299840
1.134785
0.245668
1.684150
3.107478
1.078453
1.179972
1.009435
1.896430
3.107686
1.970022
0.630321
-0.219128
0.884552
0.519238
1.471772
0.854248
1.602376
1.373880
2.488038
1.643230
2.866032
2.984696
0.757178
1.460150
0.427019
0.320967
0.206975
0.718510
-0.348587
-1.157353
1.335880
0.367242
0.559374
0.251381
-0.508349
1.583088
1.172093
1.228733
1.587887
1.380181
-0.125007
1.142093
2.296174
-0.077615
-0.698113
-0.665293
-0.488927
2.659968
-0.516578
1.485815
0.372477
-0.701237
1.969049
-0.425423
0.091096
1.312721
0.591140
-0.238749
-0.107370
-0.113129
1.550860
1.975593
0.996689
0.878823
0.548998
0.118678
1.041408
3.518274
1.764085
0.953588
1.190741
1.128396
1.944217
1.104214
0.300820
1.301826
0.356717
1.031829
0.122882
1.720149
1.912263
-0.211673
0.964200
0.730225
2.471503
1.773677
1.504666
-0.929099
0.220237
1.319506
2.717542
2.608266
0.570967
0.055692
1.312384
1.652637
-0.060179
2.897849
0.516580
-0.798272
1.557081
2.341320
1.707262
1.296971
1.379808
0.565261
0.890683
2.818239
2.666313
-0.942487
2.718892
0.253480
1.168762
1.452918
-0.521024
2.638468
2.485874
0.775428
0.508881
2.510659
1.246036
1.755512
1.002769
0.580273
1.138296
1.359821
-0.643601
0.262352
1.197122
0.807608
1.608825
0.490253
0.223648
1.529636
0.785283
0.555200
1.590480
-0.017654
1.736513
2.090787
0.566868
1.392969
0.660344
2.923151
0.800165
2.286700
0.818423
0.430387
0.905679
1.152420
-0.548755
1.611845
0.430312
2.059896
-0.256282
-0.233869
0.019190
0.281263
1.347250
1.624881
0.379763
1.590426
1.239106
0.811925
1.927152
-0.187135
-0.134580
0.768869
0.584359
0.151104
-0.572181
1.305762
1.682678
0.795660
0.175705
1.097653
0.290871
0.749025
0.081859
0.037863
0.627545
2.024117
0.291863
0.685849
1.262865
1.802916
-0.831455
-1.158063
1.173928
-0.183319
-0.099681
0.799238
1.770036
0.588539
2.479391
0.934983
1.424423
1.533861
0.597906
0.641068
2.131436
1.743675
1.232978
1.363719
1.126234
0.793870
1.227429
0.827756
1.703873
0.023230
-0.103958
-0.168849
1.156853
0.756916
1.779057
-0.504686
0.869700
1.864805
0.119855
2.351329
0.682649
0.982545
0.740679
0.559646
1.338732
0.352549
-0.358974
2.049807
1.345351
-0.014982
1.008080
1.643705
1.666176
1.649845
1.753076
-0.107195
-0.261049
1.713621
-0.851575
2.293280
-0.229218
0.243900
2.317100
2.109426
1.213120
0.098709
-0.616132
0.166080
0.265145
1.904056
1.673880
0.906971
2.087969
2.216716
1.422416
-1.745191
2.367309
1.499503
0.292283
2.735350
1.822380
0.072355
1.372636
-0.439760
1.258786
0.448482
-0.742780
0.640424
0.298384
1.435920
1.213981
0.639870
0.829208
1.748279
0.754433
1.644103
-0.001911
0.940075
1.906231
0.734408
1.947534
1.025609
1.578573
1.579726
-0.432421
3.825341
2.085714
1.555027
2.964492
0.996389
1.415641
1.878851
1.100185
-0.407825
1.947252
0.719313
1.321751
1.012706
0.308483
0.280744
0.295780
1.168323
-1.034434
1.039506
1.792344
2.205873
1.834600
1.704023
0.285219
1.155890
1.404526
1.586248
2.792706
2.989741
0.475918
-0.441663
-0.533798
2.383244
0.454255
0.280123
2.315597
1.780757
1.257410
0.385806
1.522639
2.521607
2.283852
1.187535
1.016124
0.559029
0.335649
-0.149679
-1.120057
3.051806
0.386189
1.694379
-2.126898
0.075591
0.717973
2.309210
-0.036900
0.934827
-1.921647
-0.984017
-0.575340
1.117102
3.187899
1.499295
2.110967
2.949783
1.641035
2.007831
0.420190
0.248507
0.094681
1.982226
2.311840
1.636128
3.049814
0.505018
0.617651
1.178810
-0.275566
0.036549
-1.119203
1.569788
0.659169
0.068993
0.269606
1.832223
2.543676
0.024129
2.084264
0.665710
0.165442
1.674825
1.996040
0.424255
0.547774
3.020735
0.935398
2.990124
0.247821
2.127543
1.255775
0.652321
0.853936
1.751908
-0.107381
0.018039
2.059189
0.415077
0.704881
3.326703
1.238723
0.075631
0.694551
-0.608172
1.938446
0.427534
0.149963
-0.508820
0.962663
1.039821
1.045543
1.534476
-2.113162
1.963454
0.284458
0.924598
1.644496
-0.311040
1.164855
0.461858
0.388499
1.435622
3.010860
2.203652
1.478202
2.503183
-0.967160
2.004673
-1.359984
2.509889
0.689402
0.862900
2.597280
1.708275
0.577161
1.794122
1.403545
0.162344
-0.650462
1.050452
1.230880
1.959098
1.183943
0.649194
0.475784
0.894296
-0.917040
2.731187
0.260294
1.076827
0.561887
2.573270
0.007407
2.262345
0.144292
0.728325
2.653705
2.032886
2.043308
1.080722
0.158491
1.359080
1.021021
0.303270
-0.356811
2.158427
1.553773
-0.075029
1.293157
-0.378396
-0.354422
-0.816611
1.159067
0.810962
2.190212
0.893719
2.268488
2.401967
1.895433
1.880920
1.308547
-0.355314
1.557612
0.283758
0.870811
1.604687
1.361015
-1.104296
1.538080
1.324035
2.007582
1.164707
0.481752
0.359558
2.399998
2.292354
0.091112
1.102261
2.363308
-0.606506
1.642975
1.548733
2.190669
1.434549
2.018215
1.342834
-0.689443
-0.054521
-0.823808
0.730991
2.120208
-0.178712
-0.391916
1.164381
1.837724
0.835562
0.690686
0.967898
0.635343
0.664801
0.888407
1.155494
1.617457
-0.870028
1.904687
1.897697
2.045167
1.432949
2.029087
-0.862195
1.518007
1.948074
0.171286
0.488031
1.662353
1.153696
1.983174
-0.060636
1.239629
0.615826
2.000637
1.660264
1.948520
0.092563
-0.835562
0.490176
0.911602
0.354351
0.268498
1.493245
1.075502
0.339990
1.284511
1.193198
1.869109
-0.396554
2.766892
0.287388
1.043749
2.439082
2.434283
-0.823585
2.572447
1.229393
1.826178
2.773589
0.995185
0.902439
0.189616
0.172465
0.655887
1.127766
1.998833
0.689283
-0.244817
1.285325
1.730985
2.240692
0.761524
2.147422
-0.091207
0.155672
1.660481
-0.031650
2.067564
1.151249
1.241071
0.429664
2.768624
1.361066
1.004458
-0.302780
2.129653
1.489898
0.994924
1.686979
2.613536
1.299330
-1.470962
0.930073
2.744648
0.689949
-0.148053
-0.456840
0.288944
1.073752
0.408692
0.358445
0.268657
1.304911
-0.473792
0.413894
0.795444
1.755885
1.737018
3.011415
0.007286
0.870984
0.722426
0.147712
-0.315591
0.334723
0.563976
0.711456
-0.501697
0.740659
1.645256
1.202387
0.092652
0.285528
1.817665
0.857987
0.291271
0.741314
2.891290
2.332204
2.270116
-0.213012
1.579661
-0.028287
1.405595
-1.105956
0.213204
0.630129
0.653413
2.641876
0.811071
2.240094
1.513149
-0.268947
-0.784714
0.260311
1.785698
2.161471
0.929183
2.073447
0.823661
1.523643
0.184860
-0.177571
0.299013
2.021608
-0.017207
1.940625
-0.593581
0.106348
2.658839
0.703323
0.840079
3.058624
2.714282
-0.243777
1.187945
0.360367
1.115701
1.493348
1.525854
1.552895
0.768529
1.318525
0.532859
1.259886
0.516736
1.106623
2.932421
1.065410
-0.605906
1.821956
-0.307033
2.298921
-1.562850
2.197243
0.077298
0.609461
-0.546375
1.446053
0.752026
1.348053
0.966922
1.200361
0.782961
0.951667
1.920015
0.493953
1.844167
2.019687
0.822624
1.210531
1.152701
1.953712
0.429111
0.581135
1.903101
-0.824362
2.166870
2.053976
0.147425
0.544104
1.846484
1.575896
1.860163
1.801763
0.332482
-0.508490
-0.319125
1.637848
1.643491
0.244988
0.428736
0.365251
0.657260
1.890060
-0.255888
0.626401
0.661162
1.419389
2.063230
-0.156642
-0.519758
0.542461
1.020247
0.387610
3.384384
1.836689
2.645018
1.808762
0.230846
2.477480
3.046542
-0.091582
1.577812
0.163706
1.438557
1.655097
0.268859
0.879016
0.914988
0.690925
-0.247809
1.337305
0.683788
2.151088
-0.161281
1.490888
0.058988
0.512782
0.920122
0.889561
0.800885
1.750570
2.679174
3.883691
0.665568
0.907880
1.568045
0.729801
-0.843117
-0.025227
2.051148
1.639787
0.691130
0.576766
1.597707
-0.536425
2.726206
2.017630
-0.153797
-0.835687
0.293804
1.568297
0.540348
0.968504
1.513084
0.360917
2.477260
1.821689
0.971953
-0.064034
1.689561
0.518251
0.543929
2.157279
0.920776
-0.201913
0.347133
0.791090
0.947415
0.692818
0.586490
0.798349
0.337562
0.340568
1.068558
0.672691
1.421675
1.265918
1.104177
1.317306
-0.050708
-0.334550
0.257027
0.674767
1.772991
1.195884
0.121967
0.814377
0.458128
1.268517
0.503236
1.392193
-0.127308
1.446269
0.987930
2.622724
0.947952
0.263045
2.050467
0.625786
0.800724
2.151776
0.977718
1.478172
0.771633
0.862913
-0.216810
0.162297
1.202671
0.362755
0.100444
0.273089
0.241230
1.591770
0.372595
2.537298
1.492083
1.763512
-1.075225
-0.340429
2.646677
1.618961
-0.076467
2.976388
1.365999
2.146397
1.055168
1.499480
1.397702
1.254053
2.115043
1.924675
1.037892
3.263845
1.312106
1.515600
-0.477424
2.317287
0.361223
0.800609
0.047391
1.080741
0.494617
0.624874
0.826129
0.407806
0.245381
0.249106
1.075197
0.878694
1.539494
1.418116
1.871510
-0.217858
-0.112840
1.582893
2.083672
2.169807
1.948818
2.306842
2.665676
-0.138488
1.247539
2.025264
-0.532471
1.279103
1.790230
-1.066255
2.104504
-0.302621
1.552631
1.718418
2.446610
1.725373
2.072532
1.071688
0.554648
2.535262
1.959136
0.343318
1.483606
-1.770916
0.786031
-0.252095
0.500967
1.530815
1.919996
0.553454
0.765280
0.762401
-2.071990
0.798378
0.169698
1.067797
0.754005
1.892755
0.422317
0.231385
-0.091757
-0.019761
0.765746
0.477421
0.919721
-0.521303
1.530078
2.397986
0.135431
0.193130
0.312949
0.710651
2.603332
3.737584
1.702877
1.028643
0.275351
2.095847
0.653782
1.181068
2.911219
0.881770
1.385647
1.911280
-0.963766
0.424729
1.746615
0.661693
0.957473
-1.259895
1.330669
0.785641
0.216099
2.581859
1.602757
1.217915
-0.324232
0.596984
0.760445
0.568621
0.611144
1.543086
1.098088
-0.007802
-0.259832
1.767365
2.044011
-0.035179
-0.804784
1.051611
0.970869
0.572857
0.436126
1.022055
0.914487
2.196702
1.052932
-0.982726
1.237656
0.874309
0.700657
1.225020
-0.561450
1.031832
