1000
0.746430
0.314829
1.324623
0.997308
-0.632994
1.387768
-0.171763
3.069313
2.330812
2.174051
-0.225714
0.136197
0.045465
2.100190
1.470615
1.278678
1.879799
-0.255889
1.607685
1.676422
1.982807
0.522564
1.684663
0.422720
2.225017
0.231036
2.072541
0.212711
1.050081
-0.140320
0.900754
2.286086
0.195707
1.044800
2.583636
1.080174
1.663786
-0.718320
0.359062
2.208853
0.677490
0.040574
1.131916
1.747304
0.579585
2.198198
0.818213
-0.575122
-0.084300
0.832862
2.023912
0.669817
0.253872
0.800790
0.050001
0.652598
1.300996
2.206980
0.900337
0.979785
2.136517
-0.030405
0.293922
1.514566
0.024067
-0.973772
1.615104
-0.203895
1.746285
0.707132
-0.467302
2.095346
0.133752
0.623628
1.526550
-0.130382
0.514402
1.860735
0.617229
0.183600
2.839059
-0.075965
1.972148
1.237540
2.709761
2.166912
0.823250
1.134825
1.739379
0.376257
1.364097
-0.084961
0.745594
1.784656
1.769335
0.065743
1.641930
1.732202
1.542699
-0.213713
-0.077827
0.336020
-0.158683
1.163843
-0.008727
-0.935885
2.062126
1.764748
0.638234
-0.025230
1.536805
3.784023
0.404166
1.399439
0.170784
0.929292
1.246748
0.229412
3.301030
0.534411
3.144072
1.659938
0.792082
1.893698
2.362701
1.342801
1.989610
0.953395
2.591975
1.253277
1.496655
2.256137
0.643023
-0.056069
2.866961
1.677529
1.472110
0.353801
2.297589
0.806466
1.956750
2.176608
0.991282
0.415876
1.013805
0.861276
2.301417
1.584069
-0.509707
-0.947091
1.826549
0.815158
-0.419846
0.856158
-0.096541
0.015866
0.748565
0.766749
0.813754
0.385937
1.256460
1.404277
0.206547
2.957390
0.161835
0.848842
-0.074473
1.923621
0.449140
0.367657
1.846957
1.419215
1.547131
1.066165
-1.179084
1.707787
1.326015
-0.464627
-0.018061
1.314202
0.717349
1.914454
1.637168
-0.209891
1.163619
1.793975
-0.146872
0.703561
1.379353
-0.480147
0.808929
-0.568521
2.204097
-0.233017
1.263103
0.098184
2.126076
0.326891
1.857330
1.679737
1.146699
1.850948
-0.300886
1.236338
2.070604
1.319862
-0.867696
0.504074
0.187327
0.482436
2.360936
1.453999
2.030918
-0.282765
3.682781
1.488682
1.313705
-0.169802
0.183200
-0.340365
1.942923
0.934044
0.110730
0.318649
0.678919
-0.157559
0.840672
1.572506
0.036860
-0.323107
1.972059
1.679303
0.419299
0.441534
1.287762
2.337063
1.143246
1.318909
1.784391
2.523958
0.638175
1.088481
0.023707
-0.227697
-0.132928
1.447087
1.719146
1.051436
0.207630
0.112884
-0.232274
0.820391
0.741658
0.119111
-0.834764
1.457891
0.010459
1.490393
2.243938
0.834210
0.462767
0.207442
-0.120892
1.834547
0.211626
1.403522
0.284634
0.260003
1.530167
0.519553
2.248859
0.001486
2.123342
1.006169
1.838163
0.907094
1.446721
-0.398316
1.813133
0.546137
1.529113
0.726140
0.431840
0.298912
-0.038485
1.006777
1.123898
0.548315
-0.000099
0.890444
1.983608
0.008577
0.026034
0.298878
-0.330172
0.324807
2.640401
1.216524
2.343938
0.547691
2.953560
0.147448
1.065642
2.088064
0.533433
-0.806685
2.401275
1.031156
-0.421091
-0.353936
-0.537431
1.337395
1.831932
0.167983
2.277377
-0.096103
1.078105
0.144771
-0.526448
3.130157
1.233759
0.840128
1.589796
2.180222
-1.276487
-0.179812
1.642170
1.221686
-0.164908
0.258554
0.265756
0.444276
1.419171
2.932134
-0.480240
-1.419749
0.916330
-0.012592
2.043773
-0.949066
2.250511
1.118684
0.392764
-0.174266
1.252106
-0.466190
0.618315
1.667282
-0.223015
1.126724
2.077302
0.832142
-0.509797
-0.519203
1.613386
1.903776
1.133279
0.693770
1.125969
-1.191087
-1.411931
1.571860
0.668561
0.672770
2.464937
2.567753
0.718011
-0.414716
3.702993
0.053152
-0.922897
-0.118413
2.586898
2.515961
0.970940
1.882075
1.641654
1.509360
1.622190
0.918780
0.639692
2.333083
-0.043009
1.233713
0.832511
0.514871
0.255735
0.493374
-0.301859
0.580674
2.430893
0.341496
2.625077
2.022854
1.742873
-0.260838
0.399691
0.754747
1.192182
2.723744
1.224398
0.865873
1.157233
-0.086672
1.073895
2.241528
1.389367
0.878215
0.764473
1.389690
1.828880
1.641682
1.077703
2.191868
0.855330
0.046169
2.813078
0.469477
3.111126
-0.464824
1.596954
1.646678
0.069395
-0.470954
0.073492
0.881727
1.891929
-0.529696
2.389019
0.912548
1.667046
-0.622195
1.460734
0.602028
0.639768
0.579551
2.708300
-0.595209
1.188087
0.395021
1.027904
-0.661343
1.450631
0.814602
0.266433
2.258587
2.500396
1.538116
0.343760
1.000244
1.394211
2.555584
2.069838
1.331864
2.712014
1.014354
3.336402
0.331037
0.518263
-0.247939
2.064799
2.312592
-0.104193
1.747687
0.250611
1.414043
1.841074
2.112237
0.335810
-0.122283
0.462355
1.993905
0.852422
2.022338
2.456231
0.161586
0.928397
0.067738
0.822333
-0.519905
1.171790
2.339883
0.211727
1.088652
0.233331
0.596189
0.874401
-0.015343
-0.268195
3.478066
2.732584
1.433007
1.514583
0.949220
0.551881
0.796494
3.514457
0.985682
2.296080
1.230813
0.492760
0.897793
2.713023
-0.012876
0.240261
2.102816
1.261478
0.950316
0.491084
2.856271
1.311005
0.153915
0.528057
0.147949
1.979482
0.316005
1.349334
-0.092990
-0.319884
0.605441
0.830441
2.435677
0.330164
2.078136
1.791793
1.083756
1.843637
2.224957
-0.769554
0.463099
0.098620
2.455152
1.034884
1.710942
-1.568172
-0.112457
0.269559
1.460410
0.916858
1.868842
0.608136
0.758798
0.156253
0.514233
-0.887374
1.347446
0.006901
1.563408
0.279006
0.358045
2.712536
-0.359677
2.210396
0.151590
-0.081625
0.612481
2.808336
0.350543
0.665792
0.515730
-0.607845
0.563123
0.121749
-1.472093
3.320807
1.167423
3.969544
0.699035
-1.345261
1.647621
0.527241
0.224468
1.709436
1.879685
0.724827
1.184996
2.893222
1.864489
1.990385
0.526087
0.969591
0.811680
0.456770
-0.675301
2.204105
1.122257
0.908569
1.391574
0.907022
2.306823
1.861828
2.158796
1.975736
-0.803862
1.458783
0.748321
-0.826401
0.072386
2.749543
2.139514
0.132005
1.127113
1.346324
-0.571595
0.706181
2.059443
-0.548833
2.171481
0.066064
-0.374595
2.122423
0.375118
1.140297
0.724625
2.211302
2.003245
1.449405
2.588447
0.833519
2.821053
-1.740552
0.894602
0.771808
1.753132
1.247008
0.627867
2.846778
1.346315
1.565144
1.889271
-0.530500
1.754311
1.433930
3.910602
1.263111
1.865232
-0.465900
-0.481600
3.051962
2.633213
1.108200
0.429088
-0.429674
0.411893
-0.362494
1.678237
1.665758
1.809965
1.264056
1.921577
-0.047888
2.107134
0.367618
-0.127916
1.175346
2.030052
-0.015793
1.298761
1.758743
1.456980
1.613580
1.827611
2.646459
-0.481998
2.511947
1.364157
2.263515
1.127017
-0.639965
1.623378
1.866274
-0.570415
1.113714
1.858969
2.542292
1.106209
-0.102153
1.380423
2.672674
0.006823
0.709279
0.919192
-1.214308
1.047219
-1.124332
4.055105
-1.550510
0.772274
-0.283160
0.332817
-0.290593
-0.566865
0.286657
2.560953
1.020425
-0.114390
2.122294
0.122902
1.449075
1.181365
2.150292
1.488168
0.119766
1.668412
0.727267
1.245169
1.259755
-0.500934
-0.025154
1.569254
0.244453
1.297520
-0.859773
1.376045
1.234279
-0.560242
1.288753
1.219618
1.073683
2.381296
0.564298
-0.664804
1.227285
2.063371
1.209462
3.161555
1.292702
2.684017
-0.796257
1.229574
0.283276
-0.357107
1.043357
0.019639
0.815043
2.522189
0.653188
-0.040635
1.004999
1.099346
0.816112
2.186831
0.461160
-0.222564
0.817607
1.232940
0.496157
0.128806
0.579020
0.841852
1.113954
2.021778
0.805636
1.279809
1.271890
1.810045
0.514865
0.017824
0.545286
0.960061
1.850957
1.078298
1.195449
-0.080979
0.653838
0.803865
-0.326190
2.138456
-0.471061
0.853098
2.538561
0.949432
1.912587
2.011298
1.930895
1.798682
0.673884
0.528472
0.612167
2.008860
-0.264867
0.912795
1.824110
0.657191
0.429742
0.333208
1.025385
0.112860
0.090052
0.816752
2.195360
0.868737
0.054697
1.749288
2.268180
1.076387
1.540420
-0.127797
2.157387
1.074780
1.844281
-0.014510
0.083895
0.085376
1.238356
0.865250
-0.047776
3.332918
1.941746
-0.060129
-0.262625
2.802607
0.849265
0.328252
0.910816
0.961579
0.660067
0.598439
0.276394
1.569421
1.702572
-0.773805
1.847077
0.122977
2.439906
0.184618
0.597320
-0.581292
-0.829967
0.986306
-0.186840
1.788266
1.416888
1.694675
1.009429
0.815691
-0.435318
1.003348
-0.081773
2.043942
0.967810
1.396013
0.980650
0.070706
-0.213527
2.012443
1.502598
1.417283
0.255989
1.373840
-1.381031
2.027905
0.816474
2.557206
-0.161168
1.332362
0.674135
1.478894
-0.414550
0.636957
-0.110725
0.947188
1.030949
2.509606
1.281226
-1.746481
0.049503
0.754669
2.302120
1.005437
0.326982
0.207807
0.524804
0.335469
2.726160
-0.075715
0.797481
-1.104773
-0.143652
1.642354
1.539404
0.900967
3.922100
1.236919
-0.143226
1.557248
-0.976683
0.351110
-0.670897
1.807226
1.034263
1.083762
1.724206
0.281786
1.308604
-1.608879
2.221419
1.275491
0.506930
0.643033
2.142030
2.023297
0.114944
-1.527839
-0.370155
0.150596
1.811336
1.943126
1.144745
0.399338
1.141189
-0.073948
-0.474276
0.354301
1.154834
-0.257435
1.837104
0.236617
1.396496
0.892644
1.885957
0.788451
0.139590
1.323364
1.638792
0.066315
0.428110
0.938522
2.244119
0.204956
1.858544
2.850969
2.283556
0.682617
2.053120
-0.038965
1.106394
1.870001
1.790697
0.418066
0.210423
2.400389
2.156595
1.395990
-0.787103
1.402541
2.020696
0.342316
-0.109108
1.831059
1.827197
0.351784
1.107679
2.296850
0.145188
0.562149
-0.111988
2.750432
1.062090
2.972311
1.276213
1.814793
0.256512
1.208819
-0.437971
1.338958
1.555301
1.892829
0.666870
-0.295635
2.351175
1.108520
-0.001160
1.906973
1.719646
1.221584
3.210920
-0.521523
1.429619
1.825685
-0.301803
1.886055
1.912195
-0.288960
0.157875
2.403484
0.877934
1.351733
2.087875
1.760340
2.132941
-0.334773
-1.139662
-0.296307
-1.162105
3.243231
0.564943
0.124704
0.204957
1.457079
