1000
1.866298
1.570502
1.878393
-2.033023
0.609458
3.286874
2.175367
1.710677
0.161370
2.180207
2.035014
0.020943
2.488628
2.312212
1.603982
0.385772
1.448574
1.402428
1.842504
2.146123
0.882164
1.391835
-1.295268
2.197166
0.094136
0.648305
1.815581
1.157968
1.357779
2.204725
2.303850
0.606483
-0.136919
1.647809
1.641912
-0.218960
1.625316
1.594243
0.139116
-1.519746
0.927548
1.962250
1.960734
0.745093
0.664299
0.888425
0.698790
2.494399
2.225564
2.846574
0.888998
2.356812
3.676728
1.598057
0.481241
0.609766
3.041689
1.340027
0.717447
1.651010
1.926923
1.702990
1.551856
0.659516
1.261249
1.146815
2.652982
2.275252
0.418094
1.633475
2.692212
1.884768
1.659648
2.241738
1.156731
2.519674
2.457086
1.764655
1.490777
0.675536
-0.638534
0.072421
-0.226663
0.795231
0.424196
0.818893
2.497523
0.600785
0.240348
3.195802
0.621906
0.716515
1.245791
0.454384
1.520186
0.421576
0.951534
1.736002
2.605519
0.967217
0.198399
1.502463
0.234707
1.667236
0.793130
-1.070520
1.534796
1.598484
-0.093732
2.279974
2.265701
1.248061
0.348786
0.915995
0.804047
1.631725
1.539468
0.666878
-0.154194
0.738797
-0.148230
1.100096
1.279509
-0.470706
2.325680
0.919333
0.669963
1.985136
0.271988
2.346342
-0.991222
-1.591144
0.985134
1.826749
0.495573
-0.027499
1.509674
1.144793
-0.184145
1.386673
0.531606
-0.121678
2.779677
2.274946
0.370825
1.895009
0.843244
0.460729
-0.483308
-0.477512
2.849483
0.617705
-0.140134
3.033224
0.929408
-0.313897
1.557715
1.044773
2.493764
0.434372
3.449036
0.802507
1.091261
1.512060
-0.050002
2.693319
-0.171165
0.656266
-0.064342
1.018486
0.812069
2.699318
1.588185
1.821156
0.869264
1.108723
1.858053
2.623582
1.177170
-0.712230
2.298477
0.254430
-0.515225
1.213123
0.718848
2.210756
0.995816
-0.082187
-0.572706
0.732576
0.287949
1.983909
-0.274508
0.319525
1.477843
-0.190802
0.698173
-0.919339
-0.583755
-0.741124
1.582244
0.972600
1.110912
1.233429
0.496870
1.988151
3.080810
0.759330
1.351727
0.006973
2.727434
1.587448
-0.246846
0.616503
0.584744
1.426409
2.357811
-0.031633
1.192173
0.324685
1.362384
0.602700
0.729516
1.659499
1.149035
1.019459
-0.027922
1.023932
1.012867
1.819412
-1.374350
1.157234
-0.583310
1.541808
2.590031
-0.707851
0.713542
-0.801236
-0.014869
2.050672
1.551572
0.842465
0.348316
2.029999
2.106853
0.366713
1.735288
2.647577
-0.505938
2.802670
1.612759
0.875578
-0.080953
-0.183235
1.095334
1.112720
1.494332
-0.998971
1.509512
1.242683
-0.660425
1.073911
0.748924
2.770201
1.108783
0.682310
2.212067
1.078687
2.416089
1.984064
1.232776
2.108315
0.986748
1.134598
1.394121
1.807379
1.389864
1.123483
1.307479
1.185870
0.287334
2.191368
0.131407
0.039701
1.136909
-0.863626
1.949580
2.818608
0.462871
1.347600
1.357984
0.973181
-0.102062
1.189406
1.050468
0.922485
0.791496
0.316228
0.224416
0.993965
1.712727
1.059546
2.238770
0.100432
1.625297
0.605219
2.609472
0.903349
1.348527
1.356202
0.994603
1.306634
-0.392895
0.540014
2.999549
1.681394
-0.811660
-0.281328
2.181994
0.152426
0.734683
2.394845
0.474575
0.203474
1.570746
0.873817
2.928113
0.847863
0.876032
0.983611
1.207018
0.325969
-1.656267
-1.054267
1.608289
0.566356
0.643474
1.270384
2.506862
1.225534
-1.368311
2.473340
2.028039
2.871334
0.492260
0.200964
1.647450
1.150635
0.983120
0.778033
0.583812
0.049827
1.832727
2.020162
0.462590
2.043796
-0.055304
1.865557
1.233797
1.049378
0.837253
1.249008
2.025048
-0.461025
0.312802
3.458294
0.609750
0.122745
0.902737
2.724322
-0.400675
0.885219
1.283468
0.278260
0.832352
1.778487
1.070084
0.616043
2.443448
0.740971
0.574379
1.011444
-0.967931
-2.051059
1.323010
2.545412
1.108213
0.075828
0.383585
1.097291
-0.198541
0.657760
0.193982
-0.524089
1.965931
2.588224
-0.387189
1.937230
1.589324
2.052852
2.050958
1.574596
0.963324
-0.250339
-1.114092
0.997492
-0.263327
0.032597
0.465459
1.721069
0.974175
1.661431
-0.325680
2.122347
2.529606
2.220658
1.924935
1.130892
-0.195895
0.012961
0.981533
2.036520
1.675997
1.307469
0.239097
1.765614
-0.636064
1.305733
-1.308368
0.531668
1.699765
2.038908
1.318034
2.405292
2.165533
2.057415
0.498039
0.796903
-0.054829
2.138746
2.031024
0.816514
1.690243
1.073673
0.556556
0.158954
-0.146455
1.243021
1.679026
0.077761
-0.140518
-1.067152
0.455225
1.769171
0.484888
-0.079505
0.893642
-1.554843
0.856017
1.126852
1.185926
2.355964
1.665545
1.890437
1.452994
0.681037
1.988075
-0.128923
1.287510
0.439888
1.938413
-0.556403
0.256985
0.267419
0.927734
2.340882
0.043273
-0.977732
-0.018883
1.063422
1.260021
-0.082605
1.220538
2.567711
-0.526043
1.235731
-0.244929
1.452207
0.276812
0.834299
1.605251
0.702492
0.676004
1.699111
1.995959
-0.644457
1.143555
1.423704
1.457895
1.332405
1.408579
0.703051
1.222269
1.388455
0.888695
1.874690
2.509842
2.644905
2.784650
1.418509
0.809889
0.604913
2.692288
0.858655
1.271401
0.875599
1.463478
0.167045
0.684383
1.521894
0.252154
-0.143929
-0.145010
0.563385
0.263678
1.646219
-0.246275
1.369883
0.062549
1.262718
-0.479226
1.619682
1.411170
1.351930
1.242689
1.035492
0.683888
0.743285
1.405190
1.818525
1.352529
0.128381
2.014163
1.395119
1.032898
-0.252379
-0.595932
0.253697
1.230666
0.147114
1.285353
0.487156
0.836128
1.361186
0.785377
3.371015
0.993344
2.909072
0.849180
0.499372
1.338675
1.375201
-0.166815
1.832771
0.933755
2.077394
0.465949
0.788900
1.697951
0.252071
0.985441
2.899467
0.235367
1.522159
0.675331
0.569669
0.886179
2.046671
0.443049
0.979673
-0.978128
1.092583
0.244901
1.298857
3.334228
0.732713
0.074324
1.188429
2.817069
0.765457
2.053907
1.089081
0.821787
1.655621
0.403445
1.655299
0.555125
2.738329
-0.381643
2.785869
2.207295
0.730393
0.453818
1.590242
0.656942
-1.528221
2.005575
2.632153
2.346170
2.166468
-0.602961
0.021720
0.981314
1.396275
-0.843784
1.062471
0.333246
-0.318796
0.985130
2.205895
-1.171368
1.205248
2.518559
-0.444418
0.362902
1.823683
1.704898
1.293991
0.362714
-0.164067
1.123189
1.106094
1.918954
1.978285
0.479461
-0.155829
1.487519
2.780787
1.606786
0.007061
2.087933
-0.928127
1.201190
2.842088
1.162083
0.064942
1.053726
1.796171
2.210804
0.114682
1.114722
2.288845
1.084390
1.035823
0.473078
3.197661
1.839248
-0.289569
2.277360
0.975359
0.084962
0.225432
2.029807
1.011720
-0.660324
-0.443801
2.264957
1.452397
-0.572144
-0.296433
1.010120
1.366680
0.493978
1.025486
0.957852
-1.626470
0.722868
0.120351
2.089227
0.530880
1.018467
-0.188288
1.682739
0.703205
1.026578
2.695218
2.060862
0.971464
0.555739
1.170442
0.954452
2.275454
0.009567
1.500289
2.583876
1.020532
1.525707
0.541339
1.405337
-0.354394
1.651028
-0.258310
1.788349
1.391357
-0.348293
0.206364
-2.180955
3.120257
-0.817129
2.185146
-0.868285
2.192549
0.412999
2.083636
0.825703
0.990342
1.397142
1.439291
0.474803
0.545021
0.545902
-0.384957
-1.389127
1.010647
1.569500
0.292940
0.233849
0.227081
-0.299130
1.403010
2.868914
1.206543
0.217287
0.692685
0.967545
2.139469
1.590623
1.387004
1.185989
1.493952
3.003702
0.438847
1.147461
2.155410
-0.050087
3.111654
-0.070462
0.912563
0.805228
-0.197252
2.293814
0.367148
0.838706
0.250811
1.200956
1.032094
2.865042
1.196989
2.380974
0.590249
2.244552
0.807932
1.349190
1.685735
1.658785
1.578042
0.517103
0.503590
-0.089515
1.402700
0.298339
1.360261
0.201275
-0.100502
0.551788
-0.147657
1.707164
0.131614
0.411733
0.791783
1.158983
1.191329
0.968900
-0.248902
0.576937
1.295590
0.919150
2.555403
-0.522718
1.158183
1.555268
3.075976
-0.723167
1.040853
1.375054
0.222879
-0.940597
2.996137
2.058070
0.557590
1.749108
1.780510
0.477131
-0.497521
0.165540
1.016705
1.240338
-0.276859
2.551080
0.459889
-0.210286
2.266374
0.535251
0.011580
0.423315
-0.629171
0.769804
1.799497
0.515415
1.647938
1.749980
1.688698
-0.088675
0.893086
2.555070
1.053163
0.607648
2.111261
0.399736
0.342698
0.916825
1.323543
-0.351783
-0.092029
3.614881
1.115335
-0.343176
-0.510315
1.596894
0.240605
1.392233
1.911903
0.974689
0.567494
2.109260
1.429486
1.073681
0.478690
2.215258
0.866084
-0.177460
1.042780
0.992110
1.889763
0.902673
1.346425
3.451834
1.422592
-0.756840
-0.594653
-0.471182
1.408622
2.031391
2.270384
0.781834
3.642919
1.730913
0.882208
1.379986
1.271113
3.526187
1.520494
0.271030
-0.353232
0.702861
1.728355
0.538115
0.262104
3.100762
0.379352
2.923549
0.811108
1.406774
-0.517070
1.295499
1.242790
2.406518
0.325699
2.305450
3.035363
-1.222746
-0.982605
1.217288
4.258206
2.682832
1.744806
0.309934
1.038139
0.727222
0.942226
-0.589596
2.022854
1.384787
3.250686
1.430273
2.158010
0.568223
1.654735
0.154054
0.036749
1.952890
-0.845261
1.017351
0.093072
1.266827
1.079879
1.522208
1.580957
0.058677
1.983649
2.084993
2.013689
-1.322838
2.044262
1.800237
1.458524
1.469233
0.310069
3.009327
0.212344
0.443659
2.406352
1.328091
1.606647
0.268130
2.891050
0.556298
1.078421
0.676837
1.329668
1.070263
-0.579028
1.051134
1.530337
0.994605
0.004423
2.706392
2.313369
1.819216
1.709954
1.032601
1.485275
0.790887
2.009792
1.956515
1.473386
1.614098
0.158469
2.390276
1.208006
2.277864
0.647124
2.235862
-1.692507
3.412629
1.807160
0.167496
0.403655
0.267174
2.743412
0.710023
0.517855
0.520759
1.400508
1.168656
1.045029
1.475086
1.509210
0.918144
1.461934
-0.129549
-1.004592
0.492546
1.280396
2.159009
4.046567
0.400172
0.305901
2.268112
0.980376
1.176216
0.441045
1.060315
-0.438445
2.189721
1.501775
0.093516
1.237819
1.417222
1.137726
