1000
2.021134
2.243052
-0.106909
2.154563
1.303229
0.484192
-0.418034
1.649999
-0.206062
-0.722997
0.721940
-0.487703
-1.163781
2.834752
0.740626
2.040743
2.325785
-0.539443
1.745149
1.982528
3.152797
1.717402
-0.364113
1.324385
1.842655
1.305355
1.004621
0.510459
0.942652
1.937351
0.025802
0.534234
2.307708
1.883143
0.992251
0.513930
-0.556195
1.700519
0.841750
2.074634
2.350136
0.268775
0.501720
0.463127
1.202324
0.725453
1.049007
-0.739066
0.860574
0.482972
0.521963
-0.028101
1.457607
2.080937
1.639042
0.233351
-0.738898
1.610421
2.515871
1.182034
-0.002304
0.995345
2.223957
1.124009
0.552687
0.146914
-0.220875
1.592157
1.736118
1.570936
0.180808
2.620452
0.740418
0.412054
1.583179
-1.415358
-0.482802
2.605249
0.973066
0.903534
0.033467
2.206271
-0.366406
0.572694
1.508467
0.744430
0.893759
2.435527
0.313829
1.696654
2.748751
1.134381
0.785012
1.410223
1.195843
-0.860331
0.173641
1.170125
0.071635
0.308698
0.981518
2.925699
0.019393
-1.470062
1.865447
1.736469
2.303240
0.203079
1.493080
1.364920
0.901377
0.447316
-0.232065
0.661492
2.027103
1.044464
0.889586
0.447631
0.875794
0.062453
2.483980
2.284480
1.809000
1.605926
-0.055725
2.067481
0.261575
-0.469466
2.295275
2.116902
1.932556
0.409783
-0.381170
0.903024
-0.198771
0.761510
1.431163
2.067083
0.986006
1.626206
0.334835
1.459440
0.083489
1.775473
0.987556
-0.878082
1.197699
2.023277
2.689094
-0.501627
1.384613
1.281120
-0.793540
2.495996
2.249703
-0.524767
0.691775
-0.749362
0.137946
-0.445783
1.371796
1.715203
-1.260365
1.773086
1.453812
1.199809
0.192987
1.492229
1.081202
1.748251
2.188605
0.102843
1.858111
-0.141640
1.692704
0.485906
1.496351
1.578902
2.219763
2.241158
0.042787
0.194424
0.392901
-0.177689
1.181098
0.566010
0.392388
1.219574
0.841327
-1.268109
1.249626
2.605354
1.389549
-1.274580
0.694410
1.146904
-0.621851
-0.707007
0.990745
1.264848
-0.100538
1.009419
0.819735
0.672915
1.879407
3.344291
2.424433
0.319685
1.584812
0.887400
-0.461140
1.327644
3.361394
0.641642
0.218900
-0.067569
1.590214
1.314968
-1.771411
-0.030007
1.678972
2.137466
1.065752
1.695751
1.543093
0.246874
0.754377
1.886346
-0.432760
1.713423
-0.027276
0.357679
0.206801
0.722243
0.399256
2.664841
0.097667
1.561934
2.693959
2.194852
3.354542
-0.720867
2.592533
0.802594
1.452621
1.246058
1.309132
2.260612
1.626537
1.268316
2.421201
3.176432
1.770125
1.103599
0.803062
2.760013
0.467777
0.113312
0.823068
-0.114540
1.589530
-0.050504
1.308565
-0.033393
1.530786
0.594645
1.419454
-0.066578
-0.516914
0.339155
1.573359
1.808232
1.220162
-0.249741
1.139802
0.345583
1.866792
0.617753
-0.145014
2.094572
-0.607854
0.392956
1.646600
0.552533
1.437481
0.146353
2.861819
1.595989
1.506361
1.290085
0.764269
0.430018
0.251455
1.316318
0.203953
1.106684
-0.279669
2.028961
0.133946
1.127107
2.375474
-0.051763
0.150672
1.292296
-0.190693
0.783459
1.961635
2.046026
-0.496445
0.534836
0.352485
0.234368
-0.115040
1.779565
-0.877755
0.085425
1.673748
-0.307354
0.967561
1.721866
-0.005115
-0.115537
-0.279188
0.783714
1.416220
0.980199
1.282186
1.507273
0.628875
0.048724
-0.027482
-0.373406
2.165266
0.428387
0.085363
2.575229
1.566063
1.367867
-0.077517
0.720402
1.171706
1.082238
0.980159
1.877631
3.423940
1.111149
0.228509
2.614664
1.227636
0.952476
2.386640
0.126069
-0.519221
0.643090
-0.220987
1.584591
2.194321
1.438777
1.190147
-0.115946
1.988419
2.350118
1.404435
0.196813
-0.097609
2.101365
2.086379
1.218119
0.640984
-0.335007
-0.131670
1.627721
0.651457
0.617030
0.557237
0.815211
0.376978
2.647307
0.288603
0.909815
1.584313
1.792515
0.660347
-0.762873
2.396786
2.046063
2.347223
1.803643
0.427657
1.011497
0.569523
1.257579
-0.739482
0.690808
-0.733367
1.037501
1.816203
1.819747
1.824714
2.166222
0.632857
2.116136
0.223547
1.469628
-0.520393
1.065056
0.375086
1.206916
0.605521
1.212194
1.740936
1.054463
1.515865
0.699715
0.029816
-1.084029
-0.559245
2.756824
0.605827
2.522965
0.733295
1.421667
1.652595
1.022768
0.929520
0.221237
1.556527
1.428141
0.263415
2.763779
-0.068858
2.012553
1.334998
2.165082
-0.005168
3.620230
0.264215
1.621342
1.656317
-0.562991
1.638998
2.739052
2.124101
-1.063959
0.344883
1.249197
1.338563
0.312813
1.807992
1.418002
1.935974
2.025705
-0.598644
0.568412
1.456700
0.566487
1.355640
-0.210519
1.077672
-0.131883
1.692147
0.490412
2.444815
0.950215
-0.897102
0.337360
2.092522
1.233747
3.155360
3.153686
1.766028
1.716926
0.886901
2.241902
1.417596
1.576591
1.213486
0.412359
2.280312
0.573760
1.321110
0.254963
1.313022
1.113650
1.649899
1.288895
-0.260124
1.105977
1.926454
0.701979
1.633598
-0.781699
-0.803589
1.918577
-0.309689
-1.127858
1.690839
0.824862
2.182051
2.834042
2.501470
1.653139
1.690210
1.137370
0.076857
1.911827
2.427892
0.766167
-0.794547
0.507944
0.219902
1.927588
-0.903155
0.105575
1.352056
1.383572
0.781518
-0.710860
1.233321
1.018498
-0.226307
1.014370
1.277931
1.654540
1.318462
0.979223
2.582804
0.822285
0.013848
1.564337
-0.113523
0.696165
1.803564
1.247573
1.011426
0.332950
3.823492
0.514228
1.844680
0.279207
1.130025
0.408042
2.032223
0.846441
1.916182
1.743618
0.107182
0.404334
-0.318568
0.725694
1.867834
1.830615
2.382001
0.740561
2.709489
2.635880
-1.160602
0.860897
-0.457064
1.892951
1.099104
-0.339833
-0.034478
3.116053
0.806795
1.881345
1.639180
1.065317
0.497696
1.880581
1.200598
0.487545
1.530874
1.444129
-0.028852
1.335952
2.908208
0.112843
2.672160
1.290184
0.396954
0.571585
1.051970
3.020914
0.205837
1.535020
1.676475
1.489885
1.962813
1.019813
-0.245650
1.812313
-0.325519
0.688964
0.099504
0.901806
0.267458
2.492578
0.543658
-0.174015
0.872003
2.347120
1.159884
1.210120
1.448695
2.148220
0.126024
0.088135
1.953797
0.782313
1.091686
2.736348
-1.308341
0.796885
-0.177498
1.396602
2.189775
0.833485
1.144209
0.570353
0.120777
1.005201
1.438708
0.162526
1.356815
-0.985179
2.597769
0.724144
1.955264
2.123621
1.441186
1.895008
1.428872
-1.424257
0.733518
1.230817
0.638986
0.865131
-0.095591
1.016828
-0.142447
1.354091
0.310081
0.884485
2.640957
1.843370
2.639121
1.518940
0.709416
0.939544
0.211840
0.747108
0.584761
2.304171
2.866769
1.613996
2.378955
-0.951537
1.948710
2.397374
0.921345
0.931562
0.819119
1.750090
1.073599
0.398538
-0.164422
1.619010
0.480741
1.403917
-0.491385
0.992795
-0.128064
1.328294
-1.101805
1.842424
0.259420
-0.097322
1.127763
0.411040
2.171531
0.933279
-0.514549
0.710282
1.151844
0.093958
2.567231
0.250281
1.932831
1.941329
0.222639
1.221928
2.206594
0.117649
0.531011
-1.284870
1.283659
1.594862
1.347366
-0.128986
0.909180
0.581667
-0.732009
2.481941
-0.012221
0.396475
2.409360
-0.434546
0.162150
1.082582
0.364945
1.896410
2.677292
2.779613
-0.035791
-0.618022
1.394108
1.673487
2.024399
1.050297
1.290249
0.603723
1.171227
1.413885
0.798742
2.164339
0.612196
1.761321
-0.689105
0.705703
1.319398
1.336732
-0.321190
-0.487909
0.636351
1.093616
-0.847418
2.201467
0.649371
1.705205
-0.287851
2.915522
1.150511
1.471865
1.708392
1.511630
-0.329125
0.217221
1.495309
-0.574588
0.045520
1.118436
1.890493
1.105945
0.939736
0.304803
-0.527110
2.465852
2.091356
1.084420
0.181246
1.348298
-0.440364
0.949798
-0.447486
2.894507
-0.115835
0.550621
2.872275
-1.040243
0.699600
2.238877
-0.328691
0.598038
2.066874
1.330983
0.701119
2.921040
0.283144
0.009005
0.391331
1.426218
0.857657
1.306616
2.486862
1.490031
0.898305
1.110582
0.887686
2.255480
1.060842
2.593046
0.082831
0.226738
1.283263
1.871885
1.825811
1.526916
0.798077
-0.354905
0.897661
2.061454
2.381017
2.809987
1.194948
1.384346
-0.195024
1.877898
1.288310
2.051428
0.432706
2.368961
1.696096
2.091082
1.493965
0.135632
0.056315
1.838629
0.431940
3.266380
2.041134
0.121482
2.480415
0.982534
0.255123
0.963972
0.091942
1.911032
1.022913
1.704406
0.726058
-0.931651
0.245842
1.145486
-1.410810
3.054474
0.931532
-2.321610
2.830184
0.464216
0.296964
1.557003
1.230576
1.003437
0.455290
-0.638997
0.642841
2.213122
2.190178
3.380508
1.034159
1.163691
1.316861
1.802631
-0.464963
0.590765
1.288576
-0.127393
-0.620537
0.760636
0.528236
0.411642
-0.990574
0.482135
1.815212
1.193595
0.410879
2.212436
0.176129
0.680504
-0.095475
0.143293
0.606497
0.454504
0.836228
1.022490
1.410383
1.409992
0.514445
1.267177
-0.157149
1.408531
1.660974
-0.308719
0.087467
1.412119
1.847014
1.035490
1.447974
1.788204
-0.009052
0.917669
1.633804
0.628621
1.500556
1.683573
-0.134991
2.033499
0.390967
0.497225
-0.517969
1.758197
0.866117
1.490490
1.603037
0.976504
1.885634
2.709891
1.187122
0.662241
1.416728
2.822952
1.348011
0.147227
1.053733
0.445863
4.127185
-0.783675
0.510791
1.231152
-0.035101
0.142105
2.136077
0.475229
1.363932
2.287057
1.800956
1.520426
-0.247601
2.820238
1.486707
0.782217
0.422272
1.108658
2.237734
-0.117810
0.215957
0.530760
-0.601547
2.048008
1.216886
0.289947
1.842802
-0.796946
0.747207
2.425494
1.716478
1.254150
0.834379
2.121194
-0.152556
0.154905
-0.658201
0.326117
-0.178438
0.994943
2.802141
-0.722429
1.269669
1.876008
-0.015987
0.627826
2.492148
0.862308
1.894801
-0.936991
1.197988
1.905547
1.670829
1.965674
0.009817
2.569841
-0.641049
1.217164
0.420098
1.444734
0.629108
0.214678
1.703400
-0.449832
2.818198
-0.092711
1.390096
0.194993
1.843939
0.916464
-0.392384
0.894494
2.565972
1.365789
0.897083
2.976974
1.467073
0.737402
2.644280
0.293814
0.757466
1.539095
-0.644017
1.457326
