1000
1.110571
1.152753
0.254228
1.268008
-0.522533
0.846350
0.984512
0.534179
2.799620
2.928858
1.390828
0.239859
0.883188
2.825302
0.809606
0.000959
2.166124
0.850195
1.379123
0.413825
0.166947
0.186792
1.981716
-0.187896
1.630222
1.635272
1.727860
0.546833
0.030099
1.942957
2.651788
3.377168
-0.563195
-0.105755
1.486826
0.946207
0.747783
1.528718
1.140597
2.578929
0.739913
0.394474
1.944846
0.679452
0.552148
2.249346
0.112625
-0.499882
1.054918
1.410024
0.643948
0.968117
0.159064
1.513823
1.816457
0.902295
1.072634
2.718789
1.965564
-0.048087
3.609849
2.464716
1.097859
0.715593
0.563486
0.895409
2.665345
-1.597647
0.508717
0.438202
0.251985
2.324408
2.144562
0.418414
0.531704
-0.389101
1.446943
0.993739
1.025968
-0.314038
2.571439
0.874684
1.561336
0.792018
1.237816
0.601283
1.263642
1.363267
-0.242300
1.087017
2.039628
2.383343
0.872182
0.126853
-0.266712
0.269812
0.684697
0.507045
2.148111
2.251865
1.505270
0.805906
1.998285
-0.334838
2.024106
1.123583
-0.466709
0.453593
0.084513
-0.174237
1.381382
1.406718
0.090929
2.640387
2.217947
1.874386
0.770825
0.746675
0.543985
1.343104
1.178537
0.082518
0.611082
0.023846
1.280670
1.233281
-0.241252
2.551958
-0.282714
-0.569499
1.494003
1.644941
1.284205
0.584036
1.142004
1.431642
-0.282058
-0.720071
2.070371
1.051241
2.215521
1.120650
1.072483
0.896029
0.031800
0.513399
2.214637
1.529328
0.149413
0.292197
0.720691
0.285538
2.537711
1.297243
3.782211
0.212332
1.732596
0.995218
1.684123
-0.117455
1.627853
1.499686
0.006110
1.544239
1.048100
0.419091
-0.984977
0.419617
2.139156
1.405039
-0.374231
2.178448
1.968257
3.263269
0.594642
-0.093896
0.126758
0.216835
-0.464389
0.095015
2.069259
0.568403
0.159414
1.503927
-0.634225
0.560811
1.344263
2.851809
0.046250
0.754757
0.799354
0.383864
0.386966
-0.074862
1.609202
0.276428
0.863756
0.774953
1.255437
0.508314
2.913432
1.315666
-0.290768
1.934068
0.154137
-0.401484
0.722936
1.193275
-0.865870
0.476157
0.541261
-0.716997
0.971443
1.697971
2.923505
0.042186
-0.336038
1.704738
0.624284
1.362425
0.422948
-0.049458
2.739081
0.020675
1.331049
0.224498
2.368337
0.940813
1.459205
-0.718585
2.685875
0.216488
0.636610
0.965216
0.428635
0.372320
-1.666095
3.019145
1.163902
-0.193123
0.711638
-0.494024
0.511448
0.216053
0.100001
1.415761
1.715078
0.599867
0.845310
0.923881
0.817161
1.968364
1.342521
-0.627074
0.134085
2.518564
1.194338
1.010431
2.235464
2.854467
1.429800
2.248066
3.569335
1.707416
0.913781
0.667212
1.764377
0.469613
-0.533043
0.296810
2.361661
0.678116
1.586449
3.046498
2.713539
0.343574
0.292277
1.227101
1.234803
1.731454
1.293951
-0.280262
0.040318
2.038523
0.970776
1.620258
1.684215
0.826085
2.060954
-0.936847
0.580722
-0.609305
1.139289
2.312619
0.533656
2.546905
-0.421341
0.464052
0.789238
1.091418
0.737252
-0.741202
1.140437
0.921711
1.528847
0.303025
1.824148
-0.744646
1.519644
1.644639
1.653736
0.233991
0.232361
0.379107
0.414500
1.565754
-0.586910
0.150843
0.922193
2.459244
2.474559
0.942660
1.317202
2.073379
0.680377
0.790333
1.367010
1.218857
3.005541
0.659989
2.332259
2.246457
1.671424
1.756354
1.719341
-0.612458
1.205741
1.460379
1.018884
1.222013
1.111171
0.795372
-0.233772
3.200212
2.023562
1.386548
2.842337
1.605249
2.490882
1.788160
0.926408
2.405390
1.820792
-1.559358
0.867681
-0.770634
1.443200
1.911421
2.021732
-0.206265
-0.014598
0.708232
0.925988
2.162954
1.665906
0.421368
0.206005
1.894528
0.382676
0.228697
0.728935
1.478490
-0.744198
0.838003
0.975140
-0.319740
1.832699
1.245111
0.587918
-0.107112
-0.185043
-0.884536
1.301029
0.292272
1.131682
-0.119599
1.020482
2.042862
-1.057077
1.587011
0.716532
0.724883
0.641750
0.258998
1.422744
0.467080
-0.150406
0.360219
0.602276
1.061232
0.494083
-0.493119
0.687011
2.330219
0.953864
2.029237
0.732794
0.366106
0.649833
0.714217
1.498036
2.405083
1.829664
0.366134
-0.974792
1.469979
-1.539670
-0.120703
2.115500
1.148066
3.200332
1.899862
1.838661
-1.439731
0.869266
0.544293
1.113371
1.535781
1.769431
1.846802
-0.088979
1.727344
1.532526
1.108970
2.731833
-1.090463
0.949206
1.988269
0.393699
0.508793
1.803251
0.845220
2.288336
1.700393
0.667509
0.663949
1.197735
-0.258574
1.876651
0.559401
2.776533
1.152342
0.641706
1.517661
1.338075
0.298077
1.229856
0.826443
1.519584
1.578222
0.494117
2.070048
-1.407239
1.148353
1.040125
2.406793
0.241128
0.005913
-0.540653
0.666898
1.651857
0.290486
0.249374
0.459937
2.675533
1.184280
1.073109
1.347414
0.846915
1.923827
1.854370
0.557178
1.073836
1.922274
0.837542
1.882270
2.507135
1.481147
1.520819
1.326675
0.749427
1.199871
3.057472
1.011977
0.650163
0.399069
-1.242518
0.630530
1.044160
1.834811
0.393699
1.021555
1.181543
0.644389
2.120247
1.129702
1.064255
1.285248
2.092440
0.680300
2.334413
0.340039
2.024734
1.177762
-0.171831
-0.428132
0.938988
0.082643
0.129525
2.928334
-0.925003
1.148720
1.958084
2.020179
1.321786
1.155769
2.043310
0.334687
0.631925
0.747336
2.662274
2.046148
2.474522
-1.231564
-0.638140
1.824211
1.943168
1.185350
0.863077
0.280257
1.085419
0.654416
0.386620
-0.114882
0.886461
4.493104
-0.156856
0.418326
0.039245
2.749315
1.400380
1.509654
2.204610
0.105272
2.316805
-0.064397
0.213602
-0.357671
2.236562
1.280910
0.284277
1.229645
2.333346
0.891044
0.421198
1.627458
0.479033
2.524426
0.007519
1.569705
0.173476
0.517503
0.341448
-0.238266
0.231187
0.817678
1.273524
0.326389
0.229403
0.492709
0.670729
2.426614
1.001354
1.331586
-0.639023
1.214770
0.725446
-0.666343
1.830847
-0.893099
1.012646
-0.404399
1.784524
1.113496
0.684140
0.209824
1.091902
1.023633
1.571338
2.234660
2.120773
2.756015
1.871850
0.897123
0.978032
0.239663
0.512770
0.444076
1.144423
0.735206
-0.588410
-0.597828
1.897208
-0.575527
1.782129
0.123693
1.020310
1.887930
1.509806
0.940318
-0.255703
2.366430
2.766912
1.519888
1.259344
0.417444
0.290078
1.249668
0.582992
1.746385
0.515593
1.476952
0.374072
1.060172
1.178519
1.564483
2.211068
1.572245
0.377305
0.739262
1.135819
1.386647
0.963415
0.419710
1.870207
2.827403
1.395409
3.297622
1.775750
0.731921
0.966769
0.625907
1.290375
2.805113
0.463703
0.686622
0.526503
-0.507603
-0.504794
1.638203
2.298961
0.059956
1.097316
1.278566
-0.657910
1.400178
-0.687922
0.990384
1.860720
-0.261175
-0.233067
2.590301
1.423420
1.748237
-0.279594
-1.213112
2.947503
0.407110
1.451076
0.239413
2.224434
-0.102942
1.431053
1.086750
-0.460257
0.601725
1.738698
0.208161
2.299432
1.119465
2.359873
-0.630280
1.321345
0.372430
3.063995
1.716598
2.449343
1.253545
1.192407
0.976499
-0.103340
1.404487
0.361643
1.662466
0.520342
0.582287
1.966360
2.250344
2.957948
3.007660
1.562642
1.581208
2.356741
1.678514
0.784729
-0.477388
1.765934
1.466874
0.790058
-0.297852
-0.622138
1.558884
1.126611
-2.226151
1.235452
1.834847
-0.566479
1.562656
0.784781
-0.087404
0.582228
0.316933
0.558896
0.523355
0.962162
1.135031
1.830456
1.430561
1.696614
0.510877
3.986120
1.292243
-0.729358
-1.627086
2.055435
2.138132
-0.214348
1.039539
2.344954
1.471209
0.446242
0.722884
0.928746
2.963821
3.380470
3.186798
1.889239
1.291161
2.090844
1.349118
0.884358
1.402496
1.705910
0.355948
1.011200
0.326138
1.234282
0.858845
0.197686
-1.083429
1.789441
0.772281
2.083547
2.165584
3.016521
2.592264
0.686032
2.171040
0.081965
0.839435
1.401426
-0.037833
0.268924
1.473127
1.999558
1.338219
1.037243
0.595137
1.167013
1.005446
1.011819
1.813210
-0.672254
0.725359
1.376933
1.521055
2.004273
0.298683
0.809217
1.020016
2.969240
0.326891
3.778467
-0.350048
1.686437
1.663204
1.517418
1.172884
-0.677656
2.923893
0.128862
1.211419
1.135251
0.530342
0.666015
0.149728
0.524642
0.659700
1.308094
2.233837
0.738313
2.697106
1.266781
0.738160
0.223153
0.250799
1.674562
2.050500
0.861777
1.448687
2.633009
0.972290
1.075718
1.042235
1.840668
2.433819
0.886869
1.658868
0.609678
1.055540
1.128838
1.723509
-0.162888
1.198444
1.552053
-1.189417
0.898814
1.706103
0.695631
0.680304
-0.342934
1.331964
1.467110
0.502915
0.755267
0.658762
1.237207
1.033915
-0.148508
0.159334
0.433986
1.318532
-0.460091
-0.062944
0.835556
2.658601
1.162658
1.734535
-0.271974
0.942393
0.722189
1.074832
0.041769
0.228229
0.725008
0.657810
0.865463
0.991198
-1.092465
2.415221
0.006912
0.389052
0.032863
1.093386
1.812547
0.288461
1.369837
1.443068
2.422802
0.542361
0.038850
2.179170
0.940558
1.490657
0.720805
0.266660
-0.497733
1.544233
1.676248
0.273336
0.403406
2.220012
1.132954
1.384678
1.407995
-0.981033
1.778260
0.996395
2.259654
-0.620013
1.792475
2.350926
0.531595
0.320488
1.033083
-0.228506
-0.558467
1.013175
2.207492
1.875305
1.329292
3.311353
1.067770
2.597223
0.687679
1.414549
1.961661
1.745066
1.424241
-0.380030
0.556198
2.339218
0.703517
-1.564613
2.880249
-0.542723
-0.500588
0.646195
0.846113
-0.215703
1.505868
0.589035
0.841017
1.497437
1.561272
2.185620
2.653045
1.146121
2.199674
1.314829
0.727761
0.632096
1.737600
0.014690
1.334756
2.836970
3.248620
0.956897
0.211654
-0.803065
1.433257
1.292150
1.268120
1.052517
2.792210
0.727652
1.898080
2.104497
2.394396
0.657753
1.052186
0.603668
0.273514
-0.289923
1.817391
0.531530
0.075763
0.791054
0.096137
0.549868
1.337613
1.694156
0.279850
2.952071
3.809634
2.973266
0.541271
1.290605
2.275109
1.375987
1.738115
1.970138
1.534546
2.001215
0.780812
1.098818
0.885949
-0.285479
1.457031
0.153103
