1000
-0.790728
2.528457
0.353813
2.164671
0.621525
1.221474
2.647542
1.591404
0.623283
-1.233735
1.969646
2.794329
1.301966
1.949097
0.451531
0.555936
0.862115
-0.668741
1.257138
1.613940
1.349040
0.873332
-0.261802
1.709846
1.572397
1.260478
0.014645
1.326315
1.092955
2.363366
1.327438
0.708559
0.877640
1.150135
0.708526
-0.186647
0.137152
-0.368735
-0.184749
2.246399
-1.017006
0.389005
1.201103
1.296082
0.217552
0.954765
0.666652
1.989080
1.735826
1.440409
0.570651
1.625563
1.736166
-0.196540
1.449586
1.105625
0.721531
0.700009
0.342163
-0.633233
1.437975
-0.126988
-0.064599
-0.425221
1.403110
1.655738
2.282723
1.568447
0.690373
2.257480
1.483161
1.894520
-0.519717
0.479716
1.289720
1.941898
2.228858
1.758752
0.479191
-0.250277
0.303015
1.929881
1.232651
0.630149
0.193703
-0.040266
1.300071
0.515581
1.009598
0.416778
2.177468
-0.561271
0.280749
-0.826944
-0.547978
1.588331
-0.485238
0.376471
0.557655
1.912271
0.944227
1.252965
0.692875
0.725334
1.659933
-0.415813
-0.797675
2.579703
1.479779
-0.349597
0.971654
0.891929
-0.609380
-0.346606
3.382798
1.428433
0.102438
1.748546
2.446709
1.080430
1.483575
0.907036
-0.681985
2.630710
0.829398
2.599003
0.629510
1.503125
1.414120
-0.232955
0.370610
2.385589
1.479495
2.017893
0.714864
2.560916
1.546573
-0.934429
-1.609712
1.850372
1.716892
0.103532
1.543624
0.006570
-0.285477
0.806167
1.427969
2.948430
0.693482
1.703298
0.815610
0.742359
1.985448
0.008219
1.015057
2.070429
1.270975
2.408369
1.619669
1.130184
2.752013
2.384495
0.277112
1.398118
0.346820
0.456753
1.404843
1.657023
0.917945
1.987328
2.647034
0.562847
1.503072
1.451683
1.301215
0.278270
1.462705
1.783809
1.142224
0.939208
0.610063
0.408792
0.612137
0.713016
-0.868480
0.938082
2.119318
0.577223
1.559389
-0.366781
1.210120
1.681784
0.278508
0.211914
-0.922668
1.299365
-0.249625
2.066208
1.010187
0.304366
0.056424
1.393539
2.369149
0.217103
0.041410
2.642571
-0.208283
1.213053
0.117546
1.268080
1.363485
0.108342
-0.551897
1.131452
0.424526
0.889953
0.039487
0.171513
1.600377
0.297976
0.877801
1.173077
0.732769
1.617101
1.622645
1.662412
1.797488
0.706880
0.635919
1.766476
-0.596776
-0.163308
1.633760
0.926481
2.283043
-0.784118
0.391245
1.176712
2.036806
-0.462079
2.546408
0.943527
1.377273
-0.574030
0.940856
0.385184
0.369094
2.300634
-0.084393
-1.318844
0.529298
-0.974324
-0.203071
1.300335
-0.664634
0.476039
0.526760
1.009366
-0.040473
0.186740
1.665022
1.741730
1.158841
0.675743
-0.364728
0.345037
2.054091
0.620107
-0.756331
1.503056
0.119187
-0.226041
2.305091
0.030003
1.550463
2.828813
1.948975
1.163304
1.153702
0.985811
2.042078
-0.878967
-1.802416
0.458956
1.376621
0.856228
0.449260
0.025023
0.080951
0.152596
0.214859
1.675550
-1.185361
1.079873
-0.846342
2.083121
2.702622
-0.133879
0.951255
2.008759
0.104698
1.430211
-1.266766
1.107008
0.486238
0.861644
-0.280420
0.121721
1.208661
2.426664
1.688040
1.393964
1.849361
1.826538
-0.702551
1.932650
1.920810
0.499222
2.181805
0.705635
1.689476
0.931450
2.512892
0.509033
-1.750998
0.730271
1.429899
0.820422
1.102890
2.113496
1.619042
1.100182
0.532313
2.139051
2.969525
0.628268
1.138964
-0.087265
1.003462
0.032192
1.439816
2.144599
1.321178
2.595238
1.407953
1.529043
1.745196
1.300434
0.330334
1.012233
1.618069
0.990213
-0.376975
2.031082
2.864863
0.316359
0.777500
0.912981
0.803072
1.890062
1.235429
-0.209766
0.134552
1.866662
0.574831
1.254924
-0.455334
1.363892
2.075917
1.694883
2.270205
1.753652
1.114238
0.839135
1.799785
-0.107766
0.307997
1.386001
0.410510
2.136490
3.084967
-0.775690
-0.525208
1.469950
0.801483
1.451037
2.988926
1.432923
1.534077
2.550016
2.009105
-0.304013
0.429445
0.343272
2.550072
0.297418
1.423095
3.557939
-1.559697
-1.267000
1.741957
1.330952
3.031983
1.018008
0.352564
1.050662
0.988771
0.415590
-0.459203
1.867160
-0.388007
0.957090
0.123060
0.210443
1.382944
1.065885
2.168672
1.293822
1.681785
0.309167
0.136210
-0.297941
0.393954
0.612280
2.318386
0.037440
2.048397
1.602322
0.844420
1.440065
1.196298
0.947492
0.101131
0.838647
0.143742
-0.598936
-0.461356
0.694852
1.512099
1.180303
0.948702
0.297644
2.742588
1.970577
0.818182
0.053440
1.609530
0.743405
-0.282522
1.480625
1.449397
0.432314
-1.546588
-0.502474
1.297329
0.259907
2.636335
1.802387
-0.090755
2.375480
-0.471071
0.828587
-0.447293
0.241033
1.777068
-0.576055
0.299224
1.602580
2.767409
0.614108
0.940779
1.082939
1.123777
-0.082180
0.060632
0.440035
0.005910
0.579790
1.734014
1.745101
1.208658
1.250477
2.107762
1.113231
1.328093
2.373475
0.574051
-0.144294
0.972510
-1.100509
-0.215877
0.796206
0.861177
2.504176
1.045670
2.201817
1.173230
1.396913
0.832154
0.361128
1.225431
1.484915
0.095693
1.074124
0.397720
1.244412
0.782866
0.495130
1.548978
0.061004
-0.022354
1.225897
0.319442
3.183323
1.781503
2.605625
0.515287
0.330339
1.928774
1.551822
1.081239
-0.806869
0.753186
2.512796
0.610501
0.746108
2.901303
0.657853
2.303338
0.531495
2.527991
0.992805
-0.889863
0.933627
1.452776
0.055847
-0.393188
-0.291845
-0.464076
1.110900
1.658759
2.873117
1.045957
1.228218
1.171696
2.278808
0.360463
1.378338
0.267613
1.291080
1.953083
1.174684
-0.091008
2.198219
0.196484
1.106521
0.396628
0.137407
2.432337
-0.148047
-0.194162
0.760272
0.830998
1.439291
1.349658
2.058959
1.958420
0.774767
1.879538
2.375583
0.971237
1.512968
1.253283
1.338017
0.767804
1.446589
2.041036
0.354614
-0.645204
-0.018904
0.362412
0.538639
1.075020
1.484653
1.521554
3.019147
-0.513716
0.255387
-0.484034
1.201789
0.739742
0.798594
0.316539
0.047156
1.375142
-0.252112
0.908381
2.760592
3.941942
0.873344
1.166608
1.521571
0.290502
1.412207
2.207525
-0.632874
0.045683
3.742053
1.772562
-0.242059
1.104570
0.414236
2.416208
1.361397
2.223671
2.232431
-0.286907
-1.642460
0.672060
1.122643
1.513519
1.169396
0.151790
2.363278
1.794092
0.566151
1.596144
-1.028348
0.489347
0.805514
2.727689
-1.364940
0.750488
1.911201
1.679249
0.752844
-0.743998
1.625585
1.477571
0.999368
1.258068
1.140953
0.195512
1.540616
0.734262
0.831289
0.089077
1.869449
1.992038
1.317201
2.849922
0.698097
1.137704
0.435608
1.233979
1.420293
1.715026
0.046562
0.142968
2.651837
-0.702553
0.782515
0.475853
0.907361
1.265330
0.048288
0.007068
-0.358754
0.983255
1.541926
-0.224930
3.115368
0.778898
0.119249
1.711680
1.358314
0.696314
1.913163
2.863645
-0.441684
1.880141
1.940809
0.695173
3.416167
-0.180867
1.364934
1.126443
2.693392
0.238131
2.291199
2.418271
0.565182
0.415847
1.110537
1.222118
0.639077
-1.566529
-1.346154
1.025735
0.506848
2.315447
2.287499
0.170057
-0.747993
0.309295
3.439777
2.748244
0.106802
1.171441
2.336161
0.383649
0.618415
0.475582
1.069584
1.051320
0.470116
-0.057003
-0.158514
1.530562
1.787308
1.814530
0.742957
2.071546
0.650198
1.882994
1.391638
-1.086859
2.500915
1.839370
1.060709
0.428755
1.812994
2.117747
-1.930063
0.533518
2.965654
1.368290
-0.045694
0.257774
0.377092
1.414855
1.966828
2.323253
1.520087
2.438059
1.662250
0.873681
0.292873
1.073641
-1.994675
0.711823
1.057111
0.491421
2.064803
0.231278
2.532818
0.927836
0.789273
2.975336
0.345787
1.559547
-0.029654
0.722804
1.434427
0.263138
2.284884
1.633749
2.194203
0.305312
0.468752
1.870514
2.693869
1.124783
-0.548585
0.625490
2.481588
2.031262
0.481326
0.973134
1.042784
1.176734
-0.655221
-0.029774
3.918654
0.961890
-0.177104
2.521068
0.211610
-0.669655
0.471166
-0.603989
0.656901
0.708891
1.662524
1.801150
-0.062665
1.041787
0.635771
1.265237
0.197700
2.406279
2.384477
1.680506
0.527620
1.961437
0.700296
1.143116
0.926643
3.300926
0.513199
0.209261
0.216392
1.095467
-0.134538
-0.699954
0.707377
0.261941
-0.454905
0.180043
-0.060793
3.455984
2.555414
1.367213
0.647977
-0.248182
1.923093
1.700893
1.954074
0.706890
-0.388978
1.016968
-0.676515
0.661483
0.721198
1.119568
3.432377
1.714564
1.038407
-0.394363
1.273405
-0.163541
1.605551
1.968444
0.731617
2.563352
-0.901258
1.453535
0.991744
1.122629
1.220526
1.213412
-1.375080
-0.052028
1.153991
1.641270
1.572130
2.247367
1.867804
-0.200855
0.871536
0.564282
1.430108
0.967823
0.621629
2.024060
2.328083
3.215717
3.122164
-0.014591
-0.363689
0.681867
2.577945
1.021959
-1.171886
0.441311
2.736447
1.612072
1.976421
1.021556
0.770285
3.015675
2.406613
1.535534
0.255861
0.623736
-0.222075
0.180711
0.623129
0.759440
0.547706
1.175608
1.653185
0.851462
-0.078035
1.886736
0.370339
0.522196
-0.016297
1.066344
0.333617
1.296194
4.223081
1.737492
1.311491
-0.489799
-0.217270
-0.041794
0.722794
1.008735
1.442926
2.681650
2.476932
2.027959
1.806829
0.334107
1.156891
1.912094
0.121559
-0.337832
1.128124
1.021063
1.445988
2.457781
-1.085409
0.061331
0.019679
1.819284
2.267988
0.750361
0.896580
1.642797
2.023936
1.336880
0.475640
-0.217337
1.260079
2.181550
-1.034336
0.895590
0.033660
1.214298
1.195586
1.260055
0.441393
3.155420
1.538083
1.308753
3.919315
-0.237785
2.054019
0.784873
2.121509
0.719851
2.305903
0.433605
1.191567
2.077207
0.551485
0.529370
1.406858
0.484424
1.479876
1.370574
0.617910
1.844404
0.911421
0.909933
2.463491
0.048250
2.111164
0.243585
1.703069
0.011769
0.051622
0.843984
-0.302879
-0.703391
1.795549
2.348366
1.738219
2.634014
0.179517
0.280846
-1.848567
1.379349
0.590785
0.789685
0.168769
2.006726
1.473658
1.719136
-1.484946
1.034400
2.597578
0.502150
0.060126
1.055138
0.475580
1.810377
-0.061854
