1000
3.646372
2.170738
0.191505
3.739361
0.918736
-0.619199
-0.948297
0.810149
1.588148
0.618352
1.005501
0.632677
1.153650
1.137950
0.136868
1.364042
2.207025
3.035791
0.685862
0.869780
2.467739
-0.725635
0.525764
1.604784
2.317779
3.920181
-0.112120
0.205963
1.142829
0.659630
1.161754
2.137612
0.586276
2.277420
1.779397
0.574816
1.266180
-0.227356
-0.472250
2.222429
0.361241
1.544787
0.279796
1.109968
0.310480
0.282344
0.627148
0.051385
-0.639959
2.673547
0.566455
2.761860
0.959728
2.700801
1.348707
0.674048
0.443363
4.183605
1.068880
1.143436
1.141656
-0.432768
-0.957456
0.831666
2.522790
1.393519
0.597197
1.862484
-0.891103
-0.265273
-0.105595
1.043930
2.857550
0.905755
1.802376
0.740468
0.425595
-0.829020
1.089401
-1.402374
1.286811
-0.299227
2.100572
0.931833
-0.932194
-0.254345
0.961639
-0.145465
0.966622
1.020218
1.972660
0.183974
0.891828
1.188372
1.278188
0.675394
-0.086307
1.589765
-0.990855
0.920448
1.685412
1.704130
1.427601
-1.708782
0.386291
2.320437
2.272945
2.783604
1.552203
1.310150
1.964793
2.120928
2.200332
0.101293
-0.467874
0.065655
1.794216
-0.145492
1.315388
1.943838
1.283022
1.388010
0.002956
1.715382
3.595101
1.914144
0.431341
-0.062464
2.235758
1.233848
-0.847098
0.398669
2.888982
1.276795
0.102840
1.640937
3.436234
0.918735
0.105588
1.586367
2.280449
2.152271
2.518300
-1.761434
2.216585
1.456275
1.763503
1.551374
0.365555
-0.990657
-0.263187
-0.641226
1.013570
1.460986
0.726615
0.859178
1.764067
-0.527819
0.615412
2.173227
0.976072
2.893110
0.503516
0.867082
1.652150
0.195839
-1.785526
0.065204
0.063049
1.483432
1.893047
1.408835
2.821504
1.249780
1.174374
0.751706
1.027193
-1.035984
-0.587775
0.592410
0.811918
1.529445
0.359851
0.995045
1.254181
1.789996
0.583393
-0.103876
0.306771
-0.476266
2.370032
1.267599
1.737686
-0.495436
3.055063
1.103404
1.734441
-0.399042
1.185943
1.577948
2.145460
0.629128
0.892611
-0.112438
0.750029
0.642089
-0.696222
0.511328
0.694039
0.092799
2.348568
-0.687611
1.942654
0.188948
-0.648881
1.685609
-0.034850
-0.177276
1.217854
0.311464
1.049802
2.692744
0.944731
1.916989
1.405171
1.476738
2.258823
1.182951
2.078913
2.583986
2.079356
0.906841
0.720381
1.394395
2.234516
1.716199
1.381051
0.759426
1.871836
2.258002
2.879198
2.099517
1.896586
0.268361
0.632236
1.011488
1.831197
1.223915
0.488292
0.553251
0.627967
1.837766
0.421202
-1.001645
1.075747
1.506705
0.960343
-0.387579
-0.184056
0.656690
1.162370
1.802027
1.519857
2.420127
0.867676
0.004945
0.052707
-0.005041
1.454234
0.367645
0.729846
2.639664
2.210571
0.850581
1.233897
0.650317
0.415653
-0.391711
-0.145664
1.726584
0.087899
0.045620
-0.072924
1.462069
0.466329
1.527931
1.549038
1.138128
1.070455
0.014502
0.752494
2.477917
3.135532
1.215302
0.832590
1.461142
-0.573637
0.650595
0.992183
1.128591
0.317008
2.336942
2.227257
2.329007
1.666007
2.718761
-0.078747
0.681565
2.145295
0.875750
2.017083
1.703404
3.569027
0.855138
-0.068725
1.025308
0.690516
1.097685
1.831568
-0.410258
-0.522914
1.015786
1.308360
-0.106526
0.510889
1.075932
2.327617
0.545386
0.856545
0.577017
1.137827
-0.574227
2.608108
1.553423
0.474571
-0.188090
-1.191407
0.232372
0.898100
0.968252
2.489434
0.072862
1.207808
0.118688
2.195700
1.427007
0.645190
0.283702
1.132594
1.386378
2.383453
1.319167
2.190742
0.099647
1.146843
1.211591
1.294226
-1.402969
1.746383
0.817776
1.015109
1.134575
2.440081
0.862449
3.105361
0.953648
0.285755
0.949850
1.097042
1.238936
2.325464
1.079837
1.618316
0.109793
2.221554
2.197799
1.356671
0.705689
1.169388
1.284808
-0.524320
1.008640
1.311142
-0.106800
0.905227
0.262523
0.537210
-0.722744
1.839490
1.162715
0.504699
1.741224
0.159102
-0.843527
-0.453731
0.996779
1.192335
0.711354
1.030296
0.554808
1.956655
1.975664
-0.033324
1.622803
1.546044
1.052042
0.225259
1.271119
1.462749
0.989898
0.845716
1.795045
0.235932
1.624778
0.547703
1.756576
1.963748
0.137806
0.514180
0.649059
0.793097
-0.103387
0.998005
2.511098
1.998918
1.093636
2.523098
2.414879
1.356951
0.876668
1.747956
1.136531
3.131557
2.303471
0.163505
2.078523
0.633940
0.112943
-0.293990
1.002806
1.642074
1.485112
1.518296
0.732790
1.195341
0.861760
0.104812
0.535381
1.431713
1.406349
1.019391
0.043535
0.405477
2.445203
0.819334
-0.635900
0.271638
0.943070
0.174975
2.393529
1.289788
1.043525
0.623621
2.498066
2.296666
0.245130
1.391250
-0.279901
1.769841
1.133931
-0.543451
0.363593
1.353461
2.151440
2.058564
0.663403
1.014542
1.252361
0.576499
1.360638
0.548591
1.223467
0.354169
0.091141
-0.110087
1.593043
1.194659
1.876199
0.419270
1.041015
0.157020
0.829225
-0.148735
-0.102445
1.828684
1.479312
2.066639
1.313031
0.761875
2.200627
1.907415
-0.425076
1.460947
1.047405
-0.133221
1.303307
0.520350
2.036774
-0.459148
0.278376
1.264535
1.136170
1.611542
-0.218626
-0.053759
1.280040
1.451902
-1.044929
2.047116
-0.252480
0.730496
0.630737
1.245204
2.344408
-0.114346
1.318570
1.445387
0.564871
1.522593
1.922500
2.108952
1.294028
2.430283
0.630196
2.128365
2.792928
0.113286
0.298519
2.091586
-0.631053
1.048890
2.122566
2.185190
2.416755
-0.423610
1.888874
2.303318
0.615191
-0.219856
0.686945
1.859355
1.597118
-0.682179
-0.737893
1.218989
1.034888
1.772429
2.133284
1.044179
1.248944
0.394340
0.452706
0.379502
-0.579971
-0.914472
1.600831
-0.644871
1.170149
1.744342
2.000185
-0.183681
0.796180
0.541103
0.116310
1.638706
0.457031
1.176893
1.559747
1.509987
1.092328
0.859452
1.429006
1.139646
0.952680
2.162585
0.458689
1.047913
1.785614
2.581619
1.749563
0.608153
1.122374
1.260268
1.549050
1.840486
1.893223
2.737315
1.038905
0.440826
-0.951320
1.010311
0.245103
0.992258
0.865039
1.176438
2.073328
1.713226
1.115011
0.570437
0.511630
1.200901
0.760837
1.532054
2.085024
0.381571
2.067369
1.027122
-0.012358
1.255117
-0.778982
1.931475
0.374337
0.931933
-0.194357
3.269963
2.120175
1.460163
0.034691
1.751676
0.328080
3.202408
0.282590
2.212650
1.302168
2.570317
2.070591
-0.105341
1.390635
0.726962
1.668056
1.320220
0.314582
1.171202
2.147565
1.005644
1.517615
-0.898263
1.114567
1.426509
2.190221
0.646955
2.120387
1.346613
1.285224
1.514147
1.313205
1.479793
1.333660
1.556070
1.690575
1.798413
0.188555
2.726710
0.909919
-0.218580
2.054013
-0.683265
1.287987
2.961433
1.368884
2.478996
1.033375
4.298234
0.507768
0.850576
-0.538364
1.377781
-0.721802
0.092565
1.662515
1.690667
1.588732
1.266416
2.803275
0.116587
0.912484
3.117247
0.903023
-0.517038
2.393719
1.951393
1.130360
2.470234
1.130063
3.045985
1.314718
1.617887
1.315831
0.524229
1.481821
2.753504
1.109565
-0.466987
1.759540
-1.226939
0.313400
0.733231
2.088869
1.895123
0.117154
-0.127615
-0.240833
2.445411
1.993674
1.550245
1.291575
0.763245
0.939725
0.829155
0.809613
2.160192
1.730116
1.216522
-0.564027
1.929267
1.893291
0.627304
1.808747
0.414527
1.293036
2.958385
0.378624
0.615572
-1.261862
0.653929
1.593717
1.663440
-0.195723
2.192689
1.633259
-0.318823
0.340607
0.504640
1.269177
1.687412
2.657438
0.032837
-1.082402
-0.857864
0.673332
0.601768
1.034305
0.725414
-0.219278
-0.661248
2.714229
2.513582
1.045645
1.819269
2.214572
1.214372
1.703917
1.196636
1.216126
2.452445
0.671017
1.044882
2.293369
0.816765
1.375257
1.466038
0.653873
0.588976
1.455737
1.525804
2.506310
2.150533
1.407253
0.370415
0.629243
0.953057
1.458961
0.970955
1.887303
2.045328
-0.606278
-0.288746
1.222072
1.621972
2.130634
0.433091
-0.511420
3.156248
1.971542
-0.907037
0.050724
1.221788
3.097864
-1.325896
2.549639
0.711737
1.597135
1.274504
-0.412958
0.192180
0.467916
-0.329887
1.906157
0.083216
1.542898
0.402488
1.470251
1.238190
-0.182304
0.696634
0.374447
1.341951
0.734801
1.791743
1.593540
1.004715
0.351152
1.103881
0.995398
0.665387
0.937100
0.513272
0.542804
2.058866
3.151366
0.993301
2.556052
1.266785
0.183640
-0.729451
1.606438
0.816182
2.874565
-0.037457
0.085752
-1.010863
1.078245
1.452486
1.918417
0.112155
1.107491
0.301014
2.987152
1.687833
1.912379
1.001286
1.301672
1.608915
0.724521
2.648516
1.610938
1.635034
1.467774
1.635675
1.205262
2.629178
0.076493
1.329654
1.182382
1.221971
3.585119
1.875883
-0.495905
1.653232
2.383316
-0.171482
-0.682877
-0.328786
0.623991
1.096602
0.876565
2.146519
1.704021
1.007251
1.142675
0.443877
-0.801490
0.964845
1.194753
1.815776
1.665857
0.405422
1.262527
1.713539
0.200171
0.659322
-0.482969
1.028513
1.232503
0.114759
-1.383855
1.499546
0.073630
-0.586686
0.902679
2.546005
1.487044
0.377373
1.403540
2.262622
1.484564
2.190114
-0.210531
0.854183
1.528412
2.762539
2.684968
0.363440
-1.671833
1.534745
-0.901475
-0.416889
1.394953
1.815622
0.403960
-0.201609
-0.158829
1.992534
1.698609
0.748328
3.109361
0.390522
1.692779
1.867710
1.576750
1.195967
1.317804
1.740601
-0.382285
1.451689
1.075982
1.632255
-0.776693
0.713326
0.385664
-0.936739
1.943026
0.521898
0.787699
1.647236
1.292505
1.029034
0.607520
0.386203
0.667452
0.492360
1.882369
0.844202
-0.064315
2.145705
1.712770
1.607123
1.679807
1.784548
0.095480
1.103684
1.174913
-0.316296
1.777659
1.989692
1.779609
1.572165
-0.011296
2.376436
0.560352
-0.856545
0.149321
2.172891
1.424436
1.122944
2.904488
1.818610
1.400616
1.202456
-0.353003
0.825399
1.157977
0.698551
-0.121826
-0.496543
0.864155
0.311537
0.957148
1.951654
0.656245
1.040038
0.422840
-0.817135
0.769625
0.549522
-0.691282
2.581307
2.078122
0.494759
1.366606
