1000
1.502584
0.317818
0.943212
1.377430
1.178178
0.060358
1.060154
2.763302
0.974965
1.538798
0.398313
0.398982
0.183212
-0.384857
3.825245
1.050602
1.298283
-0.429912
0.144509
-0.294545
0.420616
1.433648
-0.103808
-0.105699
1.650757
0.330508
0.484623
0.487339
2.415950
0.116098
0.153196
1.352791
1.282934
2.209840
-0.581805
0.680520
0.359351
1.224297
0.885195
0.548528
1.491827
-0.048478
1.109880
0.651571
2.321487
1.276328
1.674921
-0.174365
-0.572222
0.270176
3.728029
1.374739
0.103132
-0.760235
1.469432
0.776779
0.492933
0.441313
1.189949
-0.600921
0.527092
1.190262
1.358609
1.002581
0.591771
1.280693
-1.079236
0.683026
0.516804
0.571916
1.333341
1.003629
-1.327753
1.176844
1.844829
1.076210
0.702342
0.140302
-0.043642
1.472592
2.350345
3.087922
1.332727
1.613568
1.787989
1.991232
1.044742
2.030755
1.084120
0.862015
1.400292
-0.234939
2.126101
0.826699
0.463435
1.997497
1.868282
2.642207
2.348452
1.347621
1.436511
0.009543
-0.975110
0.399047
0.669398
-1.069917
0.542408
0.436366
1.319350
1.228942
1.080137
0.596569
2.460144
0.533431
0.070149
2.331169
3.372958
2.023589
1.783181
1.275203
-0.609940
1.702702
1.283227
0.259301
0.096708
-1.294192
1.247509
0.753368
1.252566
-0.477694
0.566743
2.278729
1.722204
1.241364
2.019110
0.267408
1.541032
2.502345
2.352149
0.624002
1.561300
-0.226401
1.363495
0.702430
0.377644
0.380792
1.548790
0.763039
0.218382
0.172641
1.257451
1.820762
0.050469
0.492975
-0.683893
-0.789537
0.377719
-0.787640
0.551263
0.649022
0.903798
0.339031
0.393089
1.499247
2.233336
-0.532597
0.391364
0.587496
1.402392
0.221191
1.732285
1.680750
0.968273
1.812844
1.041294
0.983054
1.491248
2.513864
2.137373
2.724838
0.736978
1.899899
0.136762
2.377532
1.609585
2.737415
1.279186
-0.073346
0.809228
0.086805
1.345936
-0.205537
0.119558
0.243003
2.084416
1.565600
0.059200
0.200834
3.655918
0.304306
2.024111
0.992585
-0.579361
1.378122
-0.496441
2.567259
1.182409
-0.128890
1.496006
0.169562
-0.173754
1.763745
0.036720
0.983461
0.969547
0.516080
-0.248750
1.534762
1.856583
3.300177
1.122644
-0.953282
0.591333
-0.707008
1.150629
1.217267
0.004868
1.341745
0.264307
1.584123
-0.416941
-1.033072
-0.341271
0.551275
0.420271
2.279412
2.671288
0.612619
-0.631365
4.715827
0.570391
2.042111
1.299800
0.420976
2.172635
2.992652
0.422618
-0.401273
-0.776148
0.843289
1.802533
1.974905
2.296321
0.300237
0.701164
2.275204
0.004844
0.991598
0.591745
1.131781
0.188663
-0.409236
0.480185
-0.220721
2.236686
2.042564
-0.672882
-0.242910
2.651497
0.869667
1.627344
-0.134272
0.261441
1.542333
0.669620
-1.854233
1.525394
1.530629
0.942437
0.587895
1.090451
0.924755
1.197182
1.314950
1.236396
0.180371
3.026391
2.450145
1.838466
1.173206
2.078502
1.021941
0.660274
0.073628
0.864600
1.707825
1.449858
0.426099
2.229654
-0.147829
0.824512
2.114847
2.076363
1.674293
1.993632
0.067354
0.523174
1.120551
0.966926
0.964262
1.112765
1.544633
1.342494
1.536822
-0.919867
1.242319
0.926870
1.200680
0.760616
1.818953
0.952410
1.721577
1.635082
1.842469
-0.202322
-0.016262
0.501948
1.665682
0.539764
0.695209
1.126946
0.377186
0.722569
0.868089
0.315191
0.681295
1.711352
1.874389
0.941498
-0.239358
0.672775
-1.121974
3.857994
1.242658
0.372070
1.210046
2.091003
1.673548
2.274241
0.867201
-1.056767
-0.415706
0.317259
-1.607046
1.110201
1.282731
2.187161
0.437967
1.722416
2.175899
0.811939
0.446930
1.326397
-1.064969
1.559175
-0.722017
2.246311
0.092788
0.406269
1.823536
0.768068
1.765637
0.627050
1.703647
1.672272
0.022225
1.511832
-2.066858
0.485081
1.826265
0.534347
0.365268
-0.148207
0.865742
1.771761
1.419623
1.717842
1.743461
0.372338
1.032637
1.280569
0.443637
1.838525
1.362032
1.899590
1.877413
1.957344
-0.317677
1.032654
0.338129
1.064315
0.873994
0.232822
-0.210328
1.249998
0.136094
-1.633546
0.418981
3.074818
0.435051
-0.477919
-0.061624
-0.045593
0.347795
0.289533
0.207171
2.207926
-0.053142
0.864848
0.985019
0.307002
1.638990
2.778004
0.741907
0.473549
1.652777
0.929452
0.360987
1.034284
3.723937
2.787327
1.270756
1.635019
0.650318
2.701440
-0.225905
1.985149
1.535045
0.458418
-0.463131
2.382675
1.065061
1.729076
1.051595
1.380367
1.825718
-0.190975
2.340991
0.882152
-0.474650
2.284893
-0.108618
1.621140
0.340837
-0.905928
0.616970
1.152851
1.085274
0.982612
0.561122
0.475233
0.049701
1.153099
1.816125
0.405167
1.038795
2.137020
-0.404392
-1.067156
1.364569
2.407365
1.218044
1.758920
1.855664
0.712661
-0.129011
3.257247
1.832693
0.597462
2.027515
-0.240894
0.092778
0.737866
1.535166
1.855955
1.900675
1.749271
2.450639
0.447425
-0.515654
-0.143771
3.054762
2.569222
0.785403
0.796073
-0.041180
0.774879
1.908514
0.108902
0.933290
1.053837
0.217384
0.940189
1.534743
-0.580481
3.190116
0.073990
1.267430
2.174816
1.955138
1.307263
1.079750
1.646587
-0.019527
1.266230
1.011366
0.556920
0.655553
0.206818
0.624262
2.156766
0.501342
0.468297
0.683924
1.662861
0.824644
0.531330
0.577043
2.106351
0.440404
1.615400
1.736038
1.745428
3.176108
0.441880
2.741813
-0.517686
1.520184
0.410716
0.757444
1.447249
0.174103
1.311662
1.202286
0.398005
1.682479
-1.489053
0.958639
1.993872
1.514520
1.421727
1.351017
1.005735
1.446820
1.555985
1.573343
0.347299
1.016135
2.674525
-0.133392
0.360453
1.022012
1.226915
0.067534
2.545791
1.052608
1.016575
1.313030
-0.212052
-0.985391
0.357827
0.181010
0.521393
0.663003
0.988503
0.124880
0.727854
1.775399
0.870619
1.893827
1.442763
2.088039
2.802390
0.950888
1.042177
1.638606
-0.704932
-0.243691
1.834849
2.130072
2.892167
0.952482
2.073271
2.369520
-0.220141
1.804612
1.125590
2.272206
0.877620
2.276177
1.464878
0.884521
1.728918
-1.898657
1.983409
-0.371222
-1.150146
0.595223
0.539346
1.383549
2.000873
2.889358
-1.124281
1.499712
0.455176
-1.523938
1.016989
0.131775
1.107267
1.722876
1.197676
0.284040
1.044603
2.123690
-0.447820
-0.506689
4.340208
-0.164238
1.161657
-0.102027
4.101137
1.136630
2.170003
-0.861135
1.558154
1.653834
-0.216098
1.590062
-1.015547
2.537002
1.399387
1.799732
-0.159819
-0.470165
0.629996
-0.690624
0.358836
0.375788
0.139850
2.396753
0.494540
0.718592
0.248948
0.395240
0.169163
0.952354
3.885364
4.097119
0.845343
2.069059
0.939806
1.570097
2.699923
3.420508
-0.638365
1.093149
0.646235
0.416428
0.765357
1.882019
1.248808
0.947457
-0.383131
1.043354
0.885370
0.619001
1.663730
-0.071812
1.132236
1.268944
1.203659
0.350706
1.140032
2.271191
1.555833
1.729132
-0.248692
1.708685
0.666728
1.013504
2.345846
1.376792
0.710969
0.898032
2.401719
-1.524647
1.090765
2.052234
-0.465611
0.452077
2.579179
1.225733
-0.224499
-0.001459
0.838587
2.345819
2.794523
1.844219
-0.763033
0.462706
0.568782
2.743195
0.463248
2.106062
0.940789
-0.541672
1.078484
0.604766
-0.086978
0.943245
1.467040
0.749925
2.059906
1.836774
0.396058
-0.261192
-0.230101
2.045987
0.172901
0.510946
1.292822
0.986927
1.328464
1.071551
-0.319824
-0.185488
0.254596
1.314572
0.627197
1.824441
0.091019
1.760622
1.120643
0.856382
-0.928978
1.601487
0.860560
1.460208
0.120172
0.702298
2.307821
3.229449
-0.059310
1.022479
0.401537
1.045707
1.133585
0.404479
0.804065
2.373995
0.565038
0.508515
-0.266321
0.389607
-0.421594
2.929712
0.266817
1.163064
0.328271
1.464471
1.524687
3.270965
2.378567
1.639341
0.490201
1.754758
2.222969
1.937435
1.499924
0.984671
2.275046
-0.614574
1.127386
1.550237
0.580583
1.378091
-0.516714
1.205318
1.326001
1.628397
-1.098967
3.675516
1.838754
0.636829
1.217108
2.019479
2.572117
0.864633
0.230663
1.122205
0.868745
2.474763
-0.059933
0.251876
0.629271
1.121751
1.229471
2.169398
1.749093
2.656263
0.707727
1.880282
0.526144
2.322856
1.113127
0.216382
2.118843
0.530936
0.054698
0.267436
-0.422099
0.475077
1.861202
0.511741
0.707039
1.243780
1.347250
1.109136
2.166341
2.842433
0.733925
1.035779
1.851412
0.990810
2.453369
-0.466210
0.038739
0.943000
2.066991
0.933763
1.348870
0.277849
1.402383
1.001766
0.340481
0.123665
0.879878
1.612469
1.810923
0.724283
2.032167
0.106558
-1.168156
2.062464
0.949901
0.976196
0.789365
0.901145
1.043305
0.877935
1.359080
0.035532
0.736826
-0.203550
0.428302
1.986528
0.892511
1.669193
1.716961
0.765800
0.510363
0.088046
0.013975
-0.301211
2.575231
0.679290
0.282190
1.949616
-0.102589
1.853327
1.563018
0.258778
1.525759
0.987311
0.516601
0.511166
0.526418
0.901154
0.366134
2.248521
-2.008221
0.672463
1.682056
0.350585
0.964420
0.446784
-1.153300
-0.343222
0.218937
0.447065
1.235168
0.333843
0.956169
1.076777
1.461373
1.579094
2.469482
-1.094276
0.678596
-0.100504
-0.492584
0.016020
0.436454
1.368759
0.765164
2.150449
1.708384
1.184868
-0.370718
1.532482
0.174174
0.005689
0.435202
1.924565
1.454263
-0.070122
1.317738
0.715277
0.870037
1.116547
0.855998
1.223655
0.866556
-2.294632
1.630554
1.557519
1.185511
2.845013
1.087119
1.417613
1.321948
0.777825
0.634529
0.978587
1.687989
0.948219
0.526719
1.766023
2.938659
-1.605332
-0.301767
0.901471
1.983966
-0.456741
0.507431
-0.474237
3.562093
3.075608
1.784220
0.708507
0.621010
-0.057296
2.542735
0.674561
-0.280416
-0.113909
2.024478
1.270526
2.116486
-0.527275
-0.868119
0.189646
1.313159
0.877471
-0.063359
0.693620
0.213182
0.825009
0.638620
1.078668
-0.439834
-0.285963
-0.407315
1.714143
1.929611
1.667721
0.960354
-0.088257
0.007508
1.498843
0.082645
0.441121
1.924232
-0.155957
0.295098
1.406436
1.760198
0.916146
2.356425
0.130101
