1000
2.861244
-0.863767
2.009174
0.959923
1.201144
-0.583821
1.505503
0.222655
0.016034
1.743482
1.746280
0.325912
0.724126
1.467983
0.267842
1.014002
2.096637
0.390046
1.166368
1.050108
1.124508
0.582104
1.339274
1.997982
0.771352
0.907427
0.419363
2.771514
0.431103
2.206509
0.284110
2.746497
2.521948
1.714126
1.616460
0.827357
1.380996
1.464204
0.747685
2.231484
0.360899
0.378067
2.048215
1.546254
0.394762
0.321720
1.575378
1.640958
0.426512
1.430421
2.252686
0.300355
1.138783
-0.552168
0.206648
0.980258
1.421967
1.148720
0.332516
1.409874
1.708449
-0.337664
0.786708
0.285647
1.853006
-0.881081
-2.390387
-0.279776
-0.041783
1.044684
1.580741
1.926717
2.112967
2.669367
1.716115
1.941967
1.763511
2.038208
2.285254
0.845133
-0.408056
1.347262
0.330480
-1.031619
0.791912
1.407532
2.287150
0.683963
0.600715
1.327995
1.600087
1.586999
0.523192
0.938072
1.782395
0.438607
2.967964
1.130947
1.130408
2.906811
-1.455829
0.140139
1.726747
-0.810869
0.408953
1.394948
1.130765
0.348113
1.553458
2.401530
0.163033
2.770510
0.116779
2.325520
0.850436
2.386703
2.244102
1.100009
1.160627
1.739969
1.258009
-0.305335
-0.837011
0.996003
0.521782
1.800491
-0.198137
0.009373
1.625764
0.873957
1.743092
2.194514
1.277989
2.715879
-0.587605
0.880534
0.672947
0.858469
2.198949
1.486174
2.615094
0.965693
1.609469
-0.330559
0.101929
1.029272
1.022608
1.398225
2.165089
1.811031
2.071019
0.890400
1.572428
-0.175574
1.275687
1.125606
-0.815115
-0.792604
1.226778
2.996241
2.503908
0.918482
1.854803
0.176789
0.798190
1.025477
2.728425
2.288502
1.868900
1.040386
1.291213
0.467820
1.859966
1.518960
0.838540
0.190666
1.856450
-0.199857
1.273235
0.917860
0.767572
1.464440
0.910458
1.659721
1.434035
0.636952
0.137625
2.706308
-1.153720
-0.896081
-0.387201
0.934335
2.134698
1.680053
0.064766
0.576762
-0.086409
0.122782
1.617331
0.008381
0.853412
-0.448560
0.540677
2.111213
1.722502
0.976246
1.222866
2.324656
1.748492
1.166901
0.629793
1.314996
1.974213
0.597280
-0.456875
-0.566960
3.614860
0.720849
1.429625
0.409989
1.157069
1.031714
-0.165624
3.470915
1.875959
1.218462
1.730351
1.101947
1.027171
1.091387
0.998768
1.532194
0.323146
1.513936
0.587591
0.792080
0.673333
1.313277
1.698988
0.435856
1.120131
1.818143
3.072945
1.996331
1.346387
1.503830
1.555449
-0.448925
0.215173
1.946600
2.164110
0.172084
-0.525911
1.043057
2.251704
1.316717
2.375012
-0.244864
-0.797342
1.033238
2.284375
0.444554
1.434497
1.023269
0.751672
0.758769
1.187222
-0.644106
0.736124
0.282534
1.345195
1.605338
0.825551
1.905231
-0.245949
1.633143
1.131077
1.401413
0.237349
0.183139
1.579413
1.124791
0.908395
-0.583523
0.845343
1.462931
-0.385971
-0.634271
0.322369
2.438194
-0.757135
1.213455
1.676890
1.970564
1.615460
2.463324
1.123120
0.165664
-0.453730
0.542755
1.650466
1.599722
1.638014
0.703359
1.060205
-0.312919
1.545976
2.962145
-0.152071
3.169385
1.843488
1.218200
0.948930
2.173070
-0.362169
1.949238
0.693561
-0.668099
1.251945
-0.168371
2.037969
1.181862
0.097467
0.770782
1.236406
1.046250
-0.116601
1.619163
0.623629
2.237683
-0.409155
0.422834
0.692239
2.375037
0.279646
-0.165376
1.520614
2.303688
1.509412
0.894027
2.145534
0.895918
1.864342
0.593344
-0.209099
0.597698
1.929295
0.814043
0.871359
1.075107
0.267005
2.203099
2.203543
1.640855
-0.751029
0.417833
2.628977
0.162244
0.617730
0.704024
-0.269662
0.313377
0.904493
2.502151
-0.640704
1.877662
1.683565
1.609206
-0.132047
3.913401
1.328051
0.127537
-0.466154
0.502118
-0.016345
1.674257
-0.545859
0.166659
0.588481
1.844097
-0.515360
0.707414
1.407282
1.231647
1.296482
2.469509
-0.863754
1.491809
3.193181
-0.195597
0.723622
-0.052367
0.778743
0.570663
0.659020
1.895785
-0.532596
1.561778
1.986315
1.648771
1.846365
2.051342
1.426007
3.034268
3.042192
1.846434
1.103243
-0.311009
-0.158781
1.131806
0.369162
0.387484
2.035728
1.097848
1.782213
1.019959
-0.743739
0.010774
1.554989
1.667305
-0.199273
1.378351
2.277447
2.110521
2.427205
-0.525897
1.660380
2.870887
-1.321406
1.772476
0.929606
-0.822915
2.130346
1.840817
0.817522
0.280938
-0.252079
1.936019
0.866009
0.860049
-0.175323
0.658374
0.142562
-0.068402
2.074104
-0.839398
0.728972
0.425634
-0.281254
0.823396
0.813170
2.616404
2.272084
1.414794
0.749006
1.570524
0.636270
0.615075
1.610865
-0.417667
0.680796
0.953169
-1.485916
-0.640774
-0.352240
0.192169
1.099651
-0.530346
2.574468
2.209093
1.313493
1.136046
0.204768
0.659926
0.828880
1.794497
-0.204085
0.116402
0.128552
1.980543
0.160362
0.617839
-0.389909
0.317025
0.085506
0.383733
1.983248
1.740944
-0.175349
1.536263
-0.457168
1.529086
-0.101268
1.071954
-0.321447
0.764996
1.021943
1.779015
-0.128101
2.112593
1.328412
2.800804
2.176630
2.284034
1.231478
2.401949
1.960565
2.193507
0.495793
2.714132
1.729041
-0.846147
0.156064
0.733589
0.774462
3.509377
-0.127202
2.797302
-0.293656
2.346503
-1.015237
1.554448
-0.461951
1.478765
2.402323
1.679386
1.293814
0.155254
0.778663
1.261817
2.055620
2.377764
1.026091
0.814552
2.345045
2.231816
-0.318688
1.222198
1.135580
0.344011
1.744596
0.909158
-0.062879
1.599846
1.863403
1.135063
1.343168
0.004884
1.273690
1.095652
1.977069
1.991164
1.430894
1.363879
0.667939
0.548310
1.799855
1.475861
-0.329279
1.645940
2.537217
0.778931
-0.494198
-0.796481
3.108240
3.712840
1.631726
0.518703
0.581278
0.693028
1.966119
-0.669609
0.620280
-0.242774
1.176535
1.208369
0.740620
-0.049643
-0.011050
1.689431
2.537755
1.223032
0.518674
-0.718938
1.151614
0.994051
1.365072
0.584099
1.844479
1.747004
0.551998
0.232300
1.206788
0.954279
-0.313350
1.098324
0.719382
0.415510
0.739951
2.743416
0.415797
0.947724
1.340707
-0.138811
-0.976366
2.051407
1.120498
1.186304
1.469045
1.596012
0.237671
0.554250
-0.483689
1.573712
1.007040
0.103308
0.090992
1.331302
0.727283
3.260360
0.946126
0.540489
2.036072
-0.761023
1.637440
2.301149
-0.340025
0.564690
0.207285
1.396857
0.758376
0.972037
0.497505
0.087334
1.442733
1.409476
0.391018
1.455979
2.384682
1.109519
0.589638
1.673883
-0.593566
2.382515
1.924123
1.081351
0.871209
2.329889
2.044058
1.566139
0.809701
1.868032
0.725145
1.357522
1.138423
0.762941
1.279344
1.743058
0.885608
1.099546
0.417511
0.210549
1.058848
-0.747071
-0.004460
-0.003352
1.021371
-0.443363
2.259354
1.289916
1.604522
-0.086987
1.197559
-0.247010
-0.999428
0.485279
1.940420
3.300994
1.983717
0.353231
1.423151
1.394362
-1.568664
0.557104
0.158218
0.807812
1.798783
1.001374
1.573573
-0.027104
-0.340108
0.321846
1.087669
0.087681
1.817366
1.070676
1.075779
0.621119
1.400463
0.968720
-0.120603
0.195828
2.088687
3.123305
1.125346
1.431117
1.428126
-0.214362
1.690613
-0.409984
1.720618
0.774313
2.414718
-0.517269
0.817429
1.618258
1.269463
1.355678
0.111689
1.016761
0.463695
1.018536
0.356129
0.437483
2.296154
1.666743
-1.468213
3.134857
-0.078331
1.799085
1.374416
0.413204
0.947417
1.134432
0.123109
1.702327
1.230188
1.324050
0.985206
-0.539310
0.493013
-0.268591
2.082100
0.927277
0.174673
1.657642
0.338813
0.944515
1.265753
0.751423
2.122786
0.563315
1.535950
1.142402
3.748515
2.393073
2.277787
1.870567
1.184304
0.976366
0.784130
0.904209
-1.496533
0.758655
1.436251
-0.554893
-0.144563
2.462290
2.082234
0.848101
-0.040523
0.600012
-0.112826
-0.356147
1.826119
-1.461896
-0.485413
2.733861
0.254188
1.299657
0.755726
1.963888
0.813134
0.692727
0.826232
1.321694
-0.158578
0.970188
1.061148
1.139584
1.233303
1.731804
2.519476
0.430257
1.439038
0.992613
0.630916
1.087470
0.786774
3.154413
0.127851
1.532733
1.215376
1.428460
0.988180
0.853288
1.427580
-0.203528
0.613295
2.509598
0.712938
1.827415
-0.061428
2.448833
1.905403
1.230035
0.110897
1.461345
0.088337
2.281981
1.192690
-0.653797
1.002131
1.443098
2.168915
-0.126622
1.271444
-0.054180
1.902207
0.597388
0.311623
0.843469
0.999287
0.621317
-0.279428
0.838487
1.992016
1.569190
1.459013
0.808681
1.628522
1.652017
0.575428
0.334366
1.213398
-1.165095
-0.088663
1.947157
2.297821
0.456769
2.265523
3.630130
2.169014
0.689620
1.135381
0.799274
1.544446
0.900810
1.052466
0.375527
2.280482
2.656349
-0.876477
0.161766
0.649654
0.337574
0.632573
0.068572
1.217059
2.148268
1.172734
0.404209
0.025289
1.077644
2.232361
1.181361
0.919347
3.446883
1.548799
0.750395
-0.333083
0.396033
1.165436
1.628354
1.293064
1.790325
0.336019
1.896498
0.719278
0.023479
-0.068325
2.361402
0.283444
-0.695389
0.692357
0.822206
1.896722
0.849755
1.336192
2.667111
1.160973
2.860660
0.751124
0.097901
0.638386
-0.087739
0.858411
0.583421
-0.480616
2.810862
1.687066
1.209856
0.233109
0.627912
1.471276
-0.130096
0.658595
0.109217
1.167399
0.753779
1.323876
1.284219
0.772580
2.293806
0.432858
0.033874
-0.603455
-0.050571
1.091058
-0.216636
2.283255
1.554091
0.811275
1.662251
0.559623
2.205979
1.094011
1.051242
0.008651
0.825461
2.908406
-0.039102
0.578824
1.441104
2.887542
3.080120
1.286745
1.209948
1.152752
2.100445
0.963476
1.436114
1.283862
0.181218
1.401734
2.953822
-0.400968
1.276175
1.248888
0.923468
-0.837013
0.343388
0.227827
1.270443
1.232249
2.725264
2.306042
0.529676
0.271190
0.266765
0.352687
1.879252
-0.600847
2.372062
2.656196
0.045473
0.589753
0.476030
1.165411
3.634506
0.216785
3.061281
-1.153766
2.941772
0.307172
-0.175051
1.443753
0.325131
1.815643
0.928060
2.385465
0.413121
1.414471
1.785312
1.396326
0.809040
0.656001
1.301780
3.162618
3.199575
