1000
0.453930
0.212447
0.857764
1.229668
0.337704
0.638963
-0.584361
2.268373
0.143129
2.713938
-0.629767
0.541594
-0.218186
0.283906
0.557777
2.083276
0.029727
-0.199248
1.287529
-0.672000
0.222402
0.010038
-0.736647
-0.430879
0.475999
0.693766
1.735641
0.535863
2.467485
-1.505242
1.274018
0.361490
1.136181
2.435176
2.199524
0.151044
1.096175
1.440633
0.626286
1.422744
0.350455
0.936876
-1.321882
1.617224
1.171761
-0.079259
1.605369
-0.044291
0.487009
0.663166
1.497295
-0.636360
0.031536
1.290655
1.476298
1.660398
-0.016094
0.105022
1.657546
1.216467
1.892100
-0.671159
1.458809
1.996601
-0.047908
-1.284941
1.385673
1.102065
-0.078875
0.301777
2.235134
0.385101
-0.948026
1.853361
0.115214
1.629963
2.694444
-0.788886
0.615544
1.260402
-0.172223
0.721560
1.830421
2.319658
1.711771
1.273000
0.816640
0.373986
0.756252
2.835927
1.134176
1.164655
2.083829
0.880874
1.229520
2.303234
1.212208
-0.421725
0.098206
1.391622
2.288836
-1.176922
1.500320
-0.068810
-0.112430
2.145703
1.378965
0.315011
4.281594
1.629365
1.939502
0.457228
2.513198
2.202273
2.346897
0.583203
1.976452
1.106224
2.445073
0.573560
-0.408127
1.766087
2.147777
0.578666
2.325005
1.506251
-0.256596
-1.110971
2.850832
1.810469
1.470269
1.729709
2.593079
2.353485
2.286878
2.192601
0.942630
-0.096779
0.675306
-0.339221
0.773055
2.058677
1.181287
3.047581
1.177104
0.954429
0.097402
0.937309
1.894359
0.889716
1.654278
2.003014
1.557937
1.280950
1.220065
0.190047
0.699056
1.541358
1.901705
-0.882922
1.332605
-0.704074
-0.834544
0.435906
3.188435
2.507529
1.367040
1.299926
1.093244
-0.907455
1.479713
-0.009210
-1.375743
-0.931587
0.171446
-0.376655
1.864380
0.246137
1.942233
1.773195
1.326928
1.346873
2.068412
3.067708
0.294242
0.953005
0.628339
0.570836
3.012077
1.385760
0.442894
0.595944
0.147098
0.457921
0.124634
0.910409
2.017268
1.509289
-1.485980
0.814752
0.241588
1.410926
2.109490
0.544459
1.397902
0.716480
0.854347
0.692396
0.936783
0.732414
1.260583
-0.638062
0.273004
1.461628
1.110021
1.943503
0.462883
1.030687
-0.527316
2.605088
1.190363
2.158177
0.890256
1.315279
1.392643
2.520068
1.295724
0.650524
0.117084
-0.096575
-2.286421
1.375020
0.761809
-0.099531
1.270668
1.848955
1.932378
1.447694
0.878040
2.056738
3.037382
1.957334
-0.090551
1.981580
1.768759
0.917637
-0.069990
0.863797
0.678717
-0.818497
3.349918
0.758757
0.783782
0.733311
0.678069
2.249533
2.219711
1.676766
0.946032
1.640152
0.204070
2.762046
3.087486
0.881872
1.025139
1.415071
0.745582
2.577074
1.553282
1.402138
1.526283
-0.959024
0.956309
2.034367
0.989013
1.891497
1.905015
0.778614
1.926746
2.046602
0.468107
-0.597865
-1.005088
2.517782
0.511123
1.006736
1.349135
-0.039095
0.891881
0.432802
0.495854
0.908806
0.287479
0.472963
0.934887
0.233278
0.349606
-0.087629
0.891365
-0.010749
2.185504
2.028659
-0.580583
1.008330
0.669418
1.054290
-0.185906
-0.092933
-0.393067
1.092536
0.705279
1.717231
1.693955
1.825958
0.416061
2.374560
-0.124733
1.962633
2.141258
0.376243
2.113628
1.012763
1.130943
1.068972
2.208459
2.291275
0.134098
1.799503
0.321364
1.149194
0.443105
0.888644
0.392170
1.088285
1.102252
2.091808
2.183040
1.178240
1.402110
1.658097
-0.977704
0.456568
0.696985
1.722897
-0.644185
0.449524
0.327266
1.669741
0.586218
2.801076
1.391932
2.858213
1.665142
0.043369
1.163914
0.943434
1.463303
1.249378
0.581240
1.324434
-0.199394
2.591649
2.564728
1.583360
1.692692
2.119882
1.319953
1.755123
1.726650
0.614510
1.717635
0.855493
1.157715
2.145976
-0.297924
1.039806
0.705636
2.015716
1.283981
0.236924
2.250933
2.465851
1.600755
1.346501
-0.122403
-0.316885
0.810727
0.791850
1.644527
-0.220189
1.390164
3.416582
1.110122
1.777176
1.022339
1.623082
0.998464
1.588660
0.655880
0.307555
-0.076143
1.332395
-0.319941
1.755273
1.912040
3.271922
2.763915
1.467154
1.525684
0.973277
1.683052
-0.574137
2.086529
1.926792
0.791066
0.241239
0.762970
1.543772
0.129352
1.994354
-0.884125
1.001694
0.488573
1.066667
1.051071
1.460963
-0.900359
1.026092
2.614276
-0.410678
-0.512094
-0.805748
0.812865
1.486008
1.691401
-0.142108
1.078221
-0.368052
0.414123
0.080329
0.128482
0.804148
1.545730
-0.466827
2.699991
-0.064881
1.118248
1.106712
1.279577
1.337087
2.633189
-0.493098
2.042121
1.833398
1.923871
-0.505503
-0.278130
0.971274
0.857755
-0.224229
0.770655
-0.112479
0.449106
-0.264550
-0.803988
2.147216
-0.237047
0.735895
-0.176933
0.162130
1.014905
0.462341
1.022627
0.039613
1.616864
1.589303
1.598955
3.027542
2.624408
0.989932
0.724706
1.782944
0.328288
-1.302170
2.272822
1.109963
2.207042
2.341158
1.444075
1.064916
-0.107805
0.428361
0.825415
0.879865
2.160386
-0.173837
1.068365
0.864605
-0.667645
2.262200
1.377537
1.271974
0.775053
-0.453261
2.527989
-0.941530
0.449072
-0.052234
0.493504
-0.134533
1.445103
1.677417
1.129298
1.166465
0.569633
1.029527
1.212452
2.133697
1.522738
0.198147
0.255037
0.929833
1.601948
0.149541
3.068864
-0.218027
-0.542073
1.658746
1.995298
1.322723
1.737903
0.370052
0.270593
1.431550
-0.328808
0.193452
1.381602
1.134443
0.759625
1.336982
2.334832
-0.156743
-0.414349
1.589907
0.380275
2.244465
1.104910
1.274626
3.100866
2.565498
0.722126
0.630920
-0.432522
1.848698
-0.448578
1.242977
-1.488737
1.646241
2.974100
1.577245
-0.037555
0.043437
0.679202
-0.158581
-1.509200
-0.479753
1.014108
0.818107
0.504435
1.917471
1.954346
0.742999
0.729677
1.250992
-0.568213
0.776014
1.035298
1.601150
0.291694
0.996356
-0.086848
1.133978
1.418410
-0.386465
-2.561142
1.944979
0.685046
-0.114912
1.374289
1.011141
2.149321
-0.202449
0.604246
2.026835
0.259762
3.369895
2.770998
-0.002057
1.494528
2.154803
0.483491
0.062869
2.160072
1.822827
0.687662
0.910963
0.697641
0.673438
0.859093
0.028077
-0.463863
-0.196246
1.235480
-0.783391
0.962386
0.203088
0.818616
1.817944
1.780638
0.289820
2.242932
0.994071
2.831494
2.087826
1.342661
1.728229
0.298696
0.984362
1.771097
2.297660
2.360812
-1.646120
1.376838
0.850029
0.852805
2.539189
2.042247
-1.523666
1.356743
1.267774
0.056764
1.414887
2.565901
1.750695
1.445115
0.205266
0.368303
0.187450
2.490838
2.633890
0.174816
0.921368
-0.199005
0.122649
0.940554
1.181669
1.233331
-0.220943
0.617759
1.040973
1.975490
1.228161
1.816072
2.143774
0.615945
1.074650
0.798457
0.285683
2.233389
0.955988
0.709765
1.699434
-0.383743
0.731991
2.863378
0.654720
0.575547
1.773057
0.431608
-0.330884
-0.522412
1.317523
0.911001
1.342904
0.556781
-0.757804
1.728355
1.385609
1.342106
2.143691
1.618932
0.554892
-0.006419
0.371714
1.196181
1.580231
-1.585827
-0.012904
1.577983
1.451400
0.473244
1.577738
1.581701
0.378470
1.293213
2.345275
1.077437
1.241892
1.965662
1.604752
0.694783
2.312506
-0.306918
0.578000
1.440483
-0.073967
-0.004560
0.828564
1.488874
1.045444
2.736713
1.183960
-0.183935
0.491649
-0.062501
-0.018701
2.762565
0.098538
0.867781
-0.228514
-0.386570
1.732338
1.624301
2.267800
-0.366044
-0.567778
1.239549
0.554969
2.795516
0.427643
0.258814
1.878889
1.161738
1.571828
-0.046255
-0.867798
2.477724
-0.126471
0.970874
-0.527541
0.049368
0.690753
1.995312
2.494935
1.222471
1.336912
-0.226313
0.312610
1.146409
1.435225
1.962111
2.840129
1.757364
1.789789
2.254552
0.520844
2.415532
3.706008
2.837910
0.413087
1.654776
-0.435514
-1.705653
1.365212
0.494673
0.209338
-1.206166
-0.301380
0.024702
-1.003235
2.657379
-0.537688
1.994798
1.723349
0.360763
0.546276
0.245797
0.310678
1.468098
1.617026
1.193235
0.256041
-0.764048
0.402230
1.316880
0.850497
1.571815
-0.229177
2.458354
-0.133962
0.695338
-0.186466
0.831495
2.012117
1.376136
2.421946
-0.306642
0.870931
1.109188
-1.123251
1.337203
-0.287590
1.271361
0.195475
2.139535
0.984782
-0.298072
1.188433
0.298322
2.197490
1.989428
0.780230
0.969899
0.789120
0.760150
0.969447
1.534414
0.916160
2.644836
0.133564
1.059975
1.959688
1.166021
3.279046
0.870463
2.971595
1.547347
1.439105
1.461457
0.524554
2.232749
-0.262622
2.456604
0.633828
2.422785
-0.611771
1.604054
0.140416
1.825460
0.702497
0.251302
0.500123
1.565225
0.178567
0.426067
1.622193
2.340163
0.596656
0.724980
0.898780
1.643408
0.932080
0.899939
1.608864
0.780138
0.664314
0.975641
-0.037824
0.637509
3.369793
2.116078
1.587745
1.463793
1.213613
1.713152
1.901615
1.287332
-0.773833
-0.124094
-0.084139
1.448269
0.774617
1.956743
0.103656
0.413238
0.523650
1.083156
2.951698
0.193023
-0.201691
2.091421
1.267351
-0.934450
2.504437
1.888503
1.071241
1.499749
-0.653477
-0.136076
1.472493
0.567737
1.161513
1.280643
0.009720
0.253709
0.724027
2.107681
0.914167
1.914644
1.310952
-0.091061
1.724445
1.819081
-0.098699
1.486063
0.779095
-0.295449
1.349278
-0.319550
-0.216080
0.366104
1.848585
1.656008
2.444637
0.695913
0.800730
1.248739
1.874904
2.047636
1.112915
3.650853
-0.271972
-0.090069
2.913269
1.593680
0.706363
0.300492
1.224638
1.742984
0.792590
1.120455
0.957761
0.894116
0.533422
3.569305
1.746243
3.267232
1.004649
1.025683
-0.143378
0.478678
1.399069
0.119558
0.744250
1.383632
1.306032
0.523358
1.153916
1.107039
0.602742
0.516600
-0.062607
1.895758
2.139244
-0.147023
-0.254367
0.309002
1.364765
0.851060
1.693118
-0.068039
0.480056
1.060891
0.790453
1.081389
1.447610
0.620156
1.455064
2.415768
-1.458288
0.779336
1.598733
0.796419
-0.300911
2.337532
1.427449
0.903201
1.736954
1.669686
1.052861
0.783970
-0.633057
1.419990
0.923403
1.518833
1.119933
1.059672
0.663571
1.954838
2.403601
