1000
-1.351225
1.485328
0.995417
1.690218
0.966080
0.413527
1.074301
1.099377
0.267506
0.716185
1.442805
1.295589
0.937597
2.133234
2.272342
1.508561
0.568924
-0.179037
-0.800617
0.776081
-0.610812
3.735548
1.731306
1.430577
1.288782
1.579036
-0.257611
1.073800
1.816146
3.569400
0.980594
0.935183
0.422096
0.885708
1.420221
1.838723
0.403175
0.279814
-0.191023
2.184226
0.753207
1.964852
2.518705
1.104593
1.526455
0.156883
0.902442
1.099139
0.077792
0.362862
2.674091
-0.046127
-0.868075
0.013503
1.009531
1.100468
1.912861
-0.970531
1.224484
-1.162408
2.923267
0.771286
1.808084
2.214882
1.160055
0.038179
-0.817017
1.498831
0.685094
-0.049076
2.388327
-1.117395
-0.022219
0.798134
1.324992
1.885958
2.656502
-0.572915
1.611617
2.156068
0.965298
0.963909
1.302325
1.949341
-0.025058
0.149638
2.722217
1.767002
1.038258
0.194382
-0.050594
3.198449
1.155656
0.424223
1.677724
-1.378731
1.130143
0.989271
-0.036759
0.608469
0.786702
0.655619
1.034672
1.868539
2.578137
1.293440
2.246503
0.216404
0.285015
1.777958
0.611301
1.917931
0.448886
1.504325
0.554616
1.167860
1.421431
2.565702
1.153658
1.342988
-0.879171
0.747578
0.393719
-0.831102
0.561849
2.999424
-0.225885
-2.106060
0.653079
0.435953
0.203394
-1.065869
0.966975
-0.296329
0.627386
1.270106
1.825781
0.674253
-0.601159
2.608255
1.661354
-0.366794
1.444817
-0.511876
1.798044
-0.484640
2.400633
1.072168
-0.075810
1.667042
1.964856
0.196266
1.231367
1.911820
-0.234355
1.807679
2.177461
1.252486
1.567841
2.842955
1.631954
-0.809793
-0.294793
1.297330
0.691480
-0.206163
-0.558117
0.625481
1.503438
0.281427
0.799865
1.990045
0.075678
0.637338
-0.560547
1.673385
0.562375
-0.373134
0.020974
0.945906
2.720920
0.751384
-0.403803
-0.388941
-0.023331
3.720212
2.422959
-0.477427
1.520466
0.557738
1.035022
3.007529
2.382361
1.329957
0.965952
0.182328
1.411684
0.050019
3.223435
0.757148
1.311017
1.421210
4.151335
0.884989
2.143842
0.750198
3.139489
-1.861281
0.798905
0.144776
1.561013
1.438792
1.385336
-0.153964
0.579742
0.385958
0.963631
2.020080
0.345059
0.978929
1.194547
-0.429919
0.691598
1.602363
1.767675
1.918957
1.835616
-0.223286
0.330156
0.557763
3.169687
1.811615
-0.174518
0.736449
-0.144855
0.093405
-0.173937
-0.674429
0.714849
1.252753
1.241825
1.619427
0.323389
0.970097
1.142751
1.472570
4.222968
1.653944
1.145773
2.248848
0.612997
0.929076
1.568561
0.879426
-0.846008
-0.173796
-0.736889
0.624830
0.852008
2.981536
1.589857
3.017454
0.217470
0.213158
0.516924
-0.510788
0.637398
1.373902
0.218813
1.001816
0.507496
-0.424860
0.680606
2.345105
1.322603
1.766476
-0.352336
0.376376
0.040487
2.648096
1.610166
1.212980
2.000457
-0.008327
0.786872
0.200794
2.364653
-1.662975
2.181892
1.355328
1.287777
0.679044
-0.565656
1.103811
1.653235
0.317264
2.048977
2.320765
0.133599
2.433076
1.964057
0.679121
0.956517
1.745124
2.290983
-0.315893
-0.390678
0.228043
1.002306
0.955910
0.006198
0.952141
2.363622
0.831341
0.620795
1.578446
1.672481
1.269800
2.352664
0.822227
1.569144
1.373135
1.783303
0.596640
0.383437
1.444664
0.147511
1.113931
1.145908
-0.922411
0.114862
0.823875
2.651455
3.164550
0.292989
0.428112
-0.745716
0.480183
0.874320
1.460285
0.265515
0.955294
0.259502
1.554009
1.536504
0.520910
2.296036
0.055536
-0.010175
1.090246
1.644639
0.179628
1.527413
0.208731
1.333723
0.307907
0.781355
-0.658727
2.150887
2.221793
1.562002
0.222984
-0.116357
0.292657
0.353266
1.769745
0.286995
2.018829
-1.016076
0.768472
0.012042
-0.129700
0.982114
2.043767
1.477714
0.681700
0.360803
0.131566
0.503615
0.363585
2.880117
2.018451
1.700784
1.705554
1.887722
1.218550
0.778074
1.353289
0.612604
0.094854
0.141482
0.679882
-0.752597
0.524830
1.108885
-0.285398
0.405539
0.522337
0.720753
2.178110
0.645374
-0.530632
0.164787
2.253406
1.536961
1.367628
0.992006
0.614512
2.815044
2.446797
1.708767
-0.917473
2.671646
1.143121
1.246908
2.007567
1.856119
1.254336
2.031512
1.776101
0.643939
1.430260
1.207393
1.527867
-0.577096
1.151477
1.577130
1.620983
0.330200
2.034808
2.534363
0.777937
3.133010
1.159402
2.709133
2.076704
-1.367886
0.873886
-0.085694
0.563387
0.830996
1.708686
-0.742015
2.116651
1.066507
1.133703
1.040484
0.934765
2.521501
0.163505
1.789566
-1.013056
1.143016
2.132338
1.998858
2.012783
2.258052
-0.372352
2.748346
1.360286
0.873348
0.990661
0.649153
1.620009
1.841635
2.111007
0.445952
2.064106
-0.050236
1.047030
0.411884
0.871791
-0.003231
1.467561
0.562761
0.595859
0.008334
1.004708
0.105031
0.255082
2.206147
2.547819
2.082399
-0.132871
1.402584
1.013763
2.327900
2.096601
1.689598
2.039871
-0.302570
1.035759
1.598147
1.187687
1.180516
1.806539
0.086178
1.789240
1.638018
0.996805
0.911444
1.771177
1.690465
0.602688
0.802085
1.281133
0.846873
0.033350
1.095643
1.054763
2.008581
1.240900
0.658839
2.391893
1.163992
2.162987
1.359921
1.615325
1.302994
2.151958
1.963698
1.003179
0.399514
2.243123
0.788167
1.320338
-0.118877
1.858918
1.644365
-0.169398
0.376404
1.545892
1.803749
0.192035
1.255088
2.403588
1.600799
0.181727
1.073187
1.356065
0.956821
1.523660
2.220100
0.237778
0.991228
1.487827
1.530257
-0.122785
1.135075
2.324997
-0.284444
2.671858
-0.731388
0.845246
2.598526
-0.180101
3.061021
1.801081
0.379694
-0.842684
1.070495
0.388694
1.669594
3.016360
2.142806
0.565525
1.637192
3.058372
0.087894
-0.787596
0.696363
0.634225
-0.004981
-0.198923
2.374179
1.422592
1.382431
1.376630
1.974553
0.800113
0.150211
0.754691
2.904748
1.335041
0.701330
1.243792
1.443419
2.091755
0.579731
-0.305884
1.116119
1.597858
0.728775
-0.273782
-0.099300
-0.372566
0.947139
1.304157
1.264826
0.097987
1.069868
2.201999
1.379709
1.744989
-1.458704
0.991906
0.781721
1.767578
0.604148
2.200761
0.642194
0.251754
0.963640
-0.146930
3.106698
0.360609
3.192881
2.403115
0.456655
0.400782
0.788139
0.020214
1.367778
2.539612
-0.353754
-0.015334
1.113205
1.725255
0.189664
1.743461
0.613394
2.733732
1.554097
0.840770
1.499183
3.365561
0.383922
0.171772
1.200095
1.263027
0.254662
0.151589
-0.182683
-0.162754
4.001280
0.645103
0.731027
1.487932
1.990220
1.253035
1.567686
0.544528
0.630170
1.612587
2.040633
1.382771
1.205299
1.395980
0.460428
3.249541
0.546055
2.145166
1.408669
-0.169740
1.981194
0.658469
0.423453
-0.276704
1.710521
1.432012
0.860096
-0.212666
2.545076
1.412521
0.890401
2.661609
1.257793
1.496183
-0.637925
1.599551
1.982237
1.323187
2.001865
0.812742
-0.712758
-0.269816
1.524915
1.335320
-0.336205
0.397963
0.907914
0.062941
1.595518
1.983702
0.143727
3.018179
0.320380
1.240344
3.111897
3.030211
-0.407783
0.264994
0.349057
1.884200
0.314229
1.556620
3.232738
1.533567
-0.182943
0.599607
0.986339
0.673232
0.659965
1.992404
1.307863
0.431179
2.398808
0.235364
1.002091
-0.924358
1.838677
-0.204794
0.330347
-2.001816
0.534544
0.849207
0.586103
0.658439
2.302425
2.255077
0.620528
1.846394
1.551783
2.151728
-0.043612
2.503547
0.566611
2.565636
1.878292
1.481762
2.492013
2.725878
1.473290
0.761222
2.072823
1.732091
1.606790
2.245486
-0.284642
1.937609
0.591538
1.206677
0.331932
0.839062
0.140498
0.473494
1.043699
0.015184
1.163844
-0.127902
-0.560686
1.327683
0.420757
-0.665921
2.482331
2.465470
0.328930
1.760584
1.168029
0.040691
-0.181224
1.198512
-1.330891
1.693869
1.537086
0.480181
1.279585
1.125825
1.307049
3.369161
1.393807
2.120036
-0.335558
0.890041
0.395946
1.533140
1.623278
2.410389
0.931194
1.773416
1.823244
0.931748
-0.069911
2.191782
0.750603
-0.160673
-0.282336
1.277982
-0.477090
1.818568
1.283292
-0.201052
-0.616863
2.117746
1.955143
0.987526
1.701792
0.655342
2.159419
0.118805
3.001463
0.500084
2.690879
1.249830
-0.390136
0.476242
0.596757
2.918164
-0.122378
-0.915818
1.801345
0.394613
0.703630
1.246537
2.032676
0.640671
0.559588
0.500652
0.687524
1.779962
0.132355
0.882178
0.259773
0.918205
1.302221
0.643929
0.665881
1.223852
0.521185
3.788864
0.431377
1.420395
2.139120
0.372601
0.392132
-1.458484
0.855921
1.311339
0.215451
1.698287
1.392120
0.965274
1.180180
0.629987
1.701494
0.282840
1.043420
0.310612
1.347792
2.432513
0.143890
1.299126
0.024825
2.528286
0.136576
0.896313
-0.792133
1.064198
0.367238
2.391684
0.609252
0.730281
0.500697
0.136039
3.173631
1.883374
0.072942
0.468764
-0.542252
1.091508
1.393706
0.537791
0.667289
1.201882
1.331515
1.578808
2.401312
1.629763
3.212813
2.553755
1.853317
1.212753
0.361266
0.459732
0.481105
2.621671
1.402029
1.934429
0.249833
1.585389
1.329708
1.611605
1.092247
2.281068
0.678926
1.295101
0.479063
0.682561
3.060993
-0.520927
-0.967040
0.198278
1.827256
-0.198191
1.246683
0.299035
1.465512
1.977573
2.794526
1.239467
1.420502
-0.132481
1.682841
1.148840
0.198618
1.034946
0.526331
1.489684
2.197575
0.367177
-0.464428
0.936802
2.022724
3.186158
1.795012
0.932542
2.109788
0.827584
1.115938
0.290887
0.930155
1.169041
2.140242
0.605891
1.069360
1.702067
0.576746
0.720702
2.204199
1.042742
0.964263
0.346799
3.316347
0.721137
1.030959
1.644598
1.072130
0.679047
0.768508
2.914195
2.616098
0.133491
2.053131
0.683929
0.180108
-0.297121
2.458098
0.228496
1.536944
2.751244
2.228783
-1.086127
1.649093
1.819842
-1.201831
2.273260
0.109035
0.403077
1.575418
0.650214
-0.481719
1.994020
0.885086
1.655105
-1.313027
1.041117
1.542794
-0.180271
0.293076
1.524116
0.268114
0.974706
-0.160448
-0.300991
1.519141
2.541320
2.382856
1.204691
1.723994
3.361925
