1000
0.250104
0.607033
0.725964
1.071310
0.284334
-0.297328
0.818246
1.183203
1.888820
-0.983954
1.398956
1.192952
0.741727
0.913499
0.088008
1.210007
-0.588899
2.025798
0.025490
0.182226
1.427824
0.653022
-0.497314
3.114154
-0.377607
1.819716
-0.439360
1.451356
1.142309
2.737998
-0.034170
-0.691022
-0.596918
-0.440477
1.767260
0.977001
1.659744
0.583608
0.005432
-0.161130
2.061950
0.404461
-0.816683
1.032890
0.156445
0.840109
0.711630
-0.872128
0.679897
-0.286576
2.278364
1.274252
0.329657
-1.047919
0.580304
2.944094
2.241851
0.114014
0.299867
-0.945843
1.440272
1.318501
1.594672
0.422538
1.334467
2.049067
1.224087
-0.113727
1.786360
2.553544
0.333136
-0.355021
0.907014
1.152899
1.531595
0.264017
-0.069669
0.533161
0.262805
1.325464
2.486865
-0.144344
2.037989
2.028430
1.513936
0.044100
1.102739
0.901412
2.300445
1.074782
0.216138
2.880088
1.499904
1.556633
-0.585545
-0.584792
0.888757
0.261538
-0.215146
0.211267
1.815857
1.144773
1.277450
-0.755851
1.655218
-0.437102
0.694222
1.641662
2.097304
0.947371
0.636775
1.732040
2.593918
-0.165646
-0.571296
-0.088166
-0.161464
-0.218842
2.513354
1.490828
2.072625
2.878670
0.434810
0.371834
1.125234
0.497657
0.203639
-0.767287
0.758506
1.330476
0.615224
1.323297
1.504168
-0.469865
3.820001
0.933533
2.359090
1.022826
-0.027543
1.191670
1.479198
-0.098383
-0.114902
0.973731
1.807181
1.030750
1.965020
1.912930
1.399722
2.615833
2.203394
2.862373
2.154527
0.514406
1.091733
0.402345
-1.888224
-0.108853
0.651637
1.333665
1.725780
2.547262
0.013966
1.490166
1.035849
-0.809181
0.543759
1.647384
0.404129
1.718631
1.490647
-0.170523
1.863060
0.627803
1.726823
1.219312
-0.312741
-0.268766
1.765752
0.839156
1.234673
0.148798
-1.453405
-0.465888
-0.066589
1.761087
2.883856
0.155983
0.696332
0.577350
0.100877
1.202409
0.555352
1.105732
2.603799
1.436364
1.550010
1.015866
1.502424
2.212008
0.341897
0.125681
1.757071
2.084607
-0.665617
2.797555
2.392048
0.734938
0.324256
-0.274579
0.376178
0.125509
2.354224
1.250245
1.413462
1.241360
1.043434
2.881952
0.802435
0.638685
3.145047
0.799235
1.566087
0.757155
1.077849
0.881231
1.464541
2.066501
2.073671
2.152334
0.430436
-0.350672
1.186659
0.190102
0.495518
1.723642
-0.181527
1.663390
0.349103
0.965007
1.177136
0.241534
0.647530
0.624052
1.438501
0.976813
0.774138
1.984393
-0.574739
1.160243
-0.304028
-0.752477
1.141693
0.975786
-0.685357
0.145784
0.432202
2.783548
0.095298
0.662737
3.134441
2.132367
0.282837
0.465367
1.343884
-0.136008
2.165775
2.777282
1.666984
2.510437
-0.596169
0.617633
1.727764
0.450588
0.692408
-0.295327
2.754422
-0.627198
1.824443
1.554744
2.131172
1.729895
1.718021
1.599309
0.512602
0.452742
1.330859
0.494194
0.498037
1.832801
0.143870
-0.091371
1.086321
0.117629
1.591698
0.306396
1.230180
0.183801
-0.440540
0.882136
2.046747
0.306706
0.966382
1.987498
2.602878
-0.045573
-1.006382
2.429084
2.160167
2.630116
1.122415
1.533677
0.453274
2.330452
2.600102
2.104838
0.212888
0.021904
0.146154
1.353555
1.072411
1.708704
1.899777
2.324466
-1.186649
2.222879
1.943254
1.303847
1.457535
1.616000
1.917579
-0.069257
1.441638
1.072310
-0.250196
-0.607946
0.190426
2.430664
0.635851
-0.007059
0.124067
1.682868
-1.091756
1.304553
1.609329
1.085445
2.138376
2.226372
1.730076
1.375625
-0.268532
1.245928
3.104997
1.502323
0.735869
2.130522
2.917242
0.796916
1.438583
0.317541
1.088705
1.384199
0.288856
1.390749
0.331531
1.214722
-0.130421
1.054663
-0.513841
1.965551
1.386636
-0.231788
1.384966
0.967841
-0.171183
1.670992
0.936011
2.181717
2.128880
2.749949
-0.065519
2.474443
1.239894
2.323157
-0.188038
2.931654
1.206767
1.125046
2.647734
0.693699
1.669166
0.336697
1.935944
0.551922
1.228285
-0.205204
2.211914
1.150176
2.402789
2.286110
0.945040
2.174081
1.763837
-0.918587
1.170324
2.242890
0.948500
0.417870
1.986854
1.061080
1.014205
0.363549
0.123283
0.193909
1.524139
0.841003
0.734651
0.603191
0.659500
2.437476
0.504572
-0.807354
0.765232
-0.738545
2.338914
2.055392
-0.615613
0.605391
1.245591
-0.036418
2.866717
1.229203
1.881164
-0.693310
-0.191590
2.728114
0.396058
1.893731
1.030487
2.056259
0.866351
0.354373
1.796768
0.164017
0.951402
0.797788
0.933184
0.972669
1.616986
1.549189
0.838863
2.130049
1.553845
2.030679
0.592957
0.512669
2.669966
0.310912
1.270641
1.788581
-0.212897
2.419405
1.706857
1.810713
2.466340
-0.342482
2.028225
0.760573
0.795460
0.681814
1.408534
1.065618
0.566127
1.497830
1.484793
1.909746
1.037473
2.553894
0.599628
1.755166
0.301380
1.898479
0.866879
0.430773
2.710076
1.307668
0.789589
0.381283
2.110419
1.551637
1.017695
1.584861
2.513584
0.656060
0.360024
0.157334
1.273651
0.094541
1.085851
2.044478
0.911469
1.459513
0.040585
1.717250
-0.294497
1.770211
1.900600
0.257721
0.190568
2.966106
0.476167
0.546431
-2.004919
0.950034
1.048219
-1.611863
0.893442
1.488229
0.648456
0.916325
2.083903
-1.477128
0.188177
0.510601
3.223938
1.150920
0.905591
-0.170084
0.730268
2.500944
3.009659
0.861814
2.091057
1.259531
1.459943
1.167803
0.463982
1.721970
1.607514
0.862231
1.768086
-1.305013
1.066630
0.226644
0.083954
0.356503
2.423623
-0.983525
-0.025087
0.430196
1.705016
2.330586
1.339606
0.197901
1.543783
2.008647
1.061888
0.533120
-0.175952
1.563351
2.498043
1.458692
0.905396
1.782296
-0.360822
1.438543
2.987513
0.264993
0.724682
2.168426
1.764285
1.118207
0.820309
1.149493
1.942292
0.168830
0.431051
0.815543
1.226727
1.510094
1.450660
2.148953
2.575616
0.014627
1.114773
0.737635
1.344843
1.053987
2.237169
1.428743
-0.976443
-0.258168
1.844965
-1.673230
0.817705
1.506130
2.488285
0.614523
1.537513
2.435338
3.129245
0.249836
2.211942
1.524715
-0.208540
2.569527
-1.190184
-0.397147
-0.651538
0.542661
1.463855
-1.756895
0.052665
1.684779
0.310610
2.868370
0.399401
1.680429
2.122274
1.036678
2.131223
-0.973952
0.761351
0.921574
-0.331412
1.002775
1.818887
2.176769
0.678311
-1.876070
1.097630
3.557113
0.358280
0.144550
1.164374
1.373082
1.888705
1.010460
1.130301
1.678126
2.124757
0.318381
0.893396
0.880931
1.040093
0.304120
1.322593
0.824794
1.321914
0.293742
0.272699
1.615667
0.293149
0.373021
1.326773
1.842706
-0.717740
1.176235
0.351115
2.205181
0.053542
0.857676
-0.214707
0.519472
1.088321
1.287875
1.038342
0.657182
1.073910
2.012847
1.880981
1.807553
0.091525
0.563948
1.860995
2.057060
2.466573
0.365556
0.642767
0.390921
-1.227251
1.588274
2.393364
1.814746
0.599732
1.960386
1.805358
-0.295926
1.489273
-0.288846
1.229636
0.975139
0.980521
0.424422
1.669008
2.130546
2.377075
-0.050619
1.877388
0.738426
2.168755
1.359420
2.877072
2.366981
1.969125
0.758097
0.996811
1.587241
0.337077
1.452280
0.333833
1.183499
1.155805
0.500401
0.232122
0.540658
1.609414
0.717213
2.792652
0.615003
0.140755
-0.500220
1.376095
1.663686
0.287365
-0.568334
1.358860
0.528907
0.431412
-0.164097
1.814730
0.166014
0.098318
1.907461
-0.435503
1.467462
-0.620808
0.455349
-1.508019
0.979783
1.447009
1.232397
0.937396
2.076567
1.296232
0.282319
1.495944
1.998069
1.092457
0.779356
0.563867
-0.232471
0.656187
0.827704
-0.749754
0.147890
0.208858
0.921463
2.123324
1.521708
1.984027
1.160002
1.406880
2.061831
1.864999
-0.379983
-1.315553
1.355703
1.561854
1.405138
1.267139
-0.528464
1.547390
2.330007
3.073925
-0.102929
1.782553
1.125224
0.009887
1.784260
1.362736
0.872804
0.157189
0.827856
0.236095
1.962104
-0.010462
1.271838
-0.686122
1.179285
-0.035065
1.004235
0.972358
1.350446
1.352517
1.338118
1.764114
0.485122
0.122558
0.333497
0.842896
2.151067
-0.121196
-0.146330
1.627918
3.472028
-0.056485
2.382516
0.165010
0.329429
2.129869
1.025315
-1.925527
-0.248291
2.876992
0.812112
0.933184
1.980663
0.808227
1.996624
1.597315
1.107221
1.026240
0.584564
-0.968617
0.822615
-0.318624
1.543958
1.412662
-0.701407
0.970727
-0.459523
0.893166
2.062025
0.757353
1.430897
2.267148
1.554422
0.894030
-2.823430
1.090383
0.730743
-0.421121
2.205078
0.883434
2.009050
0.513954
2.649046
0.743656
1.457857
2.198348
2.011715
0.941770
-0.428937
1.066546
0.632080
1.784318
1.321594
2.384111
0.551671
0.693816
2.317058
1.084405
2.115032
-0.269968
2.171794
0.810279
1.295148
1.146319
0.717956
2.162348
0.824653
0.608243
1.248195
1.566108
0.974614
1.106608
2.669617
0.182402
0.846716
-0.019412
0.903957
0.599564
2.763582
1.609752
1.128920
2.333693
3.412136
2.170972
2.726558
2.438351
1.954935
0.678917
2.591783
-0.029751
-0.189494
2.360455
2.075867
0.635285
2.552862
0.096227
1.008516
1.590624
1.807074
1.238293
-0.248460
1.315455
-0.807500
0.802809
-0.094598
0.489230
1.236502
0.616177
1.456536
1.601587
0.569458
1.628299
2.780187
0.769570
2.249397
1.080866
0.343139
0.042557
1.383027
1.200873
1.267987
2.271739
1.509735
1.712725
-0.084333
1.114714
0.897001
1.041747
2.397764
-0.517816
0.439843
1.970328
1.350902
-1.234081
1.062070
-0.501679
2.389730
-0.658377
1.145537
0.157626
0.330433
1.918908
0.821245
0.200259
3.449406
0.100508
-0.599839
1.374279
0.607564
2.437044
0.134091
-0.807908
1.148461
0.836508
0.677692
-0.662065
1.084570
1.355734
2.443958
0.609856
-0.430648
0.412393
1.483982
3.468140
2.064877
0.749156
-0.218473
1.484598
1.268338
1.120320
-0.415218
-0.326339
0.568050
-0.289911
1.229977
2.827016
0.205550
0.769352
1.523712
0.825971
0.772081
1.875620
0.935114
0.010880
2.014815
-0.552363
2.286334
1.805868
2.340255
0.416305
-0.773346
-1.823500
1.198783
1.765596
2.270291
