1000
1.638053
0.683909
0.565354
1.467148
-1.475908
0.273643
0.666409
-0.804601
0.947131
2.366217
2.031078
2.561118
0.397862
2.080564
0.612522
0.528380
1.296830
2.474859
2.382253
0.092533
0.902016
0.025718
-0.346184
0.720007
2.212484
0.792110
0.896085
-0.362574
2.169822
1.590977
0.286646
1.572445
3.515538
-0.179159
-0.013825
1.722057
0.383230
-0.402285
-0.186728
-0.118999
-0.542846
1.593555
0.006072
0.334983
0.219055
0.360931
3.401499
-0.275149
2.162604
1.950404
1.159548
0.449831
1.252844
0.801426
1.621351
0.189542
0.537148
0.380215
2.092603
1.003159
0.933272
-0.890177
0.411026
1.282488
1.563368
0.980228
2.402577
1.522827
-0.132198
0.966964
1.207756
1.962834
1.360946
2.059085
0.099681
-0.129469
2.668679
1.887623
1.781115
2.272255
1.011001
0.267879
1.865560
0.982421
0.735730
2.966221
1.886568
1.195874
0.654769
0.700498
1.238975
0.748010
1.180677
-0.080336
3.163220
0.837676
1.752781
1.786463
1.683626
0.839193
3.198702
-1.391176
-0.068950
0.405747
1.058751
-1.697061
1.586688
3.746609
0.509042
1.080163
2.259052
2.253725
-1.022675
2.245083
1.971870
-0.663043
-1.823800
2.880917
0.077779
0.745664
1.542528
0.374002
1.454283
-0.474250
0.702199
0.600161
1.339604
-0.217164
0.550147
1.012157
1.810350
1.358668
-0.038978
1.313340
1.703635
0.179550
0.410130
0.508492
1.683189
1.252957
2.183834
0.304709
-0.106722
1.447976
2.747704
1.731547
3.175651
-0.900752
0.521528
1.304983
0.735562
1.353355
1.827800
2.613696
-0.530014
2.116792
3.203603
1.189187
1.844678
2.478922
1.538611
2.346335
0.771135
0.770526
2.110906
0.611898
1.277395
1.116652
-0.195832
1.288403
0.099308
1.090978
1.089349
1.033343
2.576128
1.903688
0.231276
0.371508
0.855164
1.159035
1.226164
1.300632
0.053089
1.195859
0.332091
1.016939
0.521465
2.339329
1.126613
0.449357
0.672195
0.586287
0.649822
0.805479
1.526683
1.763311
0.410480
1.715646
0.302267
-0.042073
1.786030
0.043104
0.808675
1.402205
1.598905
1.055714
2.024833
0.673461
-0.323163
0.056706
2.171734
1.177705
2.034018
1.968595
0.364167
1.579984
-0.426264
1.752998
-0.053233
1.695171
0.108436
2.096039
3.141420
1.330360
0.913900
1.711120
2.539016
0.816995
0.267600
0.434965
2.340502
1.518020
-1.097144
0.690533
2.354989
3.451933
0.734184
1.475024
0.417088
1.452706
0.037338
1.223419
0.621228
1.503665
1.107632
1.361982
1.658821
1.556830
2.631903
0.768255
1.993427
1.992368
1.198185
0.718000
1.011849
2.012112
0.443916
0.087221
1.552180
0.634348
2.790826
0.661090
2.373219
0.623224
1.352488
0.444672
-0.701983
1.842856
0.685762
1.111565
0.564278
1.066570
0.811381
0.825982
-1.153214
1.329969
-0.579560
0.539919
0.191690
0.114903
0.627967
0.530750
0.163089
2.731698
2.064987
0.128086
1.440755
1.300490
-0.856526
-0.358139
2.782155
1.230963
-0.110042
2.694092
1.028859
0.582440
1.192821
0.846630
1.055142
0.631933
0.386883
1.025457
-0.191236
1.090743
0.448287
1.952362
0.720845
2.666257
0.928499
-0.597166
1.103582
-0.230303
1.251941
0.883837
0.569977
-1.075567
1.148455
1.087669
-0.292288
1.484230
1.183430
1.305390
1.036765
-0.276663
0.939181
0.476794
2.817687
2.178603
1.857341
0.167701
1.795911
0.957859
3.117423
1.205508
1.815730
0.639891
1.374598
-0.253085
0.271666
2.769701
1.108488
1.645688
0.650522
0.715580
-0.331395
2.267169
-0.017626
1.519263
-0.198434
2.482074
-0.275152
1.072371
0.335216
0.973930
1.919811
-1.306079
0.668978
0.178892
2.397112
0.767912
3.241161
1.910891
0.753604
-0.816279
2.323625
-0.029320
-0.424087
1.436798
0.995200
-0.063949
1.272556
1.136024
0.324549
1.749633
1.920246
3.068276
1.029215
0.260575
0.675783
0.136564
1.724237
1.569188
1.630118
0.194657
0.143374
1.069332
1.362903
1.045246
2.037312
1.156563
1.120563
1.045030
0.580050
2.118111
1.374523
0.865460
1.235463
0.384794
2.304020
2.809540
1.881371
2.346521
1.638030
1.963881
0.548223
2.047081
-1.571142
0.655293
0.514617
1.489088
0.195291
0.699211
0.346739
0.873302
-0.841745
0.652349
0.909164
1.669793
1.648863
1.628629
-0.525759
0.193558
1.840748
0.572238
2.581440
2.561716
0.301680
1.080033
1.551031
0.981256
0.987252
2.356015
0.712177
-0.549909
1.805180
1.811989
1.228231
0.282097
1.024739
-0.091786
-0.321323
2.509359
1.679505
0.303228
0.481601
1.915754
2.552282
3.145981
1.131446
1.930702
2.679351
1.670046
-0.066965
0.640039
1.113534
-0.234875
-0.087431
0.801759
0.202710
1.918346
0.213543
0.031242
-0.513980
0.004115
1.171932
2.368470
0.567702
1.157281
3.283624
2.269204
-1.078886
1.563447
1.273154
-0.290744
-0.086936
1.578914
2.813173
-0.835597
1.827693
0.133182
0.283778
2.338718
1.583720
2.212636
0.118125
1.423038
1.829590
2.172533
0.487224
1.543841
-0.168508
1.172325
2.919461
1.316184
1.834811
-1.494383
0.662047
0.599385
1.106470
-0.631855
1.834900
0.946558
1.754682
0.442472
2.338907
1.278538
0.932378
1.414630
1.702768
0.169754
1.291479
-0.588013
1.264463
0.469813
0.252077
-0.184498
1.274337
1.568401
0.643940
1.787949
0.651050
0.934260
2.671620
-0.236433
1.573199
0.322639
-0.463322
1.614690
1.665401
1.262031
1.812072
0.737346
0.586766
-0.041039
2.251617
0.332268
2.015157
0.171998
-0.474661
0.420650
1.281209
0.905070
1.430539
0.170968
2.709842
1.809228
1.424552
-0.641954
1.073469
2.775392
0.667731
1.663706
-0.651319
0.695068
2.223895
2.609704
0.027703
2.044230
0.443514
0.462115
1.184000
0.152920
0.331312
0.823454
2.925473
1.623387
-0.233421
1.496476
0.296706
0.994653
0.317130
1.723707
0.770209
1.255847
1.286871
0.837722
2.481969
1.634195
0.619107
1.374317
0.218636
0.788507
1.555795
1.288404
2.583486
1.487765
2.143616
2.754499
1.119689
-1.216512
1.504743
2.259048
1.125012
0.466758
0.144202
0.454720
2.154122
-0.249572
2.852549
1.553218
0.895058
2.173196
1.823061
0.754646
2.085368
0.136268
2.035964
0.578586
1.215554
0.382767
0.382215
1.611002
1.559161
0.706868
-0.485228
0.498007
-0.370376
0.020394
-0.165351
0.282803
1.494267
0.442049
0.490398
-0.915610
0.495596
2.388499
1.129636
-0.527326
-0.765994
0.081691
0.080219
0.703197
2.167485
0.863093
0.645042
-1.104187
1.091976
1.254193
2.384565
1.726008
1.156783
2.663247
0.897422
0.217212
1.246396
0.324602
0.532718
-0.781625
1.478173
1.918275
0.627761
-0.194717
0.853852
2.276259
1.513649
3.009795
1.777140
1.089054
1.395750
-0.400139
-0.831976
0.144706
0.549172
-1.131122
0.971150
1.510946
1.519333
-1.342157
1.511031
2.593218
0.820944
0.597185
1.289484
1.413540
0.526567
0.671791
0.802272
2.232669
0.206000
1.634526
1.070165
0.915117
0.711475
-0.378814
0.888591
-0.845939
-0.765999
1.025853
0.593053
2.508455
-0.469055
0.986430
1.775070
-1.124514
1.034236
0.798793
3.354367
0.732340
2.771231
0.260200
0.999738
1.402695
1.759775
-0.636419
-0.544949
1.884822
0.359218
1.581248
-1.027940
1.995349
1.342217
-1.214769
1.842714
0.778646
0.430281
1.803603
1.269629
3.544849
-0.030519
1.164741
-0.470698
2.437705
0.415152
-2.047411
1.022577
1.219580
0.553244
1.197344
1.049796
0.114736
1.174204
2.006779
2.176564
1.098040
1.194594
-0.048534
1.720665
0.683217
0.529460
0.257408
1.351803
2.066976
0.754932
2.252595
0.515801
2.165961
0.507971
2.849624
0.608787
2.270893
1.240787
1.373516
4.161143
-0.524568
3.056692
3.590985
-0.590355
1.319526
0.575927
0.643440
2.159744
-0.085894
0.297297
1.333818
0.436074
1.401706
0.891283
1.527289
0.528190
1.065136
3.877537
1.443632
0.187609
0.074062
1.348343
1.241791
-0.014414
2.537134
0.694118
-0.608188
-0.232086
0.721360
0.793180
1.236617
0.857453
1.125689
1.849371
2.636502
0.932391
1.231283
0.086645
1.149809
-0.371997
-0.427116
-0.359982
1.942677
1.188322
1.261403
-0.123811
1.155067
1.357530
-1.078442
3.545560
0.759029
0.682206
1.448897
0.657259
0.964970
0.331061
0.030928
1.110318
1.256601
0.522430
0.992043
-0.424964
1.420550
-0.276583
0.903997
0.658366
1.666101
0.480515
2.113315
2.687717
0.304381
2.151114
1.061533
1.789223
2.123956
0.500677
1.690957
-0.243351
2.506754
1.009726
1.699986
1.284481
1.380814
0.859446
0.882675
1.557278
2.047826
0.829041
1.129004
-0.069158
-0.720330
2.349106
1.975254
0.662843
0.735262
0.866987
0.362729
-0.282239
-0.071994
-1.663060
1.176424
1.505466
2.682952
0.495233
0.642587
0.318339
1.981872
0.317585
-0.093238
1.210854
-1.110631
-0.072484
-0.277504
2.484117
1.573417
1.751713
0.475133
1.216267
1.628298
1.592365
1.606860
2.043318
1.872509
1.651760
2.419364
1.229299
1.699056
0.655533
1.352412
1.071302
1.240941
1.040610
0.545612
0.753589
0.699927
1.958048
1.603758
2.769225
2.418675
0.608190
0.444584
0.461114
0.597980
1.120347
0.478135
0.589603
1.325467
1.783870
1.978890
2.419778
1.057593
2.773162
-1.678586
1.156310
0.446281
1.485787
0.856814
0.811197
1.497247
0.877591
0.982245
0.025928
1.723215
0.188529
-0.276374
-0.992927
-0.328137
0.796533
1.208760
0.750458
0.618747
0.238452
1.679992
1.666929
2.104898
-0.307869
1.424010
1.840423
0.791527
2.259681
1.252140
0.635278
-0.793988
0.810209
1.275335
0.215842
-0.475160
2.650365
1.980824
0.938033
1.166593
0.942262
-0.686479
1.352696
0.399518
-1.302372
0.473410
2.225566
2.504773
2.015589
-0.583696
-0.017154
0.793916
1.758918
1.153180
-0.169846
0.588527
1.469885
0.753733
1.593954
0.425710
1.468497
1.120367
3.935660
0.227640
-0.472808
0.836081
-0.600238
0.275612
1.120371
0.852017
1.987133
0.043624
2.519583
0.271115
0.569588
1.593649
1.247732
-0.297499
-0.235788
2.982350
0.489037
-0.479086
2.004024
-0.911076
0.211250
0.826516
1.091093
0.965917
1.508296
0.387575
0.130017
0.542572
1.829447
0.838522
3.368997
-0.104846
