1000
-1.808545
-0.618278
0.266514
1.949153
-0.007046
1.743722
1.804511
2.648131
2.613257
-0.119195
0.462802
0.718351
1.220428
1.260747
1.603192
0.823660
1.751969
0.689056
0.383596
1.140833
0.713392
0.186688
3.218716
0.440470
0.267971
3.138825
0.017768
0.288390
2.635586
-1.411326
-0.264622
0.016811
1.911519
0.474859
0.071435
1.811239
1.580806
-1.850718
0.510561
1.379287
-1.024475
1.925244
1.190021
1.264860
-0.071967
0.024821
0.516022
0.682172
1.249832
2.406546
0.492204
1.667675
2.806761
3.008510
2.119444
-0.052009
1.811999
0.684591
3.317135
0.915996
-1.443607
0.747794
-0.771579
0.598584
0.773342
2.479008
0.714062
0.392396
0.097769
0.641316
0.877042
1.902399
1.987435
1.951489
0.232969
0.631464
1.420015
2.246108
1.122097
1.100681
0.984058
2.558596
1.659814
0.512299
0.126932
0.465707
0.050431
1.071196
0.572505
1.131935
-0.333285
1.749948
1.241198
0.833179
2.565210
1.542665
2.146501
0.259654
1.045822
0.736104
2.514512
-0.830387
0.950007
0.402807
0.050703
1.358062
1.732384
-0.155090
1.807570
1.579978
0.579573
0.626038
1.413601
-0.505099
-1.144439
0.732268
-0.517893
1.478638
-0.198952
1.001668
-1.073023
1.056786
-0.451967
1.226577
1.815535
1.491551
3.891750
0.037890
2.374163
1.231659
0.713057
0.522660
1.715457
1.177584
0.697632
0.649243
1.813843
2.829362
-0.462367
2.065176
0.668615
0.303567
1.884890
2.611008
0.546901
-0.533432
1.777689
0.877981
1.771807
0.662097
2.124727
1.080493
-0.360506
2.783027
0.286103
-0.315684
1.674650
0.772761
-0.532173
0.535438
-0.305746
0.468730
0.103504
1.131890
1.511936
1.153417
2.197804
1.053585
-0.478495
0.121298
3.669829
1.913656
0.338193
0.846319
0.065054
-0.190300
0.487578
0.804712
2.129479
1.477588
0.656071
1.959753
-0.108530
0.598788
0.461272
-0.375342
0.288351
0.611381
1.064448
2.153440
0.676529
4.570811
1.192961
0.101837
-0.674392
2.951518
0.841645
0.488547
1.256194
-0.035984
1.329152
-0.820958
0.860391
1.024835
0.860074
1.464374
0.235171
-0.422259
-1.149407
0.389430
1.902507
0.570042
2.499388
0.038514
0.118395
1.899364
1.165347
0.435425
1.144490
1.041763
2.468811
1.366033
0.096869
2.253953
0.088349
0.311684
0.656545
0.169355
1.841841
-0.466514
1.364973
2.174750
0.665386
1.006128
0.831937
1.380410
-0.863812
0.470431
2.237864
0.993964
0.066732
0.723827
1.507711
0.110110
1.450199
1.318269
2.199156
0.614263
0.059851
1.618884
2.803242
0.102780
3.062689
0.041893
0.543891
0.904385
1.867462
1.872499
2.054917
1.090211
3.689332
-0.311433
2.208097
1.620491
1.751407
-0.108874
1.034487
1.586023
1.276037
1.434382
2.331407
1.434481
1.235746
2.045269
1.170691
0.791652
1.671455
-0.251122
0.901793
1.350915
1.480441
3.481225
2.093800
0.607994
0.949435
1.348612
1.752166
0.889155
0.865720
0.163088
0.156458
1.748183
1.717044
1.295092
4.183342
1.739307
-0.799559
1.484906
0.679158
-0.462298
0.631063
-0.092532
2.203299
2.307875
0.748289
2.597582
0.885472
0.955399
-0.321735
0.161206
1.217433
-0.134156
2.195987
1.193113
0.452895
0.055395
0.827289
0.606083
2.179620
1.719619
0.873868
1.641387
0.562840
0.686777
0.144068
2.263927
3.271370
0.348431
0.166024
1.547997
0.447199
1.678121
0.131472
1.247199
0.320078
1.242689
-0.315838
0.298116
-0.485427
0.488993
0.312600
-0.952380
0.046698
0.589775
0.629277
1.915589
0.548445
1.548924
1.547507
-0.695092
-1.229469
1.307800
0.712554
1.308619
0.773057
-0.211525
1.726075
0.850472
4.001615
0.208400
-1.845600
1.489133
1.138275
0.066185
3.385169
0.268160
0.852655
-0.591782
-0.330187
2.077542
1.398825
1.025110
0.326623
1.494321
0.083633
1.314968
0.135999
0.438129
-1.005164
1.142454
-0.061175
0.397560
1.389483
1.361773
1.940558
2.311767
1.880357
1.443283
2.552435
0.759717
0.223720
1.365600
1.626563
1.624442
-0.402969
-1.726944
0.611126
1.596026
1.275628
1.951420
1.644131
0.475132
0.970543
0.165274
1.484654
0.562644
1.779120
0.836604
1.443790
-0.642588
0.554850
0.017421
0.942222
0.529902
0.529403
0.245429
0.786444
-0.746637
0.044962
0.799192
1.138936
0.561047
0.859963
0.184977
0.016624
1.349418
0.500836
1.619182
2.357674
2.503082
1.143671
1.243825
-0.169299
1.004460
0.797534
1.676646
0.388004
0.879922
1.649456
2.243682
1.327941
0.981608
1.156558
1.256073
1.626469
0.245697
1.913096
0.580503
2.014310
2.970890
1.968368
0.650391
2.262793
-0.510973
1.003751
0.357076
0.759745
1.817753
-2.059806
0.483023
0.345898
0.098220
1.434315
0.631110
1.483591
1.678880
0.508274
0.864556
2.040297
0.615970
0.585449
1.272835
1.471437
0.521506
-1.203574
0.641448
2.472760
1.205140
-0.121333
0.326001
2.004126
1.012192
2.074498
0.317653
1.006436
1.841549
1.093377
2.372228
2.187269
2.087233
1.269660
0.729359
1.986062
0.794048
-0.819278
0.184953
0.199516
1.464239
-0.636177
1.957410
-0.321121
1.188340
-0.174968
0.247693
1.087246
1.766235
1.150600
2.733445
0.913378
0.942549
0.176207
-0.083511
2.828051
1.655546
0.669991
0.315166
1.082532
1.359781
-0.156674
0.205813
1.668543
2.285102
0.908333
1.105688
1.790782
0.053811
-0.532313
-0.562222
-0.277841
0.106513
2.168216
1.560680
0.951654
0.591380
-0.843738
2.460244
0.221767
1.320049
0.431536
1.950988
0.913893
2.088732
2.345634
1.107646
2.306291
0.606161
1.155689
0.217142
0.534205
1.005562
0.865221
1.873864
0.672521
-1.148929
0.263979
0.946531
0.748165
2.792189
1.271621
2.101021
1.282264
0.881959
-0.272774
-0.625422
0.848798
2.289592
0.525900
1.075369
2.304956
2.176473
1.887058
0.332892
1.911681
0.432459
2.002495
3.060660
1.638394
1.776883
1.681327
1.131306
0.510602
-0.275389
0.006425
2.016461
0.962503
-0.546002
-0.122914
1.516040
1.225091
1.938984
3.182710
-0.699008
0.793610
0.248898
-0.363515
1.681499
-0.111271
1.231093
2.829206
1.735598
0.263362
0.309235
2.165012
0.157146
2.797603
-0.103672
0.711215
1.282636
1.114457
0.103792
0.717675
1.458188
1.703914
1.278704
1.042000
0.814543
0.873041
1.446865
1.377283
0.022744
0.998361
-0.116707
0.213667
1.913107
0.148879
1.000668
-0.049230
2.335174
-0.540107
-0.146397
0.697592
0.878546
0.089341
2.597068
0.120476
1.449395
1.297010
-0.535810
1.585573
-0.164779
1.330652
0.193826
1.352941
1.656668
0.136880
1.182817
-0.862146
1.041795
1.674763
-0.748109
2.022158
2.428454
0.887961
0.867275
1.585566
0.801212
2.309218
-0.510241
1.611248
1.093421
1.515228
0.716612
0.391286
1.529525
2.431895
0.067432
0.726670
0.399816
1.063267
1.869374
0.791737
-0.205679
1.388421
-0.025454
1.060318
0.718020
-0.847726
1.790014
2.755854
1.024131
2.564784
1.204772
1.036047
0.445582
0.858714
1.828796
0.543506
-0.309887
0.844031
0.343233
1.390666
1.214843
2.245917
3.045490
1.124646
1.300019
2.519148
0.827559
0.520037
1.543071
0.908479
2.098737
-0.300192
-0.349686
1.784057
1.718251
0.060654
2.057727
1.980172
0.579170
2.160144
1.086752
1.626675
1.814280
1.906900
1.942011
1.494505
0.509411
1.131102
0.646137
0.947585
1.423200
1.134588
1.230793
2.079394
2.384977
1.629006
1.373063
1.770145
0.158624
1.165158
0.537138
0.488321
2.583941
0.958466
0.169602
0.810298
-1.199786
0.893688
1.722167
0.858447
0.883495
1.444648
-0.133875
0.977488
0.596631
0.044483
0.827230
0.835229
1.398149
1.649137
-0.493722
1.202308
0.290961
0.928712
-0.001652
0.447678
1.024226
-2.181851
0.237710
-0.637940
1.564658
1.535036
-0.126937
2.777678
0.522673
0.724003
-0.881587
1.585216
0.831669
2.231340
0.375280
-0.366147
2.178995
1.625502
0.733963
0.064579
2.934050
2.234703
0.146526
1.425139
2.619373
2.122497
1.277661
2.080318
0.236204
-0.174495
-0.304628
0.872729
2.758130
1.599287
1.856713
1.850921
0.850416
1.367678
1.761816
-0.362465
0.080329
1.588941
0.084914
1.628551
-0.214667
-0.413883
2.603822
-0.015675
1.021506
0.094545
-0.000394
1.951306
0.611952
-0.277722
1.635231
1.819355
1.041476
2.275446
1.329580
1.074297
-0.008374
1.131403
0.476014
-0.422158
1.800805
0.629915
0.627658
2.169474
1.502384
0.881169
2.185540
1.991298
1.768557
1.518195
0.327288
-0.726934
0.823518
0.377501
0.307667
1.460808
1.283264
1.569581
-1.649699
1.155615
1.467520
-0.156735
1.394927
2.130017
1.191457
-0.049828
0.396569
0.313472
0.395918
1.562307
2.399677
0.277206
1.504720
1.195195
2.201057
-0.682211
-1.081879
2.498827
-1.356664
1.036970
-0.248126
0.297945
1.126691
1.196895
-0.106469
-0.008006
1.277880
-0.251274
1.170623
-0.346021
1.781347
-0.552880
1.692882
1.278636
-0.378526
0.960246
-1.111841
2.626695
1.799934
1.864542
1.649808
0.284907
0.450243
1.147490
0.700676
0.581015
-0.302533
-0.436866
0.719614
0.562274
0.539494
0.829267
2.113123
0.624523
2.770266
0.988021
0.016658
2.348011
2.681705
2.594279
-0.140746
1.550583
-0.344741
0.824062
1.589661
-0.277182
0.546561
1.438566
0.809828
1.640257
2.413857
1.718848
2.486414
0.292582
0.211376
1.610492
1.441199
0.514236
-1.242185
0.558878
-0.107240
-0.054662
0.331489
1.661387
3.352591
1.611951
1.726571
1.808038
1.744083
1.208819
0.612417
1.585485
2.493513
1.223598
0.821225
1.614302
0.730314
0.468558
0.747292
0.120388
1.424648
1.932764
1.282316
0.935728
0.740035
1.361212
0.010150
-0.719168
0.445493
1.400324
2.109990
0.126083
0.904950
1.134573
2.256335
-0.508537
2.122169
-0.219034
1.171093
2.415074
0.780184
1.158117
0.290596
0.534877
1.282697
0.379032
2.329099
0.239412
0.647884
2.080112
2.658166
0.541586
2.527366
1.984755
0.141662
0.010000
2.451057
0.413395
2.800368
0.778629
1.683968
1.413073
1.516622
1.425800
1.622410
0.583041
1.395117
0.892269
1.057394
2.218335
1.330078
0.516120
2.197345
-1.177278
2.273084
1.499913
0.357431
0.083108
1.863473
