1000
1.791874
0.195217
0.774598
0.274590
0.565753
1.699505
1.104304
3.159014
0.898813
0.972885
-0.059515
-1.749383
0.513676
0.856210
1.205890
-1.442298
-0.269171
0.477654
1.430816
1.722638
-0.441154
0.913984
0.763863
-0.491419
1.125306
1.350143
1.700536
2.519773
1.933800
0.811398
2.776109
1.501193
0.766439
0.337585
0.834467
2.383707
-0.572570
-0.345819
3.161355
-0.308133
1.970729
1.015118
1.209130
-0.775353
-0.915610
0.984701
1.452572
0.165683
2.225770
0.735255
0.349358
-0.757525
3.047048
-0.511345
1.606836
3.097200
0.761843
0.455342
2.425851
2.900672
0.529843
2.466188
1.085850
2.093481
-0.073816
2.146108
1.660325
0.916158
1.557392
0.862085
0.768673
-0.848096
0.159827
1.941514
2.857457
2.314896
0.829237
1.083866
0.635127
-0.052125
1.348456
0.605577
0.964642
1.510039
0.408145
1.852404
0.386417
0.417074
1.176231
1.970439
-0.134992
0.531524
0.771322
-0.204333
0.691592
0.654510
1.840222
0.539860
1.867571
1.050831
1.844442
1.462445
1.154121
2.340986
3.334685
1.945313
0.685181
1.118744
1.910306
2.259927
0.729715
0.337832
1.108934
-1.463594
1.582784
0.912546
1.062951
2.027944
-0.213468
0.857125
2.459110
0.282998
1.279312
2.405223
-0.232361
1.228611
-1.208291
1.663258
2.429281
2.346007
-0.156488
0.424327
2.103431
2.775045
1.739227
1.257019
1.037504
0.441608
1.115062
2.218736
2.296587
0.965658
-1.009289
2.243977
2.107101
0.187858
2.519697
2.446445
-0.361259
-0.243584
1.763206
2.617039
2.692142
1.616652
0.596828
-0.604279
1.241526
2.102273
2.543732
1.778806
1.789919
0.614507
1.068290
-1.010656
2.335467
0.037535
0.224104
2.753177
3.153206
-0.392139
0.749729
0.484564
0.635841
1.107495
-0.201331
0.424252
-0.282497
0.122511
-1.269242
1.659696
1.710741
2.451744
1.333772
2.473990
0.726474
-0.040747
-0.961104
-0.001012
-0.356442
1.098878
0.804219
0.721266
0.385178
0.716145
0.688800
0.090038
0.051547
2.778278
1.055772
2.665046
0.405255
0.218626
1.446723
0.877593
0.964386
1.609467
2.618594
0.276575
1.712774
1.646116
0.063015
2.180390
1.511479
1.291635
0.571113
-1.205160
1.654231
0.717293
0.193602
2.397515
0.847478
0.633490
0.820660
0.143748
0.702388
0.615219
2.046946
2.296953
-0.089535
0.126837
1.499563
3.223667
-0.207867
0.464021
0.795658
0.997312
0.814779
1.295138
0.160485
0.129946
1.310365
-1.354361
1.379422
3.423984
2.419042
0.445491
1.113756
0.931416
2.189029
1.659854
1.693581
1.719157
1.022676
1.136609
-0.255571
1.968494
-0.360321
1.501102
0.566131
0.034455
0.757943
0.398974
1.547375
0.585961
-0.570359
-0.261128
2.610661
1.862063
0.299719
1.627986
0.514989
1.089681
0.754765
0.030328
0.742981
0.948981
-0.414949
-0.555790
0.922833
2.515297
1.561635
0.066618
2.900575
1.284215
1.010983
0.275316
-0.392741
1.247276
2.257880
0.523513
0.675734
0.341484
0.263115
-0.340753
2.030377
-0.542625
1.048211
1.248379
1.472800
1.749207
0.998172
0.865268
1.565419
1.646424
-0.064998
0.493361
0.149456
0.452519
2.363909
0.907905
3.062245
-0.233254
2.922605
2.921173
1.416639
1.735672
-0.850471
0.379497
3.389902
3.259951
-0.043956
0.516804
1.564136
1.193402
1.371880
0.922756
0.046281
1.758744
1.855775
2.040604
2.316791
-0.967860
2.394439
0.821561
2.407968
-0.299605
1.088435
2.328906
0.947971
1.596170
0.250377
0.989963
-0.830295
0.191197
1.572365
1.108380
1.385148
2.512992
1.153672
0.495939
0.695975
-0.720940
0.395555
-0.349134
0.097966
1.936038
1.508683
3.170785
-0.619748
2.038035
1.715743
2.261725
1.167730
1.025474
0.176546
0.870439
1.143698
0.046882
2.562963
0.586551
-1.661694
1.879293
-0.239691
0.743757
0.033846
1.947734
2.642432
1.416611
1.385986
0.586903
1.399828
0.693015
1.651312
2.512616
-1.367766
1.072069
0.870979
1.509871
1.600461
0.275725
0.010799
0.251808
2.780124
-1.573525
0.788476
2.653278
0.911068
0.604533
0.751457
0.606855
0.901240
0.788336
0.480199
-0.500823
-0.035540
-0.100583
1.452683
1.107784
1.300616
0.712240
1.252968
1.968460
1.078212
0.775233
3.142306
0.738010
1.454877
1.687134
1.238348
0.210379
1.935329
0.479064
2.828166
1.367740
0.440240
-0.573127
1.484501
0.790888
0.235898
1.481044
2.242965
1.221518
2.943670
3.561406
2.189015
-0.367024
0.858865
2.188934
2.084547
3.627223
1.224840
0.790183
0.333847
0.230270
-0.286685
-0.164679
0.394612
2.885268
0.311590
1.106003
1.287314
2.245882
0.206124
2.154220
-0.720420
1.506773
1.972903
-0.536118
2.472115
-0.764567
-0.662855
0.251904
0.858995
2.094570
1.281096
-0.191378
0.894218
0.787137
0.735773
1.255187
1.095941
1.584685
1.567296
1.485551
0.184621
0.791174
1.656499
1.107653
0.212857
0.519146
1.429876
2.649458
1.590074
2.368927
2.218003
0.816894
2.475039
1.432155
2.764273
0.389565
0.989035
0.952126
1.264515
0.043901
-0.367480
1.866623
0.188879
0.150150
-0.332264
1.878182
0.949125
1.387286
0.813349
1.005404
1.230716
2.647812
1.422345
1.916583
0.893381
0.620104
2.025687
0.698168
1.058313
0.919815
2.197083
1.505043
1.724060
1.856598
0.270202
2.054451
-0.171056
1.011812
0.724829
1.267760
0.352379
0.897050
2.137078
2.548998
0.768725
1.034164
2.211330
0.447531
-0.381137
1.435437
2.218350
1.781444
1.507492
0.677041
0.935354
0.153539
0.065849
3.366465
2.626523
0.448530
3.153858
1.513101
0.831577
-0.364561
2.259492
-0.462359
1.654202
0.786701
-0.414300
1.571175
1.289893
0.164414
0.658511
1.553655
1.338957
1.351255
1.004574
1.060208
1.191161
1.860855
2.254059
-1.488410
1.413181
1.894496
0.605757
1.758996
1.506745
2.199311
1.252069
0.333648
1.472552
0.190355
0.503105
1.248249
0.884784
0.063549
1.375683
1.257917
1.769061
2.114607
-0.108501
0.087443
-0.010295
1.506961
2.976981
1.049502
1.885992
0.125462
3.043106
1.602549
0.373531
-0.068473
0.391655
0.620672
1.727759
0.315238
1.476040
1.636564
2.533027
1.583415
0.879002
0.068515
0.126073
1.799207
1.667480
0.834887
2.418439
1.718318
1.959525
0.393208
1.714277
0.751599
0.752026
0.130115
3.502495
1.049207
0.769994
-0.257690
1.321283
1.512268
1.029621
0.800995
0.269757
2.306596
1.175977
1.443993
0.915743
1.361904
0.717054
1.298862
-0.340631
-0.919501
3.026518
0.203007
-0.084809
0.496001
0.220537
1.521830
2.433871
1.223001
0.619210
0.099655
3.136214
-0.229480
2.367366
0.304807
0.256107
1.572744
-0.508786
1.344746
1.678270
0.156622
0.781514
0.811119
-0.691035
-0.968286
1.818121
3.081687
-0.095028
-0.356344
2.275095
1.914611
1.280127
0.802911
1.876888
1.792061
-0.333541
2.289896
1.824440
1.255468
0.519639
1.541045
0.845344
0.147696
1.755395
0.377358
2.124868
0.394086
-1.535115
0.386149
0.480929
-1.387116
-0.074971
0.163273
2.207157
0.115103
1.558023
0.509562
0.396158
1.744115
1.363081
1.960733
0.652520
1.299241
0.879329
0.283950
1.693913
2.012898
2.010056
0.020457
0.644625
1.418875
-0.703211
1.313828
2.623715
-0.435845
1.070770
1.371861
0.661046
1.430509
-0.258082
3.306643
0.768443
0.376945
1.874984
-1.367665
1.263276
0.462287
0.337596
1.662629
0.567364
0.831131
0.745590
1.631218
1.880686
-0.660935
1.944150
-0.087816
1.164546
1.933194
-0.632136
-0.575480
2.116332
1.781333
2.557970
1.417134
1.897409
2.861616
0.190442
1.023898
3.321088
-0.307618
-0.362663
-0.823744
1.383626
-1.275645
0.119196
1.133917
1.177832
1.961603
0.574648
2.074799
1.812862
0.234235
2.321788
1.665345
0.113566
2.425262
1.199533
1.401096
0.326045
1.409432
1.986905
1.391853
1.596929
0.445641
0.979156
1.741665
2.081125
2.686856
1.267898
1.188872
-0.076070
1.551384
2.374772
2.446479
2.468104
0.415052
0.963176
2.228492
0.999830
0.699203
-0.015089
0.828527
1.850166
1.821412
2.009501
1.050347
0.619669
1.392965
0.817933
-0.443836
-0.629961
1.433699
0.493042
-0.151024
3.162036
0.573788
0.274035
-0.010239
1.928782
0.348687
0.953075
0.985997
1.081702
2.234929
2.391957
2.641227
0.171810
0.108798
1.356415
-0.248500
1.403484
2.650579
0.554729
1.717464
-0.246742
1.710156
-0.008364
1.263939
2.025491
0.240117
0.806517
0.721598
0.448283
1.980090
0.401522
0.221814
-0.562472
0.771485
0.143935
1.661164
2.904278
2.186850
-0.446804
1.536868
2.325468
1.091233
1.838830
1.074124
0.390716
0.530795
2.141049
0.577789
1.920896
2.406986
1.611663
0.500955
1.034871
3.475901
0.476500
1.448641
1.520357
3.295486
1.018449
2.741896
-0.410909
2.462388
1.370896
1.313563
-0.228271
0.011987
-0.179877
0.489458
3.095247
1.201049
1.552060
2.985368
1.540805
2.147793
1.252014
0.490066
2.422437
1.723674
1.597155
1.551671
-0.875843
-0.718379
1.505186
1.185508
1.351701
-0.235864
-0.652345
1.621250
0.490910
2.381439
0.344958
0.162567
1.180507
0.642729
0.960028
1.903989
-0.205249
-0.013465
0.983606
0.352006
-0.156486
1.583113
1.795861
1.249034
1.083463
0.853290
0.649596
1.786490
0.543123
1.018571
1.720523
0.654457
1.374565
1.183812
1.322016
1.458091
1.897669
0.842896
0.355584
0.155607
1.453830
-0.910312
1.608865
0.730311
0.178629
2.438824
1.062525
-0.013232
1.107940
1.270846
0.642046
1.440498
1.222580
0.664698
0.997770
-0.197065
0.759298
0.831740
1.378606
1.090753
1.862724
2.199492
1.306506
1.592758
2.607391
0.692391
0.192734
0.781558
1.088394
0.852865
0.661701
1.629767
2.201363
0.577323
0.280908
0.722993
0.327260
-0.155039
1.270220
-0.801866
1.380439
0.428506
-1.305917
0.276283
1.907401
-0.116756
0.716243
1.471838
1.664161
1.968429
-0.237372
0.532751
-0.712928
1.161728
-0.004486
2.831476
1.448368
1.495032
1.636024
2.101930
0.346591
0.993437
1.560631
1.187453
1.558600
0.739048
2.064288
3.667144
-0.682688
0.619752
0.605904
0.663154
-0.548373
0.965187
2.062032
-0.208358
1.207311
-0.638181
2.214608
1.001685
