1000
2.686352
1.072690
1.399807
1.416124
0.099888
-0.718750
0.279473
1.815522
1.611812
1.280298
2.145823
-0.154861
1.081989
0.640520
-0.307070
0.336282
1.394688
2.040760
2.103122
0.942932
0.572858
1.884091
1.140853
-0.100238
0.783709
0.108400
0.390080
0.200626
2.916479
0.693315
1.754971
0.099613
1.311109
-1.100452
0.514426
0.266264
0.244473
-0.978860
0.967759
3.045646
-0.064367
-1.885444
3.110565
-1.403110
1.009835
2.378774
0.601012
2.777142
-0.345649
2.145121
-0.906184
1.482662
-0.976149
0.984631
1.416924
0.550572
0.577692
1.304245
-0.453422
2.226480
2.612089
0.646774
0.196278
2.223824
0.593036
1.772659
1.816820
1.273573
2.948882
1.048676
1.281529
0.493569
-0.042801
-0.287215
-0.143165
1.387228
2.000714
0.421728
1.289947
-1.408204
1.411049
1.285986
0.281264
0.603267
0.407324
0.816955
0.254629
0.232031
1.392209
2.259128
1.746514
1.721653
3.569426
1.208569
2.281351
0.651666
-0.859282
2.011372
0.424663
0.039763
1.520606
0.473201
1.051839
-0.334260
0.537606
1.282358
0.839993
0.894100
1.002457
-1.158731
1.856051
2.770527
1.003917
0.751439
0.640703
-2.405090
2.533821
0.626027
2.611496
0.228488
-0.564950
1.415959
1.131155
2.767455
0.405319
-0.231925
2.052656
-1.508143
0.500372
0.438138
1.744333
0.755979
1.073037
0.666480
-0.258108
-0.376905
1.818475
-0.087461
2.425067
-0.782646
0.819606
2.899887
1.281139
0.102829
0.294567
0.170354
-0.576916
1.799238
0.811884
2.797844
0.404987
1.406830
0.753348
1.798797
1.315671
2.318028
-0.137259
1.090083
-0.112399
-0.670561
-0.204544
0.724732
1.988992
0.843291
1.037985
1.385554
0.668660
1.753897
0.621526
1.994357
-0.699725
1.244297
-0.324686
2.593550
-1.037405
0.688410
1.882928
1.402016
-0.581023
3.344347
2.398912
-1.271996
1.525483
0.910609
1.730764
0.316545
0.676215
2.176248
1.094318
1.232096
-1.072591
0.205387
1.375865
1.519940
0.913986
1.550380
-1.060233
0.141429
1.544778
1.477927
0.876853
1.844632
2.134753
1.594763
-0.397647
-0.011469
-1.278746
0.207472
-0.714145
2.566403
1.056986
0.286902
0.550284
0.687452
1.016423
1.804242
3.185611
-0.033757
2.651790
-0.107037
-0.701652
0.658802
2.301428
0.505490
1.247974
0.053483
1.470680
-0.403209
2.735011
1.434504
1.748004
-0.739521
0.424612
2.125204
0.643040
0.874617
0.441762
1.374556
0.127434
0.711886
1.327236
-0.543439
-1.177344
0.621458
1.137067
0.426387
3.082309
2.751073
1.932818
0.964515
3.430861
1.108326
0.008113
0.580720
0.610906
1.822576
1.854300
1.685046
0.704266
1.648866
-0.335751
0.263197
1.719579
-1.221847
0.368567
1.086469
-0.790916
0.114619
-0.698627
-0.484003
-0.381248
0.644520
1.970101
2.119937
1.829261
1.013696
-1.074718
0.271856
1.072113
1.214908
1.943090
0.829743
2.033614
2.356225
0.913362
1.883613
1.107055
0.367499
2.028769
1.802243
0.665260
1.503097
2.175008
0.092034
1.729824
1.121637
-0.296831
2.169240
1.262284
-0.652240
1.784740
1.444850
2.787935
0.491307
2.073432
0.691299
0.175236
1.603760
1.775292
1.373144
2.914406
1.027216
-0.323811
1.657784
0.036487
1.158469
-0.041348
0.855480
0.868989
2.158639
1.683887
1.486541
-0.095454
2.210287
1.872981
0.508433
0.651429
0.408277
0.425632
0.356946
2.103935
1.689712
-0.383065
0.365932
1.908616
1.751269
0.103861
-0.226675
-0.017525
1.701446
2.529864
1.570071
3.499847
0.691634
0.850564
1.136256
1.350400
-1.118251
1.726204
1.401517
1.456814
1.122843
1.501731
-1.548985
2.162499
1.738781
0.243842
1.331469
2.117310
0.871874
2.428436
2.384400
2.496111
2.595087
-0.204214
0.154687
1.569262
0.944924
-0.884556
0.579744
1.631119
1.208108
-0.449691
0.072118
3.266174
1.568131
2.101636
0.722640
1.560828
1.862506
2.250136
1.371878
1.363687
1.409795
0.930141
1.836739
0.205629
2.836551
-0.178820
0.459330
0.272337
-1.352210
1.703251
0.324423
1.410313
1.955443
1.872478
1.750705
2.361793
0.968702
0.761427
1.212355
0.149689
1.124761
-0.087589
1.178384
0.102986
0.285155
-0.345423
0.250910
0.055911
1.499839
1.150036
1.710647
1.150901
0.958080
0.948698
1.064903
2.219737
1.151026
1.297837
0.720693
-0.574845
1.244103
1.183009
0.358988
-1.784305
0.084029
0.941750
2.490706
1.642168
0.770698
0.625103
0.829560
0.294232
1.998576
0.170382
2.037356
-0.425783
0.167816
0.891279
0.968522
0.129604
-0.145678
1.312189
2.184660
1.957687
0.312497
1.393731
1.444874
-0.619498
0.390891
-0.525786
0.953944
2.193280
0.817569
-0.340079
3.182158
-0.617578
3.322963
0.097923
0.205639
1.532866
-0.838634
0.566538
1.585280
1.480491
-0.984013
1.858454
-0.213321
0.434718
1.815929
1.943498
0.536323
3.117615
2.393412
3.053367
2.961336
2.708841
1.821933
-0.640930
0.996035
1.949684
0.555335
0.722589
0.297941
2.672813
1.778914
2.376884
3.461603
1.727100
0.319318
1.339293
1.338801
1.796108
1.954538
2.817571
-0.120115
2.118097
1.057040
0.547290
1.551717
2.150867
0.044666
-1.136323
0.178442
1.481691
1.734417
2.419551
-0.055121
0.527479
-0.113112
0.663031
0.252352
1.030716
-0.690535
0.446252
2.212110
-0.184961
1.297984
0.888811
0.260383
1.936106
1.394120
-0.415131
0.466482
1.467726
0.388310
0.581637
1.146152
0.505427
1.665080
1.606972
3.312282
0.459558
0.682106
-0.223983
0.909214
1.263700
-0.001842
0.897276
2.178095
1.496939
1.049368
1.987316
0.448954
1.880338
1.447613
0.942455
0.890924
1.393216
-1.150853
1.189937
1.745569
0.265838
0.540977
-1.605694
3.313363
1.693449
0.902589
1.424206
0.898760
2.229023
2.202029
2.119211
2.311725
0.814614
2.686881
1.163438
-0.082622
1.195103
1.290163
1.584189
3.266767
1.178265
0.076556
-0.092784
2.342744
0.814035
1.072550
0.911899
2.156134
-0.672964
0.948070
0.045860
1.730282
-0.179324
1.073414
0.484771
1.237969
-0.350359
1.896311
1.288099
-1.349643
0.427814
0.071621
-0.501325
0.779631
0.256095
0.674734
1.711068
-1.691071
0.158918
0.074153
-0.042535
1.664131
-0.388404
1.223317
-0.257235
1.140946
0.361314
-0.141728
2.949439
0.219961
0.069440
0.074392
1.003268
0.205584
0.045473
1.350290
1.793576
1.414421
1.731580
1.158888
1.791532
0.568461
0.899725
1.877069
1.957268
-0.318850
1.146279
1.542010
2.401679
0.396768
1.680190
0.453466
-0.234128
1.655818
0.014049
1.677726
1.616561
-0.420407
0.167665
0.607422
0.586945
3.189501
2.337230
0.732527
0.483327
0.767980
0.300520
1.404351
1.626732
1.096637
1.122536
2.309682
0.577103
-0.548434
1.206213
1.329125
1.485989
0.500747
-0.236473
1.212114
1.840362
1.122815
0.227283
1.147208
0.747093
0.891238
0.611032
1.899760
1.158786
-0.592205
0.453382
0.621506
0.152982
-0.487284
0.839368
0.684630
2.481555
1.083988
1.512425
-1.466656
1.118762
4.258655
0.415018
1.949038
-0.262358
-0.570973
0.764287
-0.297376
1.788975
1.851079
1.113735
1.767847
1.202068
1.151019
2.297834
1.521494
2.168077
1.972614
0.894562
0.196256
2.026513
1.153771
2.162590
1.600288
0.254900
2.335689
-0.388238
0.501355
0.117241
2.370156
1.277295
0.983766
0.343153
0.088265
0.431980
-0.441970
1.260852
-0.583789
0.708658
-0.266060
1.952914
1.263817
-0.161565
2.131796
0.810230
1.227684
-0.652942
1.672274
-0.313606
1.536043
1.403992
1.790388
1.423256
0.767966
0.870378
-0.438803
1.123120
-0.548551
0.986703
0.866220
-1.305419
1.087307
1.070224
0.582649
0.126145
2.097825
1.686934
1.038340
2.657581
1.196298
1.456146
1.521002
0.264761
1.684655
1.231757
0.821488
0.792218
1.253430
0.318277
2.448204
1.335124
1.154010
-1.312962
0.144873
-0.892888
0.515527
2.643548
0.301473
-0.354685
1.129253
1.820386
0.961010
1.196976
-0.215147
0.759424
2.088647
0.689983
1.564583
1.662949
2.944766
0.492797
-0.422121
0.391400
1.468630
1.506054
1.547319
1.196022
0.609795
2.527357
0.741230
0.409286
-1.441239
0.885352
1.602213
0.552083
-0.177109
1.633536
2.057204
1.188743
1.434219
1.668495
2.110152
1.650342
0.076033
-1.249864
3.484012
3.655330
0.847886
2.672618
1.986080
1.714241
-0.350333
0.275532
0.336754
-0.333031
2.025515
1.893732
1.032780
1.333707
0.860379
1.918197
0.355052
0.196759
1.203748
-0.569378
2.483616
2.201417
2.195544
0.848152
1.585454
0.941345
2.794931
-0.139614
0.974062
1.583496
-0.062727
0.156334
0.291039
0.304371
1.373595
1.588527
1.577717
-0.797075
-0.559190
2.033354
0.569964
1.182883
3.186288
0.642022
1.212704
1.196006
0.381002
1.473085
-0.183311
1.107160
1.450204
1.427043
-0.763430
-0.162676
1.666826
0.311708
0.345372
2.228984
0.141141
2.010106
1.702376
0.941240
0.545296
0.385604
0.209624
0.828677
0.413363
1.901370
0.654831
2.024084
0.156849
-1.142118
0.673064
0.513754
0.605963
2.809460
0.240298
1.281934
0.818540
3.695185
1.584098
0.952361
1.037651
0.268490
1.852897
2.419543
1.160539
1.738525
1.211532
0.620398
0.942839
1.199689
0.883819
0.627494
-0.782522
0.769831
1.287701
1.934080
3.239754
1.361216
0.678234
0.925248
-0.052092
1.750856
2.147845
-1.377908
-1.054605
1.532356
2.870804
0.820963
1.249704
0.131738
1.609326
2.658232
-0.602826
1.303224
1.718128
-0.065292
-0.309973
-0.250609
2.130027
0.120447
1.307930
-0.058189
1.247181
0.402941
1.039357
1.609200
0.952888
-0.104022
0.877726
0.577994
0.207221
0.206327
1.541401
0.801269
2.808748
-0.219667
2.220621
1.556865
1.547738
1.184143
1.763446
1.078118
0.202418
-0.261085
0.843009
0.761022
0.260853
-0.015044
0.268705
1.212758
2.238062
1.398956
1.054297
1.804435
1.054662
0.472800
0.543503
0.682632
-0.737244
0.332075
1.750833
-0.001722
1.639105
-0.048182
-0.436662
2.149189
0.062527
0.482118
0.684029
1.415216
-0.888065
0.909554
-0.092908
2.896230
-0.884987
1.207407
-1.038536
1.584793
-0.864965
1.693517
1.756610
0.414565
1.517883
1.946609
2.577961
3.085056
0.940450
-0.384233
-0.127454
