1000
1.761175
0.794574
-2.591508
0.609675
1.223290
3.039245
0.304267
1.436784
2.155971
2.259798
-1.928432
-0.232892
2.635963
0.863275
0.268156
1.010340
0.215326
1.181435
0.819742
0.316404
-0.500273
0.240437
0.937205
0.475995
2.393835
1.524045
0.453582
1.569882
0.455791
2.695824
2.100808
-0.026496
1.423063
3.313747
1.692292
0.374150
0.674898
0.227782
0.075509
-0.791927
0.339772
3.386827
1.326735
1.377843
0.221321
0.144172
0.323293
0.639260
1.369387
1.478789
0.245681
-0.546443
0.311349
2.264459
1.739213
0.817546
2.015692
1.409176
0.436022
0.310762
0.407102
0.297551
1.104202
3.274354
2.783635
-0.657395
1.601182
0.887792
1.370187
1.938776
1.037411
-0.612023
0.340581
0.012043
-0.925075
2.867567
0.127268
-0.458105
-0.469253
-1.035623
1.502264
-0.883353
0.688084
1.856282
3.127602
0.339810
1.848419
1.995974
2.568801
-0.750007
0.979345
-0.012295
0.575458
2.255076
1.666217
1.389228
1.267736
2.220687
2.046408
0.077574
1.917584
1.289459
1.636314
0.738130
2.081551
-1.137421
0.245716
0.501365
-0.318790
2.689237
0.231525
1.153447
1.610485
1.430608
0.505335
0.966453
1.139397
0.456883
2.006759
1.382645
2.620599
0.542310
-1.270170
0.109702
2.739587
1.995416
1.352331
-0.339515
-0.109826
0.555110
0.002192
-0.179488
2.818552
0.497785
2.078696
0.931314
2.231486
-1.587487
2.269960
-0.009102
-0.369317
1.851827
0.575358
1.187786
1.722130
1.453443
0.398309
0.179750
-0.175382
0.886254
1.612736
2.252561
-0.087897
1.284302
2.076758
1.251099
-0.888841
3.165716
1.590130
1.330829
1.278150
0.017589
1.496668
1.653030
-0.021143
1.882349
-0.480082
0.219565
1.574571
1.800587
2.378009
1.369576
1.974945
-0.124161
1.695095
0.935744
0.925503
2.053946
0.183426
2.206051
1.880943
0.962715
2.013438
0.643912
1.332564
0.172630
-0.288614
1.205600
2.040352
0.526767
2.865638
-0.606850
1.256241
0.773677
2.087853
-0.267336
0.470728
1.834753
0.836671
0.928467
1.129611
2.072426
2.485523
-0.434395
1.167926
1.803458
0.787794
1.514798
1.515995
1.204469
1.472474
1.005908
0.195149
2.807449
1.257700
0.203188
1.430810
1.180728
1.107665
0.069521
-0.806115
2.066979
0.680559
1.433302
-0.748292
2.125141
0.511702
3.255406
2.127022
0.988691
0.564787
-0.084346
0.678277
1.900920
0.729056
1.444361
-0.714089
-0.102036
1.789669
2.113893
1.910885
0.335214
0.324679
2.074646
2.257560
1.196242
0.260384
1.473661
-1.534141
2.249519
2.075740
2.427562
2.268239
0.617764
-0.576959
0.993187
-0.609337
1.703600
1.612255
-0.495816
1.193904
1.085294
-0.044884
0.894761
-0.069103
2.308268
-0.229165
1.077176
1.915039
-0.012413
0.856676
1.535011
2.332562
2.574599
2.486163
-0.392350
1.068041
1.332584
-0.029872
-0.715779
-0.846201
-0.201142
2.774207
-0.122347
2.457571
0.786779
0.404151
1.754204
0.196953
0.962805
0.365606
2.249147
-0.347658
2.019523
1.445209
0.666193
1.521340
2.314517
-0.054508
-0.369915
0.886907
0.056990
0.789671
2.294361
1.702298
1.581904
3.698273
2.665477
0.425788
1.663805
0.513899
0.200669
0.597035
0.069637
-0.599917
1.935238
0.537034
0.910927
-0.929529
-0.865768
0.338439
1.246193
0.174446
2.285141
1.091033
2.547590
2.453927
0.011431
-0.856423
2.650178
2.304538
2.185593
2.678650
-0.257888
-0.209613
-1.311385
1.881443
1.897695
1.168826
0.571878
2.012603
-0.305659
1.160811
0.695688
-0.519987
0.782233
0.467669
0.363079
0.429490
-1.339940
1.739687
1.547304
0.981460
2.828134
1.669234
1.582672
3.044284
0.872633
1.759455
2.405090
1.402620
1.029835
0.998717
-0.023485
1.918501
2.496873
0.358684
0.427294
0.708344
0.593991
-0.237362
1.258572
1.052735
1.654831
-0.291290
1.540559
-0.234151
-0.196482
0.036408
1.977036
1.885191
0.160182
0.779100
1.675201
1.870690
2.563435
0.803789
-0.792519
1.045116
1.005531
0.023583
1.486325
2.559637
-0.553554
1.085625
0.152337
1.005033
0.605350
0.075584
1.589600
1.200521
0.844581
-0.795832
0.958009
0.067616
1.210817
-0.361127
0.932881
0.819211
-0.252487
0.921291
0.418085
1.856290
0.454923
2.633627
1.391573
1.522154
-1.412058
0.204455
0.277008
-0.069674
-0.368548
0.971104
3.007055
0.879692
1.466080
0.279155
0.848700
2.078849
1.142815
0.802987
0.494325
0.165363
1.195650
0.711556
0.032425
0.362561
0.162538
-1.142682
0.417270
3.143393
0.682450
1.558823
1.069481
1.992496
1.460346
1.816064
0.443951
0.668214
1.159990
2.043081
0.018790
1.911094
0.164352
1.580440
1.162277
0.885385
0.469228
1.846703
0.726513
-0.002274
-0.295128
0.498745
-0.532142
0.515628
0.134245
1.346867
0.454510
-0.993225
1.017597
0.600608
1.217144
-0.195866
0.779491
1.721117
0.723831
0.163813
1.899368
1.409982
1.088468
2.262008
0.800156
2.130310
0.957683
0.781302
-1.223031
1.874332
1.086131
2.386173
2.033317
0.803267
1.505573
0.389877
0.716612
0.948385
1.158844
0.109342
-0.280654
1.175083
0.362411
1.053939
2.174178
2.219299
2.419695
-0.462980
2.184548
0.721940
-0.225803
0.936961
2.218566
1.389487
-0.453357
-0.572107
1.215249
0.976265
0.773234
2.092371
0.056426
1.852213
1.525557
1.496172
1.982742
1.675118
0.260642
1.018113
-0.328522
0.504756
2.085728
2.073045
2.602507
0.521312
0.933683
1.379886
3.592317
0.451939
-1.125936
0.654962
-0.310181
1.453852
-1.691840
-0.150984
-0.558746
0.186269
0.961086
0.222944
-1.444038
-1.133544
-0.881892
-0.101799
2.577750
1.827126
1.273839
0.748190
0.967785
-0.265293
1.770043
0.904840
2.615763
1.497859
-0.501321
0.614966
-0.435192
0.749144
0.810825
1.003693
0.685789
1.531169
0.715992
2.064051
1.250099
0.551184
2.171092
1.547097
2.496211
0.415983
1.597733
1.377276
1.238146
0.262214
2.980370
0.579424
1.754318
-0.262197
0.484199
1.216764
0.179130
-0.123391
-0.770939
1.145580
1.212115
0.891168
1.932537
0.964083
0.792362
0.803496
0.910282
-1.014594
1.439979
0.972469
2.511570
1.091675
1.964857
2.038997
-0.780850
1.825544
1.560582
0.073141
0.919587
1.438801
1.141491
-1.088598
0.093575
3.506324
1.072424
1.004355
1.472642
1.592682
1.768956
0.994424
-0.498039
-0.440334
1.031592
1.165830
0.349281
0.433771
0.146962
0.506315
0.286076
0.020598
2.272904
1.203025
1.875167
1.221845
0.514990
1.691977
1.173415
-0.739167
0.236755
0.538274
-0.939726
-0.012722
1.480182
-1.066615
0.889588
2.854205
0.078577
1.313341
0.476775
1.743621
3.767805
0.096721
0.587645
-0.743867
1.655442
2.040336
2.622564
0.352157
1.054495
-0.066532
2.406217
0.286516
1.596855
-0.202875
1.946156
1.087542
-0.047080
0.473016
1.680314
-0.127735
-0.224546
1.237545
2.374054
-0.391349
1.874836
0.054615
2.016728
2.212684
1.659987
0.257419
2.519966
-0.047023
0.544168
2.043353
0.116797
0.330369
0.267303
0.027776
1.059976
1.339871
0.729475
0.900050
-0.319175
1.413489
0.925860
0.055858
-0.361535
0.721130
0.828998
2.053242
1.401009
1.421002
0.521412
-0.018887
1.244616
-0.586960
-0.270440
0.305095
1.312637
1.675135
2.290421
0.681143
0.297527
-0.764262
0.845443
0.823443
-0.943432
2.934542
2.909744
1.350276
1.459724
-0.466148
0.716229
0.849600
0.574498
0.244152
1.302125
0.637372
2.136432
-0.244549
-0.402081
1.910443
1.413726
0.481717
1.734417
2.034681
1.782202
2.306976
-0.085321
1.924635
0.058358
1.443669
0.879852
1.731302
0.050347
1.117736
1.326189
0.992882
1.458115
-0.455325
0.776328
1.886758
0.525624
1.681580
0.889444
0.201982
0.125060
0.457482
-0.876871
-1.230351
1.077166
1.749769
-0.279267
-1.001914
0.126196
2.354779
1.627242
1.426204
3.057808
0.943868
1.590121
0.591269
0.213733
2.332211
0.822879
2.575124
4.375574
0.141975
0.991366
1.899343
1.798074
0.064493
0.065347
1.231912
1.933508
-0.380030
0.628404
1.587616
1.553583
0.749748
0.460505
1.929182
1.007380
0.735734
0.837127
0.320395
1.976989
0.321425
0.257564
0.492408
-1.351560
0.807129
2.455966
0.867181
1.555780
0.500246
2.418741
1.036260
0.571783
1.764273
2.210520
0.724448
1.398552
0.305201
-0.824719
0.379294
1.325449
-0.190384
0.831207
1.037757
-0.020381
-1.283150
1.401662
1.633789
-0.881166
0.594477
-0.073033
0.565570
1.390048
1.444881
2.582516
-0.043157
1.800656
0.486266
-0.929420
2.215338
1.019435
-0.552081
0.716415
1.966150
0.616364
0.546119
1.622214
0.003061
0.557422
0.906025
1.666385
1.187815
0.750750
1.068939
0.295008
-1.293069
3.402139
1.297530
1.874155
-0.178647
-0.042151
2.100251
0.636480
3.088094
0.774240
1.137591
2.423018
0.619374
2.251866
0.437737
1.666321
1.140615
2.238183
2.100521
0.787753
-0.082627
0.476301
1.048754
0.844194
1.641300
1.658797
-0.080637
1.221130
2.819847
0.097090
0.910835
0.897494
0.813957
1.391694
-0.702977
0.605852
1.212072
1.521827
-0.512713
2.599132
1.558442
1.474022
2.487606
1.842362
2.315941
3.363175
1.001279
1.937486
1.498575
0.912434
1.615055
1.520889
1.254022
-1.350148
0.578606
1.540135
1.813841
0.306028
1.424522
1.657734
0.023767
2.563247
3.025998
0.337231
2.477726
2.244960
-0.847735
1.901105
1.112503
2.767873
0.803626
0.280575
0.145062
0.321758
4.163203
2.252850
-1.450440
2.794695
1.395813
2.165241
0.105106
2.210648
0.186831
1.082337
-0.054548
0.844394
0.969851
-0.387223
1.382591
-1.815224
3.363343
0.326858
1.305362
2.918745
1.936787
0.616898
1.416322
0.728931
1.073643
0.734517
2.495905
1.821097
0.534097
1.554175
0.563811
-0.201021
2.968737
0.672496
2.662871
0.452923
3.083241
1.077946
0.019396
1.372118
1.659087
0.042119
0.206869
0.486242
2.205717
1.021031
1.236459
1.309711
1.896565
1.708531
2.024039
2.928348
0.494163
1.223852
1.286683
0.666422
1.195329
2.261196
0.073701
2.700865
0.614844
2.382236
1.246330
1.874396
1.187972
1.038830
-0.196541
0.843923
0.704453
2.174140
0.417217
1.602868
0.772655
0.191525
1.637835
0.942794
