1000
1.307829
0.940609
2.334999
2.004875
1.722913
-0.022026
1.183331
1.345145
1.555331
1.816277
1.810533
3.061256
1.303309
0.492366
2.051148
0.951086
1.925205
-1.238288
1.137980
0.176523
-0.939379
1.734995
1.161982
1.339971
-0.528452
1.517418
0.500199
3.244806
1.232920
1.255415
0.925496
3.107897
-1.150720
1.450967
2.701946
0.054131
0.965620
-0.396475
0.903455
1.706755
0.148162
0.272363
0.642243
0.021605
1.897568
-0.034277
1.628107
1.286466
1.493167
1.757064
0.706244
-0.001997
2.074405
2.132318
0.477055
2.479379
0.154642
1.395677
3.486237
2.806512
1.016325
0.117946
0.628458
0.861727
0.301617
1.247479
2.862469
0.983753
0.123534
1.835996
1.317818
2.033179
3.497733
1.583367
0.794138
-0.170530
0.731848
1.232001
1.873927
1.112314
0.586457
2.050383
0.093306
1.808832
-0.387604
-1.102985
1.463686
-0.622198
1.042281
1.572032
-0.014738
-0.014943
0.755547
2.269900
1.686722
0.201196
2.152527
0.596912
2.563708
1.717370
0.530857
0.726659
2.278247
0.169196
0.567672
2.389964
-0.994146
1.183421
0.171766
2.494378
0.866121
2.011521
1.499352
-0.777682
0.282900
0.143703
0.628831
1.376543
1.313359
2.136519
1.387867
1.172487
1.403044
0.209601
0.354981
1.152443
-1.994764
1.443796
0.242691
-0.086429
0.963086
2.145955
0.945811
1.552510
2.855824
2.234229
0.848433
1.928896
0.931022
1.782911
0.313878
0.654953
1.841660
1.504092
2.725011
-1.009476
0.356154
0.888182
0.999280
0.857947
0.630808
2.410308
1.293738
0.026030
1.951912
-1.369532
1.123291
0.649199
0.628676
0.146534
-0.496653
1.019609
0.648232
1.416632
1.335232
0.307238
0.862722
1.628057
1.662955
1.498990
1.609263
1.896896
0.405262
0.866674
0.616384
1.964321
1.269512
0.343780
1.057744
-0.420192
1.930680
0.526818
0.494263
2.871194
0.584962
1.272505
1.798553
2.432409
0.712506
1.165269
0.041050
0.621505
0.739757
-0.456591
0.782963
1.995505
-0.446777
2.588125
1.067508
3.026992
1.861121
0.199272
0.966856
1.888791
3.035911
-1.115379
0.376071
2.776383
1.778058
0.781594
-0.186292
-0.921659
-0.512442
1.235200
1.007781
1.164540
0.577757
0.627067
1.489471
1.188879
2.088751
0.270968
0.610345
0.814396
2.821434
-0.599357
2.727286
-0.900750
1.327191
-0.419448
0.816509
1.354050
2.129936
1.532383
-0.237276
1.410538
2.108071
0.541717
0.308275
2.938944
0.423388
1.774398
0.397636
1.596513
0.678677
2.269752
2.627479
1.197986
1.340166
-0.643787
0.968619
1.097419
-0.763192
1.650527
2.721168
-0.190623
1.620021
0.978713
0.241932
0.692555
1.071351
4.704896
-0.842985
0.287741
1.232092
1.643464
0.433916
2.523629
0.978990
3.168910
2.307061
-0.971617
1.200565
0.867342
1.761606
2.334263
-0.268155
2.346756
1.072917
0.212827
2.096088
0.501315
1.490375
0.868624
0.560885
1.546313
1.539733
2.778891
3.166940
1.047348
1.421990
2.655783
1.590308
-0.256261
0.993893
0.480179
1.970906
2.051241
0.646254
2.631230
0.074415
1.858411
0.670721
1.274131
1.972203
-0.554953
2.496510
1.029257
1.735683
1.710882
1.817427
1.102037
0.409264
-0.133082
1.132537
1.108515
0.217648
1.509256
1.781914
2.962124
-0.905231
0.806761
1.712599
0.802413
1.296882
0.834112
1.409867
0.631069
-0.137667
0.643434
1.002673
2.017603
0.895912
1.121972
0.353482
2.418632
-0.247916
1.192962
1.710325
0.615165
1.013968
2.164970
0.515926
-0.020185
1.158009
1.347215
1.149310
0.512638
0.834632
0.226316
1.512001
-0.161972
2.057090
-1.349030
-0.283805
-0.245998
2.507382
1.052914
1.473509
-1.207145
0.941663
1.374630
1.974912
1.118848
0.306607
0.396164
-1.385305
1.146081
2.288838
0.771915
2.932287
0.455114
1.617634
0.700139
0.838043
1.970138
0.028271
1.237625
1.195925
2.436218
-0.214295
0.715195
0.377524
2.074074
0.193383
0.215686
-0.069624
0.069406
-0.436233
-0.241060
0.551216
0.434225
1.394442
1.592526
1.715856
2.159926
1.216941
2.049277
3.027499
0.895177
0.953472
-0.407383
1.126840
1.397323
-0.003887
-0.013064
1.184182
1.324375
2.159823
0.434131
0.415769
2.965779
2.029690
1.983704
1.167375
0.988150
0.123468
-0.297588
0.559752
2.550069
0.508309
1.791462
2.080242
0.075036
1.576384
-0.050323
-0.297684
-1.267147
2.800114
0.573929
0.388092
0.033363
1.579337
2.324100
0.730891
0.134497
1.353036
1.700544
1.106050
1.954644
0.548464
1.449539
3.229279
1.824808
1.605849
0.849573
-0.291096
0.415396
0.717490
1.340718
0.235201
0.980353
0.960010
2.125422
2.913857
1.012368
0.242110
0.719334
1.536880
0.007969
0.211383
2.518465
1.845659
0.975366
0.576729
0.858132
1.143098
0.346477
-0.181912
3.782476
0.285616
1.017380
2.757924
1.768498
-0.068989
1.776136
3.048026
1.790393
0.647409
-1.480210
2.384744
2.828666
-0.271431
0.991060
0.406935
1.158315
0.233221
2.703569
1.085935
0.484390
0.177222
1.420480
1.865620
1.913899
0.816948
3.103551
-0.000004
0.474050
-0.805350
0.033828
3.214054
0.793210
0.924646
1.225906
0.385933
2.296924
2.390644
1.233727
1.616319
1.262637
1.680309
1.083012
-1.809227
-1.491689
0.594481
1.205897
1.024342
-0.348220
1.372376
1.389545
-0.118306
2.149479
0.950235
3.661197
0.776116
1.688591
-0.678832
1.600477
2.321536
1.000704
1.899837
1.944500
3.454486
1.997315
1.334264
1.779109
-0.232336
1.555718
0.940133
-0.575157
-0.140943
1.550729
-0.208119
0.610632
0.894894
1.178004
2.737246
1.514362
-0.016741
2.209506
0.985349
1.682357
1.526937
2.456370
0.997879
2.266025
1.822940
0.762567
0.357928
0.574210
0.018396
-0.526658
2.731001
0.814566
2.707733
0.606823
1.982479
-0.051019
2.040088
1.062260
1.780851
2.736198
3.090923
-0.176073
0.674614
1.533657
2.069677
2.125120
0.608796
0.015405
1.140475
1.630415
0.364959
0.712962
0.975413
2.061149
0.059333
0.778065
-0.402775
2.145542
0.399454
1.238862
0.197939
0.565134
0.012727
-0.222060
1.728875
0.538591
1.443092
-0.584804
0.852358
2.485504
2.017743
0.350005
0.444879
1.531478
0.047690
1.574594
1.438706
0.538876
1.415645
1.097333
-0.395983
0.744136
1.047954
2.046067
-0.826310
0.735434
0.489259
-0.359734
1.064728
1.529270
1.702923
2.016170
2.587492
1.941720
-0.222575
0.201636
1.533060
0.363580
1.330765
0.494108
0.011215
1.833156
0.329874
2.009263
1.777869
1.515158
-0.222202
1.022265
3.434147
0.227966
-0.061074
1.468178
0.734978
0.280790
-0.307954
0.317008
-0.899865
0.318739
1.027719
0.715954
-0.135008
1.310541
-0.225265
-0.198107
1.734101
0.814853
1.308598
1.915140
-0.855749
0.795332
1.490640
1.534887
1.273107
0.670306
-0.699887
1.274731
2.981854
2.229870
0.548910
0.491906
0.608967
0.360567
0.061702
2.315926
1.226731
1.634087
-1.657205
2.290503
2.223591
0.313400
2.447923
1.651429
0.280056
0.447481
1.897073
1.548006
-0.890654
1.561820
-0.735587
0.874778
0.332115
0.313999
0.027163
0.424869
1.728103
2.802782
-0.463079
-0.724092
0.612496
0.805395
1.081028
1.041712
0.010352
1.246481
1.735402
0.508037
2.512287
1.091727
1.402363
1.032119
0.612618
0.870440
1.847674
0.300956
0.389386
2.186486
2.480646
1.174198
1.442945
-0.215427
1.666735
0.597328
0.269507
0.289989
0.872097
0.837810
0.739896
0.517413
0.701141
-0.214180
1.012792
1.763161
2.949133
3.260166
0.376227
3.021964
1.482198
2.821794
1.922410
0.601706
-0.203018
0.895720
-0.760983
2.102806
1.946989
0.387320
1.393451
0.798541
2.157065
1.322181
1.046381
1.792067
0.369081
1.164057
0.499491
1.334050
0.598973
0.899017
-0.314045
0.980760
0.348670
1.545476
-0.071221
2.393839
1.524048
0.637590
1.079157
0.751450
0.524727
0.080804
0.161903
1.931260
1.471641
0.248413
0.296927
0.197526
1.306986
1.036776
1.488076
1.035532
2.406144
2.299539
0.589560
0.659968
0.472615
0.402887
-0.421808
0.686457
1.534820
2.361662
-0.409582
1.688386
1.263199
2.184241
1.646379
3.022134
0.943715
0.004481
0.581873
0.216273
1.883479
-0.987552
-1.550138
0.731151
1.386241
1.725234
0.551620
-1.360697
1.618470
0.690637
1.297617
1.126431
1.026910
0.329356
1.394810
0.696581
0.541246
-0.077577
1.034579
0.543906
0.816682
0.222409
0.942381
0.378894
-2.068075
1.541712
2.491406
1.016626
0.825439
0.354179
2.444902
0.286159
0.112894
1.740184
1.944908
-0.021864
0.207208
-0.203426
0.540842
-0.311640
2.376054
1.477714
1.961544
1.978583
1.279436
1.410517
1.708272
-0.508513
-0.430511
-0.689179
0.134168
0.754092
1.378078
-0.157361
-0.226478
0.250199
1.329194
-0.257085
0.205707
0.301384
1.527128
2.917907
2.180601
-1.032131
0.122743
1.285696
-0.347809
1.091778
0.578026
1.024152
1.396703
0.707022
0.516591
-0.600456
0.772967
0.244069
1.809398
1.692885
4.167609
0.147898
3.381446
-0.760200
1.962598
1.556156
1.691622
2.179930
0.532125
2.110159
-0.217380
1.438458
-0.395394
0.892569
-0.054167
1.958213
1.072296
-0.453013
-0.690417
-1.705014
1.370238
0.237752
0.548866
0.831030
-0.304633
1.401656
1.416856
-0.123735
-0.083640
1.059451
0.453073
1.343977
0.542051
0.148635
2.477419
1.238323
0.253343
0.906832
-0.628277
-0.370674
0.857479
1.210826
2.545554
0.658917
0.756179
1.683950
1.851484
-0.158382
1.145375
1.261288
1.223406
-0.160739
1.935393
2.792154
-0.501947
-0.426019
2.337194
1.338456
1.717525
1.353802
0.618938
1.320526
-1.142652
1.884984
1.429352
1.245602
1.254397
0.964269
3.145692
2.334189
0.079234
2.216516
-1.182526
1.112298
1.031721
1.527721
2.047329
1.131686
1.077107
-0.700847
1.495238
1.290246
1.946275
1.074114
1.316104
2.343810
1.040501
0.806884
1.569029
1.544786
1.690613
1.527470
0.681575
0.898822
1.452979
1.907367
0.969549
1.721699
-0.087973
2.299898
-1.627004
2.383829
0.376144
0.405939
3.146326
0.204539
1.607742
2.569418
1.585081
2.653851
1.396541
1.097009
2.155665
2.209482
0.808994
2.173942
0.341653
1.840196
1.969939
0.685559
