1000
2.633031
1.395786
1.746068
0.514340
1.049318
-0.014736
3.032202
-1.317160
1.522203
1.452756
1.716974
1.131306
0.588334
-0.311464
2.170540
0.681170
1.284712
-1.420886
0.527392
1.710264
1.327975
0.163827
-0.683367
1.797671
0.507142
-0.086836
1.061109
0.950797
2.189793
0.916744
1.629432
0.389791
1.447760
-0.039804
-0.256218
0.763486
-1.364896
0.300574
2.325610
-0.444639
-0.447561
1.539679
-0.240224
0.685560
0.392066
2.358049
2.005525
0.130051
0.093651
0.151544
1.198106
-0.286848
1.014411
-0.011928
1.281362
0.721346
1.495165
-0.364039
1.340667
0.808426
0.676921
1.304604
-0.438549
0.458404
1.764492
0.901543
0.999697
-2.413870
1.715440
1.070303
1.565578
1.541616
0.975875
1.069007
0.083923
1.499878
2.045597
-0.074457
1.688712
2.113158
3.185251
-0.645835
-0.105955
1.418483
0.474708
0.458526
1.685648
0.119081
1.942969
2.454207
0.958186
0.804568
1.638480
1.619783
-0.623658
1.208710
-1.369112
0.839064
1.597155
-1.062225
1.059474
2.987994
0.749092
0.542981
1.224236
1.052991
3.185773
1.664886
2.318581
0.061187
2.174530
-0.084373
0.953266
2.010518
2.744272
4.042327
0.377669
1.289097
1.546245
1.725496
1.651854
-0.408079
2.942702
1.001531
1.583071
-0.755544
-0.511904
0.726889
-0.013145
0.164126
2.327809
-0.739262
1.410311
2.015612
-0.347963
2.903712
1.319021
1.136890
1.804199
1.057748
1.772890
-0.226422
0.033177
-0.118121
1.442571
1.869231
1.600287
-0.202347
1.629407
-0.001196
1.209517
-0.024887
2.526798
2.755960
-0.918477
1.012643
-0.180374
1.221011
0.536947
1.532224
0.458456
0.739103
0.101416
1.071399
1.654299
1.216272
1.231983
1.080763
0.979739
0.138618
0.475386
0.323154
0.459600
-1.204633
0.467645
1.208457
1.215538
1.424440
1.804450
0.154533
3.640892
1.595277
0.086657
2.201765
2.053934
1.036669
1.748008
1.888141
0.769945
1.760950
0.858187
-0.666530
-0.935992
-0.538878
0.264372
-0.345771
0.742135
0.467115
0.868440
3.141557
3.039020
3.072581
0.894064
1.855687
1.364861
1.423558
1.162502
0.955538
0.554318
2.628275
2.497066
-1.802833
-0.005648
1.526054
1.272153
1.889903
0.557037
1.127385
1.729582
-0.543844
1.528000
1.011217
0.233679
0.801286
0.717642
1.636366
2.803627
-1.124566
-0.810593
1.884670
1.448859
1.182436
1.012840
1.285099
0.539857
1.015872
0.941884
2.245954
-0.615082
-0.588960
0.969726
2.342982
1.971811
2.159843
0.182074
1.568409
2.037859
-1.039884
0.957376
2.318590
0.845212
1.045170
-0.160924
-0.041386
2.088789
-0.046748
0.179138
0.953123
1.538879
0.863940
1.508217
1.865163
1.539272
-0.170698
0.322558
0.140225
1.819256
0.714705
0.668397
1.340005
1.659806
1.350858
0.251871
0.226155
0.427431
1.064128
0.869475
1.764239
1.273840
0.816384
0.163571
1.806811
1.059923
1.859496
1.919448
-0.015334
1.582638
2.372497
2.280105
0.162167
0.104937
0.617961
1.562226
0.443768
0.928657
3.239823
0.752171
1.204363
0.623857
0.639855
0.696045
0.979688
0.487618
1.220292
0.694243
1.287239
2.727912
0.680391
1.936205
0.974465
-0.509168
-0.179471
2.694089
2.421165
0.812047
1.212330
-1.274227
2.886210
2.359996
-0.637839
1.362926
0.642662
0.024240
1.854504
1.519417
0.377840
0.844568
1.093729
0.610649
2.136602
2.799825
0.902453
1.608130
0.240891
-0.635375
1.172668
0.230445
0.165071
2.745934
0.255532
1.750702
0.131378
0.627566
-0.712784
2.367570
-0.291991
0.183927
1.443967
1.138562
1.304492
1.929314
1.045957
1.833531
-0.889467
-0.461050
2.040347
0.653034
1.276013
2.434400
0.421670
1.235498
1.406565
-0.303687
0.260418
-0.460857
1.802512
1.330726
0.923394
2.340897
2.780650
-0.529168
0.321561
-0.700726
1.162447
0.819599
1.736288
1.955816
1.712570
2.019649
2.103066
0.744847
0.543605
0.760496
2.027309
-0.428770
0.276300
0.295804
1.717571
1.997402
0.813942
1.752019
1.356209
2.122518
1.926591
1.126197
0.796127
2.357775
0.980485
0.370806
2.189268
0.121959
1.477037
0.762931
0.379577
1.929654
-0.241914
0.699281
0.765331
0.579781
0.855334
2.032816
1.054835
0.772851
-0.076222
1.661015
2.541033
2.039315
-1.383500
2.845564
0.392736
0.847398
1.198791
1.181043
1.129621
0.965428
-0.138796
1.948117
0.011177
1.334526
1.338261
-0.513080
-0.238529
0.008374
3.713329
1.238978
2.877053
2.220198
-0.102002
-0.499999
1.916587
1.111501
-1.391007
1.925145
0.723578
0.575729
1.466572
1.612263
1.391779
1.815201
0.414581
3.467594
0.798278
1.702268
0.515817
0.811820
-0.584148
1.679149
2.036319
1.355345
0.240601
0.519979
0.253667
0.648910
-0.252491
1.938578
2.079058
0.526707
1.245049
2.436094
0.939629
0.930084
0.549593
0.792684
1.726114
1.766026
1.527738
2.326548
2.162298
1.155711
0.133435
1.129035
0.683441
3.589808
2.718061
0.186740
0.912838
-0.367203
2.349126
-0.348299
-1.284220
-0.187908
2.282706
1.599703
0.273025
0.115360
0.997790
2.088548
0.792330
1.206382
0.559268
2.625059
0.898674
0.916234
1.469229
-0.288347
1.860424
0.438158
2.113991
1.777879
1.278990
2.788065
1.426111
1.083261
0.673695
-0.633308
0.090465
0.927018
0.230831
-0.583335
2.976699
0.455489
1.417685
2.568512
1.269758
1.685291
1.706076
2.107508
0.452324
2.101612
1.483988
-1.346904
0.116263
-0.148558
1.544633
0.525779
0.827888
0.672312
2.610391
1.096612
0.048667
2.298583
1.623471
1.943017
2.386792
1.004952
1.920914
1.057097
2.157183
0.397443
-0.442779
1.798779
0.232413
0.494391
-0.049747
2.505486
1.084441
2.004106
1.418048
0.295758
1.766065
0.557677
1.697241
1.868151
0.392393
-0.215456
1.264930
1.144014
2.692911
0.819814
0.285698
0.462749
0.895413
-0.413842
0.875557
0.746725
2.399650
1.415204
1.653792
0.510353
1.689020
2.602272
1.521993
1.678083
1.657481
1.349319
2.875071
2.160277
0.436732
0.470727
2.199458
0.738703
1.830775
0.444959
0.797171
1.693928
2.989468
-0.521858
1.830495
0.205377
1.555867
1.045774
2.262196
1.629117
0.415282
2.431276
-0.770754
1.111810
1.205298
2.155880
0.555777
1.575103
1.817540
-0.458545
2.926514
2.404135
2.137400
1.062352
0.647837
2.302815
2.687785
2.535268
1.581319
1.828526
2.173227
1.196817
1.619238
0.558847
0.293951
1.840455
0.108745
2.551860
1.988674
1.740255
1.502657
0.562797
0.465973
1.256687
0.567620
1.788880
1.517433
0.008778
0.214118
0.670602
0.144730
-0.177920
2.298200
0.733562
0.860009
0.866740
2.065674
1.701401
0.908472
0.435263
-0.074636
0.753514
1.821332
1.864901
1.531349
-0.020150
2.322374
1.451169
-0.161539
2.360481
-0.480472
-0.921280
1.979470
-0.720986
2.101657
0.678171
0.914807
0.829222
0.609068
1.297469
1.838122
0.036063
0.941605
0.957864
-1.090100
2.039602
2.000117
0.223956
2.623166
0.174997
0.265412
2.132224
2.833322
-1.097762
-0.419933
1.593839
1.150490
1.116896
0.758987
0.572424
-1.009711
0.699321
1.359447
2.049074
0.010882
1.321274
-0.402861
2.328092
2.823579
0.847297
0.183272
0.405520
0.339878
3.499066
1.986383
0.547868
1.673358
1.866990
1.276821
-0.237801
2.594603
0.004830
0.733853
1.078280
0.697405
0.555977
0.031967
2.143459
0.207746
-0.156177
-0.029724
-0.492218
0.693488
1.399592
1.448139
0.249186
1.826304
1.103798
1.534769
1.096042
1.867721
2.069517
1.555812
1.338308
1.369452
2.617546
2.288884
0.143753
0.857063
2.251999
1.342673
2.117855
0.817818
-0.903953
0.976485
0.809574
0.676136
0.073742
-1.108494
2.502588
0.917900
2.319050
0.482278
2.138103
0.670915
0.313209
1.038553
2.558581
0.027871
1.784395
-0.117545
-1.529402
0.817983
1.201838
2.112206
1.944089
0.518382
-1.337959
1.433722
0.276105
1.113129
0.477652
1.716721
2.952336
0.943110
1.156668
0.509602
0.929657
1.313726
0.182497
-0.141015
1.816222
0.481411
2.106573
-0.682914
3.261828
1.378212
0.628408
-0.533372
0.531675
1.051925
1.079520
1.937859
1.719675
2.408189
1.918802
1.966514
0.545023
0.307395
1.013820
-0.504806
0.198604
0.291514
2.656137
2.567823
0.832861
1.690308
0.687269
1.043053
1.933745
0.747689
0.816520
0.467347
1.360773
0.378291
0.992880
0.255317
1.167241
-1.906262
1.637562
2.795093
1.597062
1.741113
-0.103333
1.881247
0.032947
1.096976
2.764217
2.910344
3.102862
1.856660
0.842874
2.376159
0.330753
3.130483
1.822042
2.285003
2.113197
1.595262
-0.579386
1.030742
-0.030485
-0.313493
-0.251609
0.169852
0.659078
-0.180996
-0.226291
0.483585
0.145047
1.445062
-0.533914
0.616523
-0.280973
1.710535
-0.273477
0.858026
0.542103
2.407194
2.936976
2.181934
1.387618
1.219017
2.743450
2.839933
1.117915
0.746330
0.654361
2.320312
0.221665
0.395286
0.671294
0.425243
1.194858
-1.558512
-0.508505
1.762237
-0.105312
1.866915
0.021967
1.495573
1.890602
1.107334
0.337892
0.440653
2.802935
1.226046
-0.239086
0.179392
-0.911245
0.811021
-0.260432
0.806854
0.921994
2.042498
2.131706
-0.122271
1.757425
1.435511
0.941534
2.334794
0.108318
1.340823
-0.664033
0.771000
1.998096
0.180025
0.908025
0.260105
3.335746
0.276681
1.692771
0.124010
2.031500
1.983308
-0.715009
-0.475331
-0.149998
0.316469
0.816477
2.095003
1.249935
0.990924
1.238633
-0.144458
-0.273908
1.309659
1.365459
1.321154
0.277481
-0.487136
0.612471
1.346104
-1.010005
-0.244866
1.270483
1.468388
1.636575
-0.576811
0.322528
2.262933
3.118747
0.523219
0.746649
-0.008601
1.052206
0.463643
1.168904
2.724533
1.928314
0.674597
1.662834
1.233551
0.337183
0.261177
0.997699
2.620563
2.624011
0.275301
2.132717
2.903252
-0.907533
0.943919
2.314559
1.043204
-0.126040
0.842730
0.020973
1.621635
-0.789898
0.837672
-0.003524
0.577813
0.390891
1.303829
0.577228
1.307612
0.844169
1.552636
-0.258744
0.915497
2.796430
-0.072439
1.921071
0.654697
0.519877
1.253835
0.544747
2.010819
1.829513
1.356764
1.633300
2.962904
0.900739
0.657795
2.158315
0.603658
