1000
0.145360
0.924011
0.706965
0.688515
0.805032
1.404904
1.006563
0.384141
0.938760
0.194597
1.850365
2.205668
-0.214660
2.070393
2.003374
1.781303
1.893676
0.735254
0.189991
0.612691
0.646206
1.585850
0.560710
0.141359
-0.397810
2.087092
1.483487
-0.297416
1.594163
1.492491
2.255466
-1.081160
1.089728
1.809213
2.398615
-0.162225
0.501884
2.558431
-0.696811
1.383015
-0.621483
1.433724
-0.677164
0.524284
1.153705
1.601321
0.757652
3.231439
1.612420
1.879569
0.708348
2.173346
1.016532
-0.873240
1.241941
1.636649
0.480065
2.258466
1.305413
0.935992
0.181220
0.772815
2.607979
0.840799
2.565874
-0.304060
0.679466
1.330109
-1.659078
1.105526
1.085869
1.129722
0.860694
0.143828
-1.001219
2.226369
-0.313246
0.043942
-1.430071
2.521002
0.576973
2.724220
-0.004221
1.516598
1.019998
0.541385
2.406224
1.483237
0.999382
0.575950
0.702190
0.216089
1.340537
0.814930
0.364421
-0.296653
0.959681
1.385719
-0.227144
0.489754
2.439283
-0.519588
0.732254
1.536473
0.382966
1.797640
0.295764
0.934039
2.336707
0.468849
1.907588
1.721386
-1.160034
1.422132
2.575143
-0.045465
0.601207
2.520757
0.539374
1.801073
1.624174
-1.167852
0.519298
0.083485
0.349636
1.246269
3.366546
1.173351
1.100860
0.876258
0.806881
1.054686
0.791499
-0.014863
1.382963
0.363092
0.181645
-0.242267
2.313396
0.172112
0.744975
0.650689
0.880956
0.110898
-0.041730
1.005219
-0.635547
-0.019535
1.413639
0.412989
2.549447
0.259246
1.366269
1.187242
-0.079182
0.921666
1.476559
-0.331452
1.358611
2.852192
0.192009
0.836993
0.981579
0.625597
3.174819
-0.049896
-2.131270
1.357273
1.515935
3.633506
0.964242
0.864948
1.246393
2.418580
0.574697
0.018623
0.616245
0.839965
1.473288
2.007898
2.129730
0.685805
-0.310569
0.383871
2.117887
1.496440
1.666956
0.793173
0.686515
-0.947157
1.263719
-0.335551
-0.234698
-0.151084
1.416948
1.813109
0.892369
2.016394
1.007163
2.550754
1.120628
2.289355
-0.295843
1.808635
1.239090
0.713225
1.384159
2.411396
1.831819
1.151416
0.014997
0.317310
-0.066726
1.490372
-0.237282
2.273328
-0.883541
1.544785
3.344264
1.167018
1.686485
0.640714
0.907565
1.303586
0.745406
-0.285271
1.647430
2.676671
0.240857
2.104770
1.169834
2.339458
1.594821
-1.221993
2.238052
0.843074
0.150544
2.422097
1.034988
1.153490
0.449198
2.743564
1.158359
2.167808
1.604111
0.421795
1.241974
1.637406
1.631008
0.710321
1.590838
0.079551
1.301763
2.185346
2.002387
2.107170
-0.771680
1.992427
1.248161
2.566925
1.531060
0.544700
0.034708
3.548301
1.948809
0.917292
1.107656
1.461329
1.308689
0.156663
0.585693
0.198035
2.039531
1.758156
1.653318
0.585586
-0.160664
1.467033
1.292701
3.209550
0.706386
0.670989
1.202322
1.050410
1.134156
2.013553
2.128823
-0.271696
1.224760
2.053693
0.615362
1.507019
1.077555
1.528227
-0.156577
-0.354451
0.603562
-0.314955
2.517913
1.061460
1.799064
1.783756
1.015496
-0.234930
2.216459
1.026505
3.332513
0.757349
2.464823
0.256718
1.403676
1.608225
1.356162
2.230313
1.753992
1.338231
0.542336
0.842358
-0.244255
-0.155601
-0.346790
1.005421
2.119953
1.663582
2.245684
1.067795
2.128541
0.620345
0.496498
1.390561
0.946323
1.515010
0.798903
0.672156
2.494851
-0.604627
1.997937
2.054444
1.598980
0.798309
2.810748
1.841998
-0.099678
0.012851
2.647163
1.894762
2.458141
0.250105
0.153579
1.153439
0.345834
0.973215
1.283474
1.924583
2.571737
-0.623203
3.094576
0.582546
2.362071
0.897784
0.603463
0.759956
2.686150
1.083081
1.673694
0.713243
1.702039
0.176079
1.720658
-0.106597
0.363711
-0.232210
-1.796441
0.585356
1.569268
1.330048
0.641414
0.629099
0.543278
-0.280602
-0.765561
1.279812
1.074442
1.418777
0.793773
0.769117
2.097383
0.954358
2.089876
1.640789
0.392936
-0.489416
0.480441
-0.077197
1.668453
-0.407556
0.853350
0.825715
0.353181
-0.327245
1.601078
2.767342
1.838885
1.943618
0.373021
2.131454
1.657122
-0.279530
2.648225
0.730077
1.946032
-1.091340
2.303320
-0.446285
0.166194
1.453591
2.325971
1.976989
0.397701
-0.912580
0.012785
2.222474
1.156510
1.338910
0.799710
1.825305
0.513786
1.236266
1.112928
-0.789052
2.316783
-0.033201
1.164509
0.942000
1.306014
-0.075867
2.491551
-0.152583
0.418580
1.704231
1.649391
1.607867
1.421471
1.391289
0.323500
2.547025
0.666409
0.782545
3.169564
1.834237
4.005885
0.178262
1.343105
0.015359
0.088142
1.261073
0.195104
0.889071
0.821111
0.567613
0.616141
0.423632
0.814023
-0.231228
-0.619870
1.337144
2.378846
0.596494
0.185740
-0.128615
3.198087
1.009062
-0.840446
0.777217
1.496147
-1.665037
0.249867
1.006912
0.476718
2.604451
0.357323
0.724558
0.057853
-0.008439
2.374566
-0.962412
1.163010
2.493314
1.482522
1.033366
1.173280
-0.168901
1.212367
1.857153
1.148973
-0.185722
0.683168
1.139436
0.046628
2.557367
1.181200
1.804756
1.786392
-0.121439
2.143950
2.471846
-0.083747
1.393975
1.593112
1.485683
1.826171
-0.854956
1.970584
0.064527
0.278732
1.822016
2.092948
-0.229497
1.251686
1.144074
0.953140
-0.722504
1.344105
0.403767
0.940485
0.089905
1.971230
0.657150
0.709677
1.245521
1.181894
1.187782
0.539896
-0.713710
-0.936122
0.355529
0.090247
-0.200898
1.048347
1.609693
0.370806
-0.171492
1.680008
2.221139
-0.461676
0.970837
1.108664
1.728814
1.001906
1.646274
-0.875048
0.910073
-0.503855
0.719441
2.407044
0.930585
2.354989
2.444154
-0.717039
-1.343301
1.696953
0.498154
0.708365
0.733936
0.170011
2.176146
2.172735
1.658220
0.788168
-0.341201
0.920048
-0.547966
-1.905097
1.077686
0.942148
0.337099
1.533123
0.095729
0.935975
1.239364
0.913153
0.748524
0.953698
0.816751
2.016585
0.704114
0.944338
1.565250
2.076768
1.575702
0.318585
1.544704
2.329329
-0.125623
-0.863005
1.585036
0.113057
2.454084
1.567354
1.327039
2.051023
0.043601
-1.250739
-0.176891
1.906208
1.223771
1.020219
2.174026
1.536150
1.644633
0.449932
2.082994
2.081596
1.792001
1.168065
-0.989703
1.804362
0.373281
1.145088
-1.015501
-0.516639
0.129451
2.492055
0.815797
-0.826461
1.281773
-0.936170
2.458147
1.733851
1.072467
-0.789127
0.866067
0.994919
0.413968
0.981759
-1.806719
0.989738
2.741721
1.448365
1.369778
0.474830
1.089843
0.687468
2.596046
0.387018
0.508844
1.546246
0.680408
0.659071
1.689358
2.165677
0.493600
2.803055
0.113552
0.819641
2.345585
0.356268
1.264505
2.457806
0.425085
1.549799
-0.576333
1.335408
0.842070
2.600815
2.693097
1.733018
1.460984
2.168403
1.821027
1.400812
1.535868
2.472422
0.390657
2.799416
0.337168
-0.531461
1.889495
0.602294
0.809438
2.080032
0.892916
1.548230
0.755224
1.286506
0.338755
0.212747
-0.545546
1.612017
1.370375
0.729780
0.406407
-1.260979
0.692680
-0.485788
1.430514
0.690742
-0.427399
2.756951
1.858549
1.240814
-0.978116
-0.046636
1.199158
-0.291488
1.527259
1.985913
1.446318
1.502637
0.970297
2.138360
0.121112
-0.076679
-0.025076
1.195111
-0.202572
-0.208035
1.817033
2.169030
0.885178
0.782110
1.265200
0.108816
0.333395
1.973345
0.906161
0.048507
1.594824
-0.292221
2.605814
0.564529
0.208203
0.974843
2.376505
-0.230256
1.362427
1.001975
1.981677
1.036245
0.072130
2.031637
1.358248
1.400227
2.452039
0.834680
0.950371
1.616857
1.248916
-0.358910
0.252819
-0.202094
1.627908
-0.141474
1.530885
2.016982
1.090094
-0.375339
0.579747
0.500121
2.534762
0.582137
-1.202407
-0.412396
0.224011
2.323688
1.921806
1.807159
0.823198
-1.412097
0.798623
0.226908
0.945919
2.413151
-0.287030
0.359171
0.336151
0.653067
-0.919793
2.794896
-0.132536
2.078402
2.658875
2.020223
0.585663
3.049737
0.904662
0.440836
0.314960
1.853129
1.790912
1.151371
0.033463
1.406448
2.319215
1.164631
-0.185794
-0.293775
2.853943
0.895880
0.178275
0.945550
0.073892
1.684738
1.076269
2.349517
1.134086
1.748952
0.313541
1.226792
0.767633
-0.030202
3.418362
-1.295940
1.688389
1.569343
0.261413
0.486158
0.347403
1.821355
1.215030
1.255159
0.892925
1.431164
2.106694
0.996030
1.091114
-1.501701
0.782081
0.308478
1.286068
1.615709
2.127880
0.690151
1.959970
0.137953
0.776227
1.505310
-0.196755
0.928487
1.295704
2.973642
-0.481358
0.736437
-0.955093
2.050368
2.288041
0.313903
1.069765
0.986478
2.123728
2.020975
1.042693
2.097037
1.237401
0.003024
1.951066
0.916990
1.883349
2.579718
2.564116
1.172729
-0.674884
2.625103
1.588507
1.659558
-1.947049
0.404733
1.272088
0.442713
-0.414508
1.622455
0.374459
2.121367
2.909254
2.416939
0.597922
0.121493
0.953941
1.298381
0.377266
0.313733
1.055621
0.217237
1.072194
-0.994137
2.099355
-0.620705
1.986317
1.212954
0.847030
0.237552
1.195039
0.406838
0.867872
1.841449
1.185590
0.643391
0.948800
0.247593
0.870066
1.697920
0.406225
2.330061
2.496460
1.087224
2.179186
1.488037
1.501110
2.608077
0.795834
1.534527
2.272748
2.266566
1.221909
0.791106
0.275092
-0.114610
0.318749
1.091140
1.345018
-0.409591
1.785707
0.092713
0.808919
1.786275
0.012285
3.285038
1.301151
1.157181
0.023905
1.805267
2.605854
0.499155
2.176142
1.779417
3.135368
0.632943
1.861432
1.204617
2.706690
-0.099185
1.663950
2.628932
-0.079542
-0.523751
1.414474
1.846921
-1.424797
2.253216
0.668001
-0.558576
1.666986
1.118471
1.417749
0.220383
-1.015469
0.318608
-0.252102
1.380037
-1.933801
1.583797
2.457674
1.372400
1.086895
0.144003
0.518951
0.874606
0.637521
-0.211003
-0.339928
-1.522966
0.284767
2.551588
1.175846
2.952197
1.152603
0.453176
1.413514
-0.125778
0.566296
0.935129
0.807296
1.149054
1.529599
1.442682
1.000703
1.707198
0.580826
2.280945
-0.537100
0.232644
1.876761
1.002876
0.738505
1.522145
-1.075806
1.637653
0.212070
0.587016
0.462166
