1000
-0.365473
2.019405
0.235320
0.206053
0.896556
0.367577
1.743654
1.343385
-0.102043
1.502885
-0.506473
2.641343
2.233926
0.434869
-1.042466
2.502460
1.365501
-0.184457
0.998668
0.046728
0.715226
2.499523
1.592225
0.547541
0.964319
1.922335
1.107946
-1.609069
0.681133
1.426325
0.886608
0.267616
0.158975
2.040687
1.235785
2.263551
0.810213
0.912324
0.243678
2.212685
0.146598
-0.437283
2.562558
1.658355
0.037339
0.976302
2.689152
0.899399
1.675637
-0.757117
1.058182
1.669024
1.837157
1.196802
1.432777
-0.565985
-1.399536
1.361174
1.791573
-0.463687
1.891548
0.498919
-0.032473
-0.086438
1.802724
0.715472
2.574440
0.943651
0.647038
2.486855
0.666377
0.704452
1.609713
0.952583
0.286575
1.421784
1.298808
0.884255
0.973879
3.920003
1.304010
1.442762
-0.097071
0.813846
1.157957
1.108233
1.212069
2.705833
0.149226
0.279293
1.138445
0.093428
0.470228
1.527769
0.866581
2.321594
1.980026
0.727128
2.288925
0.499900
2.453056
2.422883
1.711187
0.087820
1.117585
1.374098
0.515216
1.386977
1.500455
0.423257
0.096505
2.136457
1.020868
0.137570
-2.039347
0.001221
1.222756
1.170794
0.043898
0.504497
2.884116
1.169643
0.634331
-0.062230
1.110466
3.507382
0.475193
0.382631
1.354612
2.216688
1.644712
1.251351
0.505126
1.371549
0.629557
2.592888
1.938972
1.917871
1.547064
-0.385814
1.745485
1.469203
3.155105
2.303939
1.719952
1.715640
1.238545
-0.860385
1.347024
0.774735
0.132526
1.571514
0.316683
1.601337
1.540158
0.338249
0.764949
1.879855
0.387281
2.303499
0.048547
1.305868
-0.144782
1.114283
-1.000251
1.091838
2.301102
1.661246
-0.299317
0.607890
0.642863
0.312748
-0.150027
1.439600
0.342857
0.825125
2.552073
1.664356
-0.195365
2.813398
-0.149845
0.554514
-1.788666
1.119418
0.806619
0.951396
-0.991592
0.551703
0.222794
0.316833
0.183072
0.999352
0.309880
1.037109
2.164579
2.270250
-1.122655
1.703864
2.006293
1.446865
1.528267
2.321641
1.155336
3.237916
1.110129
1.550290
1.275982
1.109600
1.269622
1.415548
-0.915054
2.609169
0.900139
2.116438
2.250720
0.645415
2.944920
2.088098
2.054190
1.839855
0.096982
2.092867
0.700987
0.963592
2.288387
2.730269
0.610584
-1.248257
-0.073388
2.038171
1.232516
0.409164
0.548227
-0.438367
1.355237
1.432659
1.083191
1.331825
2.406783
0.109297
-0.205989
0.998883
1.766433
0.705485
1.484114
2.093003
1.964297
1.635773
1.325742
1.539401
1.267235
2.242089
1.279989
2.548525
1.049419
0.904191
1.228546
1.857537
-0.629779
0.626271
0.543772
1.397019
2.231686
1.575059
0.274731
-0.565911
-2.093644
2.827622
3.192255
-0.449315
-0.845373
1.810101
0.909093
-0.291862
-0.699488
-1.323796
1.870060
1.133165
1.886352
-1.465148
2.993159
0.941442
0.752749
2.035035
1.139668
0.672061
0.761075
-0.122979
0.924370
0.950253
-0.644328
0.641850
1.947945
1.396569
0.180675
1.741105
-0.490792
-0.008531
0.917906
0.835228
0.427330
1.321643
1.950072
0.701042
3.863687
1.562334
1.143291
1.694382
-0.992473
2.252480
0.176952
-1.586886
0.842748
1.100214
1.066960
-0.357418
0.244257
3.858722
2.073142
0.469433
0.121177
0.694072
0.810890
1.183230
2.109464
1.383600
0.241397
2.758140
0.934759
0.186045
0.843722
0.519666
1.765136
-0.449413
-1.570839
1.877616
-0.097788
0.498598
0.289390
1.607728
2.257150
0.899014
-0.967138
-0.873918
-0.938750
1.478387
0.369191
1.858889
1.602438
1.703643
1.061669
0.852852
2.215948
-0.336098
1.889890
-0.199397
1.896408
1.956035
-1.203426
0.182911
2.338065
2.199929
0.618372
0.657691
0.872836
1.881322
0.542162
2.243661
0.828587
1.792265
0.492092
0.950270
2.326760
-0.400183
2.100554
-0.637960
-0.019657
1.505323
1.384967
-0.006443
1.464984
1.780021
1.245271
2.592380
1.737551
1.023720
0.575215
-0.300414
2.101719
0.239889
0.978443
2.469626
1.703087
1.612553
2.974305
2.517013
-1.601075
0.090574
0.782780
2.409197
2.202636
1.238109
1.384957
1.002751
-0.157422
0.044075
0.735328
0.990993
3.121797
0.505951
0.871339
2.687256
1.850150
1.657701
-0.224900
0.301582
2.545504
1.170814
2.198792
0.428747
3.773913
-0.123531
0.220016
1.744109
2.033375
0.183583
1.338518
0.670068
1.086440
2.343147
1.522455
-0.129476
1.273369
0.520308
0.003466
0.537659
1.754487
0.495567
2.035197
1.281815
0.311765
0.699574
0.353250
1.672336
0.466364
0.282431
-0.827082
0.572358
1.333340
0.802781
1.564371
0.157265
1.835715
-1.003423
1.531988
0.813315
-0.372819
1.160285
0.469003
2.229278
1.484248
1.477560
1.313589
2.119648
2.067860
2.290900
-0.434568
2.255021
2.012953
1.321401
1.938355
0.056923
1.780581
0.259705
1.065413
3.518712
1.577938
0.260958
1.512576
1.104046
1.308724
-0.348299
1.768113
1.179121
0.762969
1.166033
0.857930
2.308126
-0.107574
1.079387
1.830506
-0.091913
2.283244
0.475467
2.071173
1.657295
2.841607
0.951622
0.923254
1.935190
1.772898
1.051231
1.714377
0.008083
1.840681
1.289764
2.267106
0.806891
-1.176904
-0.183953
0.911426
1.228070
1.966736
-2.106633
2.434544
1.412105
1.113435
1.000933
1.508036
0.117102
1.652990
2.182667
3.557774
-0.760340
2.287464
1.956207
0.524317
2.639509
1.034139
0.933210
1.713901
0.099639
2.217056
0.233629
1.585533
-0.447977
0.077812
-0.085616
-1.103183
-0.593001
0.803566
0.156950
-0.585852
0.629700
1.633505
2.466136
-0.109079
0.661604
-0.017571
1.036110
1.447079
2.080751
2.300468
0.954715
1.418054
1.451040
-0.295796
0.108840
0.735450
0.201122
0.202628
-0.213820
0.271282
1.866687
1.064366
0.649818
0.258326
1.260260
1.036557
2.958892
0.442306
1.198306
1.192913
1.215379
0.669355
-0.371866
0.003747
2.492503
1.605500
0.874164
0.752898
0.952857
2.693240
0.458263
2.523872
1.796693
0.884453
1.095120
1.990406
0.337287
-0.681085
-0.185045
0.252271
0.649924
1.322359
1.200703
0.815276
-0.346335
2.851410
2.913290
1.154071
0.446702
1.337180
-0.791929
-0.123071
1.207697
-1.001780
2.061321
0.630328
1.242528
0.120184
2.262801
-0.389195
2.203422
1.177896
2.503795
1.799989
0.719459
1.768319
1.710718
1.150443
2.018601
2.074222
1.522738
1.412602
2.049220
1.335931
0.290809
0.409798
0.396602
1.997269
1.208094
1.316430
1.918615
0.490986
1.240267
0.577182
2.389123
1.073598
-0.080717
0.395439
2.285615
1.026353
1.925362
0.305424
2.204461
1.490604
0.358129
1.992291
1.712491
1.229849
-0.179402
1.557399
0.649313
0.517824
2.211311
1.231042
-0.062462
-0.454255
1.653085
-0.079772
0.187045
-1.773370
1.684108
2.246919
1.617642
0.696664
1.091988
1.804622
0.827930
-0.046107
0.148475
1.607479
2.342225
1.629824
0.488367
0.142475
0.937793
1.637218
2.030112
1.334667
0.491943
-0.382220
-0.197646
-0.132210
0.375702
2.343312
2.237931
-1.195812
-0.249446
1.003534
0.601238
1.018294
-0.340162
1.894957
0.739689
1.003726
1.426982
2.921530
1.224201
3.257708
1.056274
-0.083607
-0.433859
1.043621
-0.235609
0.881438
0.945008
1.972137
-0.290228
1.120429
-0.167660
0.560108
-1.181721
0.906985
1.649894
1.143903
0.808298
1.425066
-0.448322
1.612511
0.417077
0.227781
-1.388696
1.349515
2.148645
1.201215
1.086605
-0.229196
2.217545
0.762519
1.486527
2.396992
-0.383959
1.428295
1.329643
1.486503
3.072957
-0.148247
1.264320
2.448973
-0.082402
2.213295
-0.496902
1.011681
1.276398
0.971535
-0.430499
1.696208
2.487206
0.810504
0.531421
1.725689
1.752102
2.958773
0.818888
1.638981
0.502737
2.049181
0.332996
1.548187
0.801372
0.597846
0.150612
0.843599
0.775873
2.756324
2.400258
0.422780
0.284492
-0.118484
2.914575
1.486382
2.513279
1.645445
-0.393720
1.439335
0.964328
-0.247714
1.712174
2.762093
1.551295
1.455018
0.852830
1.588689
1.611164
0.910732
1.674137
0.853695
1.098180
1.736488
-1.609152
1.842215
1.515716
0.624286
0.670116
1.827952
0.537731
1.011856
0.254809
1.522089
1.515545
-0.040348
1.337192
0.388976
-0.347662
-0.414005
-0.216124
0.592736
-1.045068
1.126166
0.360136
3.196977
0.331918
0.073361
1.298325
-0.269823
1.330579
0.314163
0.408058
1.299020
1.194985
2.251150
1.297228
-0.289360
1.626913
1.240717
0.497250
1.366633
1.156246
1.481630
1.782267
0.597909
1.673210
1.908428
0.101276
2.851900
0.169723
1.392472
-1.924037
1.409672
0.303028
0.612601
-0.255532
0.263780
-0.465257
0.265084
1.021270
0.669983
1.754428
1.212114
-0.296056
2.018349
1.027587
1.386926
1.172451
1.692434
-0.374100
0.350970
1.332265
1.289643
1.478400
-0.401030
1.646751
-0.150483
2.345372
1.797189
-0.072426
2.469349
1.578168
0.949306
0.039565
1.586348
0.572204
0.816044
1.628558
0.576731
-0.595939
-0.561131
1.954610
1.261181
1.704317
2.946987
2.485498
1.154227
1.326173
1.434712
0.814831
-0.218890
1.734470
-0.420683
0.814586
0.904248
0.952437
1.563647
3.286226
-0.751649
2.294958
3.186927
1.377212
1.071208
-0.032679
1.890412
1.518895
1.707560
2.748888
0.920595
0.572764
1.297001
0.817521
1.472032
1.022595
0.951720
-1.350682
0.617233
-0.393087
-0.219952
1.206063
2.001115
0.804734
0.598162
0.843201
1.671598
1.097892
0.868676
3.479183
1.190171
2.379137
2.137992
2.059770
1.031454
0.024056
1.612857
1.516350
-1.084158
1.299428
1.840371
0.511856
-0.490862
0.086031
-0.213257
0.759341
1.441030
1.218442
1.804406
-0.063241
0.126414
-1.039385
0.906181
0.328102
-0.307854
-0.674866
-1.122205
1.756597
1.623454
0.057619
0.652839
2.466185
0.974992
1.807274
0.298980
4.112366
1.531717
3.472548
4.201696
1.478980
1.325677
0.524506
0.897971
2.667671
4.471402
0.326973
1.853369
1.901206
1.481112
0.814998
-1.095090
1.034955
0.205519
1.157567
-0.452668
0.181469
-0.749834
0.701358
1.664944
1.318384
1.947446
2.182382
1.072200
2.158089
-0.638935
0.732735
1.328613
1.761217
1.099970
1.864971
0.047151
2.193374
0.722172
0.673036
