1000
0.186324
1.584915
2.314485
0.003177
0.944133
1.454801
1.813158
2.481972
2.094713
2.422725
0.441110
1.545200
0.872713
0.952609
1.550112
3.059041
-0.094788
0.666517
0.759137
1.061949
-0.966961
0.678459
0.247798
3.190758
0.323233
1.569041
-0.630831
1.481651
0.705126
2.818876
1.696873
1.744696
1.337850
1.900004
1.143605
-0.156648
1.688223
1.353277
0.128302
0.168558
1.097091
3.630169
-1.633704
1.319280
-0.035936
1.103349
-0.778183
1.224952
-1.011279
2.963191
0.059048
0.499418
1.010113
0.702403
1.552528
1.805001
1.671193
1.285465
0.280199
-0.097844
1.144041
2.834566
2.494241
1.286310
0.863676
0.598826
1.645748
0.975213
-0.239299
2.718297
1.326650
0.596111
0.072327
0.194727
1.301663
2.153604
0.472921
0.505807
1.952683
0.970142
0.165011
1.831073
0.050756
-0.434033
1.123350
1.823840
0.637167
2.625453
2.309443
1.794089
0.930687
2.734012
1.107585
1.111157
1.831696
0.833689
1.159830
1.800152
-0.279513
-0.393818
0.218657
2.947376
-1.011197
3.277836
1.279573
0.840237
1.978936
-0.136691
0.302766
2.329318
1.324162
1.602458
-1.417584
0.279785
2.272388
0.617896
0.087804
-0.960487
1.532789
0.728946
1.741573
3.193753
0.312192
0.482329
1.679925
2.025505
1.527097
0.890172
-0.082757
1.119285
0.908197
1.433025
0.488825
0.744247
-1.370210
1.729939
-0.478288
0.370310
3.118218
1.104393
0.111225
0.374020
0.528028
0.055759
1.242760
1.874353
-0.080892
0.063827
0.738340
1.471071
0.573187
0.405713
2.165301
-0.516938
3.104897
0.173127
1.297912
1.502132
0.116499
0.750941
1.350113
1.268463
-0.445900
1.526973
1.745325
0.347152
1.484999
-0.654408
1.356191
1.342164
1.359405
2.463087
1.051597
0.793119
2.510486
0.271222
1.418836
0.973809
1.192952
1.597537
1.775890
2.332059
2.138974
0.816810
0.548325
1.733406
1.471413
-0.134640
-0.156763
0.993588
0.728825
0.637004
0.232836
0.559972
1.829005
0.045272
0.351026
0.530866
1.019119
0.369140
2.057215
1.498810
2.322435
0.151188
1.714018
1.137979
1.164417
1.036294
-0.191074
2.106452
1.733163
0.803907
0.431791
0.992425
0.759419
1.545822
0.341180
0.157399
1.142049
1.732554
-0.165491
1.682579
2.469890
0.772935
-1.469445
0.776623
1.181664
1.139790
1.036682
2.629450
-1.071650
1.292680
1.388227
-0.624327
-0.701504
1.151145
0.209051
1.464797
0.241022
-0.122412
0.878099
2.222526
0.190074
1.132510
2.521305
2.527600
0.404414
-0.178977
0.344790
1.128574
0.240471
0.608539
1.705131
0.162846
0.702481
1.818157
0.208917
-0.738791
1.472201
1.070541
0.131915
1.626612
2.679402
-0.804300
1.282258
-0.144571
0.086176
0.769952
-1.528552
1.663231
3.153982
2.483531
-0.094082
0.631779
1.277331
1.052885
2.568981
0.621452
0.979517
1.702967
0.347423
-0.024353
1.899781
3.101878
0.462619
1.366635
0.524581
0.574869
2.955887
1.529815
0.956501
2.971284
0.417051
2.775423
1.178405
-0.231115
1.109377
0.214193
-0.198377
0.182964
1.408419
-0.870754
0.520113
0.880742
0.604303
0.598379
1.224236
0.212111
1.899213
1.180448
1.113212
1.074133
0.799241
2.074793
1.661628
1.692652
1.268305
1.588054
1.015270
-0.086353
1.230084
1.017622
0.337039
1.708913
1.085348
-0.184943
0.818497
1.600993
-0.101921
1.499677
1.628759
0.740446
0.441265
0.959671
2.201169
1.614676
3.609222
0.548301
0.025989
0.630164
1.531553
0.184676
-1.439064
0.090012
-1.067201
1.644461
1.438963
1.059975
-0.179853
0.887251
0.217880
2.000962
0.596452
0.482867
0.832019
0.258029
0.820739
0.642105
0.802724
1.455755
0.635388
1.255546
1.135003
1.892912
0.065012
2.048499
2.417570
-0.921822
0.519246
0.473001
1.631486
0.154803
-1.257938
2.023176
-1.020335
-0.293135
-0.592267
0.633079
0.937418
1.374535
0.127312
-0.273830
2.334602
1.456464
1.881674
1.480669
1.608841
1.435160
1.073786
0.899866
2.216115
2.593915
1.684360
0.699959
1.181434
-0.691173
1.798666
1.192649
-0.350451
0.706725
-0.098124
2.377685
0.812433
0.186809
-0.585786
2.422507
-0.154352
1.461276
0.286227
1.783359
0.620747
1.041057
0.966325
1.852429
-0.617600
1.529752
2.110622
-0.551185
1.559507
1.526162
-0.006923
-0.202650
1.729507
0.828380
2.602183
2.748092
1.065131
1.191225
0.441715
0.882029
2.184794
-0.164772
3.129864
1.259343
1.311249
2.100788
-1.120867
0.641923
1.052667
2.327588
1.603188
-0.737684
0.614949
1.944690
-0.976885
2.030760
0.594246
2.514640
0.111469
1.998669
1.348893
0.032024
0.487594
0.365387
0.635525
1.420449
1.537501
0.767979
-0.094929
-0.735354
0.739312
1.752999
1.341877
1.932922
0.211595
-0.706010
2.674664
1.419883
0.311038
1.231121
1.261703
1.057593
2.239477
1.613487
0.962846
1.566574
1.969172
1.489665
2.169632
1.733467
1.438696
0.570183
1.290501
0.790051
3.015871
2.450040
1.014965
1.685438
0.315668
1.750344
2.868171
0.890605
3.717236
2.178338
0.735781
2.060825
3.198654
3.639386
1.570949
2.702578
0.477228
3.840822
1.502373
-0.363519
-0.385032
0.649038
1.110046
0.286076
0.784804
0.296615
0.647137
1.591942
0.658912
-0.292967
1.514305
1.782278
-1.072974
1.010534
2.566477
2.074594
0.698757
-0.385541
0.005569
1.949138
2.090466
0.873355
1.832011
0.129458
1.945321
-0.440447
2.311180
1.847515
0.183812
3.089448
0.949084
0.907224
0.750619
1.289527
1.482702
0.823954
2.809252
1.176881
-0.227046
0.268522
1.755612
0.837662
0.687969
1.012908
1.740085
2.077328
1.879164
1.944613
2.044632
0.448460
0.611407
1.774126
2.116705
1.133091
0.862150
-0.288722
-0.082320
1.881825
1.623460
3.995540
-0.786701
1.133190
2.300906
0.639607
-0.189937
1.256461
1.219906
1.605592
1.411926
1.602089
1.408867
1.372930
2.416483
0.755173
1.508044
-0.514717
0.659104
1.038864
-0.384608
0.114807
-0.271219
0.640324
0.473638
0.943255
0.743704
-0.144975
1.660419
0.148361
1.273623
2.889142
1.664333
-0.371814
-1.076404
0.996072
-0.911852
1.906670
0.518626
1.680373
2.822105
0.873289
-0.141108
1.644028
1.458586
1.847144
2.029737
1.163136
1.918685
2.726855
-0.177089
0.413122
1.074389
2.100687
2.870792
0.274524
1.206147
0.467876
-0.288026
1.580452
2.236681
-0.819137
2.787675
1.369858
0.237431
1.372581
1.383513
1.600020
2.536908
1.710965
1.175760
2.474643
0.118194
0.714257
0.564618
1.399627
2.434933
0.082800
1.533463
1.241290
1.228304
1.017222
1.967796
0.620584
3.034364
1.421250
2.625018
2.364957
-0.026012
0.657382
1.248619
3.336788
0.408690
0.547880
0.400469
2.614902
0.593902
1.129548
1.023022
0.930688
0.763762
-0.025147
-0.675696
2.165835
0.621975
1.470800
0.079654
1.422597
1.340611
0.330694
1.855096
0.279888
1.148137
0.594847
-0.581216
2.359280
0.852560
1.403340
1.196192
1.015239
0.757395
-0.955738
1.420048
2.683992
1.183923
-0.279037
2.273212
-0.285115
1.927495
0.202179
1.069261
0.544982
2.480715
1.277474
1.970419
-0.064805
1.818806
1.836069
0.870293
2.760286
1.081886
1.848428
-0.525103
1.546442
2.691296
1.564260
0.976038
0.306310
1.444564
1.317194
0.893950
0.180176
-0.008440
0.387299
1.498649
1.873395
-0.447028
0.137788
-0.436001
0.635829
0.530504
1.112510
-0.008240
-0.956486
0.521840
1.014950
2.295143
0.570461
1.449175
1.098578
0.967984
1.741336
0.187524
1.725929
-0.253931
0.198903
2.551600
1.224325
0.377310
0.530484
0.837835
3.008887
1.494333
0.504789
-1.590020
2.535546
0.618579
1.654859
0.477465
1.300244
1.196358
1.629197
0.971447
1.216644
0.327531
0.293855
1.986029
0.099164
-0.581949
1.334540
1.529064
-0.571092
0.977399
0.446355
0.632915
1.656739
2.295339
0.827591
-0.366802
1.122090
2.485578
-0.052619
1.344454
1.752399
1.528127
-0.047753
1.330807
1.035043
-2.019100
0.897717
0.044753
0.050003
1.797392
2.167539
0.883825
2.944798
-0.185761
-0.150423
1.168842
-0.332498
0.425937
0.167875
1.741913
0.504572
3.219718
-0.175347
0.711897
0.389980
0.302824
-0.150407
1.259975
2.867612
0.993550
2.500930
-0.707437
1.483165
2.242810
0.660855
2.422306
0.543385
1.309231
1.622893
-1.599079
1.050463
-0.406437
0.509605
1.781012
0.679729
0.125775
0.488159
0.754779
-1.913203
1.013311
0.847900
0.799935
1.845092
1.812874
2.350283
1.452907
-0.905167
0.416503
1.796743
1.077104
1.803614
1.403786
2.160472
0.140970
0.742575
1.094820
1.060247
1.299252
0.273187
-0.181131
2.572824
1.459655
2.190936
1.997310
0.684148
-1.239797
0.291848
1.669244
-1.602548
0.742741
1.200798
2.296801
1.608555
1.231945
0.811268
1.326506
0.797297
0.109909
0.920338
0.757951
0.839627
0.618499
0.131361
2.038328
0.726858
0.517733
0.090747
2.164429
1.437831
-0.918226
2.530975
-0.529419
3.839389
0.464588
1.137218
2.756668
0.253968
1.846368
-0.670679
-0.007562
1.866376
0.624594
-1.133623
1.341049
1.084351
-0.022952
0.441411
1.934855
-0.877278
0.994889
1.517759
0.927559
-0.651809
-0.096226
-2.059159
-0.249117
1.585659
1.539509
1.408772
0.169215
1.415015
0.038853
0.429022
0.813711
1.060328
0.062479
1.989159
1.005783
1.096866
0.667623
-0.273733
0.583010
0.675038
-0.097928
1.652787
1.230921
2.284885
0.106894
1.592329
1.496739
1.809795
2.991680
1.545132
1.447035
0.949047
0.542111
0.938801
1.751436
1.266437
0.885190
1.500907
-0.991709
1.108504
1.266772
2.083223
-0.825517
0.420704
2.555418
1.812945
0.249271
2.993698
3.426493
2.129247
0.559391
2.499040
0.010873
1.432933
0.361929
2.150721
2.254749
0.417809
-0.163755
-0.616914
1.274243
-0.274926
0.747143
0.535723
2.105509
1.159771
1.059150
0.793301
0.953136
0.968380
0.830221
0.651755
-0.356709
-0.215986
1.232086
1.342280
1.478323
0.401048
1.131130
1.084446
1.260244
-0.129403
1.069487
0.830650
1.295530
0.368427
1.561418
1.728779
1.097234
1.296303
2.470456
0.799248
1.442432
0.681816
-1.309150
3.712860
-0.169393
1.005709
0.165945
0.194631
-0.071220
0.428354
