1000
1.935087
1.135816
2.175737
1.833794
3.610435
0.494819
0.914655
1.709979
1.989120
1.374189
2.677294
0.810391
1.331674
0.258996
-0.510444
0.004956
1.378734
0.854714
2.523113
0.099581
1.262799
1.132073
-0.420065
0.281465
1.169869
-0.113186
-1.009616
1.055614
1.900980
0.099401
-1.147563
3.204042
0.283650
0.776394
0.894324
-0.742214
2.236170
0.491745
3.466134
2.949495
-0.585165
2.895715
1.355714
2.383066
1.002856
0.352589
-0.378418
4.186445
2.476766
2.907214
1.031473
3.085829
-0.328904
0.613701
2.362059
0.013084
0.966235
2.593553
0.460854
1.104021
2.851470
-0.207698
0.341868
0.912970
2.126111
0.925336
2.364381
1.607721
1.194202
0.673967
-0.883841
1.657911
1.180506
0.923399
-0.152701
-0.008153
0.772359
1.031314
1.564691
1.128730
0.300695
1.618291
3.311332
0.920675
1.853535
0.647864
1.383565
1.706389
0.566068
1.461715
2.138939
1.993179
1.921499
1.329778
1.453722
0.734770
0.813132
1.954556
0.621031
-0.591087
0.753577
0.952085
-0.255733
2.185710
0.880915
-0.882536
0.342039
2.351665
3.381494
2.735519
0.285774
1.191086
0.308897
2.093037
-0.261354
1.320522
1.014485
0.240768
0.685371
0.920074
0.257883
1.960840
0.438904
0.610465
0.698181
-0.003400
1.898526
1.671673
1.763572
1.568777
1.510898
-0.036424
0.990395
-0.268035
0.905700
2.743430
0.944709
1.556259
-0.307718
1.762930
0.282479
-0.484776
-0.557956
1.343525
0.671580
1.259897
1.428377
1.763269
0.382026
1.379844
1.723623
-0.854475
-0.692142
-0.526787
1.706854
1.189961
1.674062
0.821593
1.790954
0.814965
0.915965
2.225634
1.286471
0.999199
1.156647
2.518706
1.986129
1.763234
1.642445
0.868205
1.475872
3.045381
-0.852103
0.944568
1.561641
0.921902
1.179899
1.685780
3.111612
0.537739
0.530555
0.799010
0.988490
-0.252782
1.839464
2.383269
1.725394
0.457222
1.028690
2.590734
1.469943
1.283253
-0.262645
1.061208
1.376385
1.375790
2.053914
-0.457372
0.957311
-0.566834
-1.240538
0.573444
2.250310
1.623696
-0.462776
0.062379
1.020693
-0.219216
0.445696
1.299338
2.298511
1.527456
1.640355
1.736414
-0.225651
0.373263
0.704586
0.232902
1.679138
1.223638
-0.049385
2.510455
2.615474
0.918156
0.872738
1.174072
1.783866
2.900833
0.928117
1.280467
1.593001
1.721616
1.766031
0.969189
-0.223331
0.057936
2.326846
0.314058
1.073126
1.648160
0.769861
1.105569
1.961197
0.956505
0.858602
0.519116
1.878720
0.256121
-0.907803
-0.627365
1.015953
-0.455407
-0.698189
0.456123
0.352862
-0.941774
0.388059
0.269834
-0.005371
1.135156
0.370547
2.245917
0.631391
1.567724
0.704208
0.588538
1.435933
1.823914
-0.473062
1.641398
2.353090
1.203955
2.687618
1.747780
0.671160
0.760946
1.616931
3.046674
1.058006
2.376957
1.157739
-0.607465
3.033165
1.372317
-0.110408
0.243255
0.644180
-0.105609
-0.989072
0.892823
0.752204
0.068909
2.289819
2.622309
2.163978
0.095957
0.789245
1.692749
-0.820709
1.118690
1.292677
0.934389
1.643983
0.308322
0.696160
2.092321
1.441963
0.774824
1.495973
1.200131
0.725606
0.823465
-0.495264
1.811774
2.210571
0.219764
0.397592
2.108125
0.919889
0.111896
1.349316
2.036390
0.571092
1.780238
0.690067
-0.167136
2.554708
1.816183
1.876146
1.480069
2.115553
0.574036
2.141163
0.989411
1.218598
0.080009
0.429180
1.438549
1.987897
0.633993
1.618785
-0.583199
-0.949268
1.333852
0.435105
1.510755
-0.578540
1.433642
0.738910
-1.030738
0.210054
1.308311
0.483495
0.941104
1.449062
1.487853
0.484059
1.659713
1.397230
1.642137
0.154606
0.915357
0.312039
0.866763
2.636593
-0.378674
1.347580
1.652261
-1.163414
0.944217
1.204076
0.411918
0.620042
0.175141
2.319109
0.258293
1.117572
0.274510
2.754676
2.126596
1.204002
0.749847
2.568427
1.379950
2.279113
0.818647
0.065061
-0.383703
-0.057630
0.835610
-0.143390
1.927378
-0.166980
1.107097
1.399179
0.659234
0.470092
-0.015870
-0.494953
0.426138
1.897575
-0.798838
1.050579
-0.125504
0.257632
0.716318
0.442387
0.775390
0.401577
1.047828
0.314484
-0.591968
1.411111
1.880667
1.358912
3.448270
-0.174766
-0.265185
1.680713
-0.671870
1.491509
1.385251
0.163839
0.953946
0.432818
1.271395
1.399769
0.270386
1.346977
0.676246
1.255932
1.105752
2.026217
1.936849
1.762296
0.952685
-0.515389
1.635062
0.851757
2.002940
0.600393
0.341067
1.953586
1.141246
2.461290
0.742797
-0.348463
2.589747
0.930777
-0.107966
0.375520
2.346180
0.972384
2.383381
2.869253
2.268836
0.577014
0.769735
1.588234
4.223522
1.376273
0.129005
0.513563
1.096318
0.883371
0.370997
-0.118465
0.685898
3.646651
1.231673
2.220827
4.028495
0.853528
-0.767046
-0.741452
-0.123197
-0.056879
1.185314
1.880263
2.728971
3.105409
0.171143
0.381493
1.147335
-0.369179
1.206219
1.225865
1.973371
-0.154625
0.091381
1.086375
-0.741531
0.112296
0.384077
0.448209
1.036575
0.522705
1.051159
1.378806
1.112972
1.709830
0.801372
0.953867
-0.375708
-1.224222
-2.180169
0.052478
1.398729
1.825876
1.171182
4.624800
-0.579259
1.857231
1.465194
2.207966
0.892621
1.937873
-0.060818
0.973543
-0.742956
-0.342407
-1.350323
-0.158153
1.107194
-0.630736
1.509130
0.235445
0.751758
0.692376
-0.107164
1.234393
1.358253
-0.083110
0.476655
2.827908
0.774083
-0.681970
-0.043541
-0.158650
1.573807
0.675615
1.536589
-1.474405
0.561347
2.921472
2.600748
2.530294
0.292846
2.892008
-0.222306
-0.466991
1.272108
2.149307
2.486245
3.384562
2.906894
1.410428
1.096081
0.318431
-0.057780
0.442042
1.835392
0.496353
1.275083
-1.343724
1.196046
0.450831
2.399845
1.336995
1.749330
0.547533
0.301291
1.170911
0.344906
1.351645
2.302877
1.082874
-1.216341
0.821025
2.356544
1.532774
0.698994
0.630430
1.559857
1.147074
1.206890
0.066825
1.372267
2.003385
0.664161
-0.189816
0.616241
-0.820942
-0.504031
1.366785
1.559512
1.685058
0.302066
1.561201
-0.150593
1.573971
3.117985
1.911755
-0.072524
0.821559
2.206530
-0.063910
0.148117
-0.616169
1.113819
-0.081773
1.083833
1.645520
0.694137
0.283407
1.970324
0.976669
0.118398
-0.040933
1.524335
-0.123094
1.470104
-1.334752
1.194807
0.675210
3.681280
0.188854
0.022220
0.071863
1.725102
0.913855
0.751369
2.485658
0.318779
0.661896
1.274104
1.170650
-0.304236
0.775882
1.403054
0.357452
0.619372
0.031805
1.005077
0.277744
-0.355851
1.145162
1.754071
0.378953
3.129674
1.614805
1.914000
0.270573
0.839567
0.616858
1.509103
-0.196587
1.759903
-0.128407
0.774194
-0.249536
-0.270743
1.356208
1.314507
0.958851
-0.616346
-0.136594
0.550641
2.010035
0.679545
0.786639
1.341603
0.971594
0.153993
0.837889
2.190521
0.175101
-0.593461
0.115621
0.675610
2.470460
0.336253
1.989760
-0.172822
0.736695
1.578971
1.468313
1.333973
1.806229
1.332871
0.711882
1.367804
-0.307656
1.449038
0.295756
0.915831
1.204663
-0.124245
1.310164
3.641805
1.994659
1.120164
-0.466887
0.771335
1.204947
0.612951
1.791484
1.564158
3.264447
0.367751
0.837035
0.297854
1.477555
0.373765
0.082271
-0.364269
2.633951
0.770551
2.146949
1.407526
0.715868
-0.670444
2.243187
2.089338
0.798491
0.645405
2.184120
3.055165
0.807331
0.664751
1.195577
1.047430
1.372434
1.035579
0.889766
1.292604
1.172702
1.714686
0.942853
-1.636209
2.605996
1.261210
0.247951
2.195103
0.921024
0.399184
0.935188
0.862972
0.382128
0.304720
0.115273
0.831748
0.350872
0.723043
0.292880
1.156350
0.568203
0.127555
0.818959
1.178795
1.351093
2.096986
2.077669
0.083646
0.738005
1.611866
1.282553
1.715744
0.885204
1.236545
0.689390
2.325459
0.396094
-0.264299
1.337560
1.253367
1.163648
1.730785
1.941105
-0.554513
0.795478
1.277248
2.419892
1.883025
1.232812
2.448484
0.212258
2.617445
1.144241
-0.478446
2.087419
1.979361
1.655960
1.701769
-1.158744
-0.137164
0.854834
-0.102767
0.189876
0.807825
0.256588
2.075917
0.690377
1.020974
-1.236435
0.467192
1.267308
-1.337894
1.326482
0.673104
-0.111676
0.701700
0.648864
0.413638
0.034454
1.850112
2.717049
-0.487106
-0.249841
1.738951
1.518458
0.170703
1.463838
1.859686
0.277701
2.407576
2.388210
1.334835
2.357519
2.124952
0.309340
-0.177697
1.549748
0.759487
1.183150
1.298473
2.100730
0.820265
0.602357
0.784398
-0.396640
-0.326894
2.094133
2.881991
1.418635
2.605224
0.023554
-0.452701
2.892637
0.422919
2.413252
0.904376
1.206573
2.450583
1.397735
0.826117
0.038902
1.879102
2.434413
0.040051
1.144356
2.226700
0.892242
0.958373
2.508074
3.197435
1.995306
0.029872
-0.046141
0.098770
2.295592
1.133839
1.480442
0.776572
2.579377
0.517786
0.740289
0.880029
1.132267
1.528590
1.216577
1.250228
1.078581
1.476327
1.428733
0.733163
-0.554085
1.767088
1.175581
1.125959
1.305420
0.319089
0.681025
1.177140
0.150872
0.715197
0.687649
-0.844291
-0.552676
0.034684
-0.258806
-0.080279
-0.505930
0.605178
2.807023
3.889302
0.136003
1.471236
0.821864
-1.052732
1.918932
-0.272496
0.838135
0.360971
0.336188
2.839263
-0.165906
0.506811
1.700700
0.552838
1.161761
0.602728
1.404703
-0.573663
0.886306
-0.258140
1.416416
3.245184
-0.117701
0.255439
1.007488
1.702121
0.315039
-0.095921
2.790366
-0.164919
-0.085207
1.398506
2.179588
0.693416
0.241456
0.769292
1.850056
0.799077
1.332343
-0.895310
0.167701
0.259213
1.806165
0.566783
0.260486
0.537309
0.925519
-0.152420
0.804996
1.195949
1.524572
1.268618
-0.389696
2.079440
0.931951
1.756155
0.430313
1.509047
1.505279
0.901466
0.829131
2.831062
0.773115
2.063504
2.222389
1.087283
-0.547488
1.300882
0.669571
0.534580
1.154222
1.957748
0.167512
1.545505
1.900633
0.157352
0.439101
1.256529
-1.168678
-0.728775
1.049827
3.735113
-1.225093
0.731715
2.356212
-0.182665
2.603882
2.445757
1.007316
1.405399
0.713111
0.982243
0.439625
-0.548280
