1000
0.135923
0.938187
0.718826
1.084985
3.009402
1.772755
-0.278199
-0.463437
1.156327
1.515459
0.019266
-0.379383
1.627701
1.644822
2.053942
1.632566
-0.827019
1.265627
0.381725
1.523910
0.952550
0.675777
0.356531
0.304775
-0.579187
-0.358703
-0.107713
0.603049
1.042753
2.738638
-0.188541
0.719402
1.111012
1.379026
-1.101477
0.247741
1.324879
0.851573
1.665454
1.486253
2.704903
-0.076830
0.789613
0.812145
2.479766
-0.425635
1.462027
2.623184
-0.085704
2.014026
2.004430
0.847123
1.419430
0.413795
1.665569
1.978877
1.376599
2.459871
0.363672
0.206380
1.634913
-1.485691
-0.253528
0.120629
0.133400
1.075854
1.625258
0.178478
2.579749
0.648178
2.930337
0.515371
2.503674
0.535446
2.434692
2.424857
-0.195930
0.199076
0.896798
1.587294
0.627566
0.995605
0.438813
-2.744031
-0.244096
1.152469
-1.446932
0.234780
0.520330
2.614909
3.679484
1.116263
1.311683
-0.424544
1.499245
-1.164184
0.663901
1.225745
1.094959
1.192614
1.882002
-0.600665
1.220665
0.395373
1.715770
1.279304
2.484876
1.292074
-0.285621
1.043735
2.603780
1.379374
1.640576
0.011526
-0.593236
2.061355
2.717551
-0.693069
1.349260
0.247272
2.204075
2.156734
-0.028930
0.866469
0.105541
-0.589778
1.036892
1.852535
3.300980
1.660087
1.388288
0.125897
1.891955
2.260712
0.069455
0.426990
0.841627
0.588554
0.296272
0.088485
0.976945
0.269461
-0.056352
1.898845
0.581038
1.431854
-0.003797
1.539039
-0.148120
-0.935098
1.953963
2.243857
2.238649
0.316371
1.480770
0.845695
2.255353
-0.241547
1.673406
1.137802
2.699187
0.955861
1.810588
1.620250
0.904518
2.433034
-0.122188
-0.268682
-0.289301
0.749527
4.113080
-0.051563
-0.920436
0.675939
1.772083
0.716558
-0.620296
1.507186
-1.325845
0.628205
2.094593
1.168640
1.861550
2.297182
3.375159
1.880693
1.682343
0.438275
1.108476
1.766942
2.398671
-0.148519
2.547190
1.901881
1.930288
-1.148339
0.545672
1.769607
1.369027
1.192237
0.510528
-0.580406
2.173374
0.657402
-0.636748
2.176101
0.940367
1.185163
1.206314
0.442773
1.375713
0.992763
1.091566
2.200876
1.085240
1.674018
0.692035
1.238950
1.053001
-0.054068
2.600632
0.964561
2.214437
1.201651
-0.085485
2.551559
1.641580
0.616251
2.396750
1.106372
-0.598906
-0.342186
2.841076
2.482437
2.766384
0.512767
1.757250
1.613675
0.344152
1.373947
1.353754
0.618313
1.807801
1.949825
0.823246
0.039384
0.839377
0.745977
2.781441
1.321307
1.179039
1.662401
2.279928
2.361677
0.803266
-0.743396
1.321289
1.205395
2.525932
0.543058
1.391802
0.833922
1.292723
0.930410
0.495102
3.288504
2.466908
0.372916
1.967644
1.827847
2.086565
-0.272728
0.825102
-0.485755
1.743867
-0.959234
2.335417
0.897202
0.520877
0.142908
2.206567
-0.327025
2.576018
2.121885
0.634917
1.079983
0.223149
2.370591
0.279752
1.370604
0.172634
-0.811253
-0.046635
2.100246
-0.879249
1.650545
1.012102
0.702418
0.269650
0.657459
0.278656
2.006653
0.942615
2.061777
1.761259
-0.258468
0.713095
2.346797
2.668512
0.098150
-0.361377
-1.380366
2.295449
-0.963170
1.743400
-0.053182
0.769480
1.472677
0.214374
-1.042650
1.185476
0.080456
1.445013
2.720856
1.666378
1.962076
-0.186724
0.766844
0.544522
0.588627
3.610424
1.763001
1.397545
0.199382
-1.316398
1.760849
2.682873
1.699848
1.621587
2.356138
-1.239720
2.097180
1.034289
1.810577
1.507722
1.423296
-0.228307
-0.876406
1.381312
1.258653
2.348283
1.672954
3.019139
1.570313
-0.001964
1.496722
-0.423468
1.454579
2.418547
1.107081
2.001791
3.665391
1.595650
2.266653
2.202593
1.430082
0.369338
0.464465
1.086603
0.983319
1.236411
2.381890
0.728951
0.626079
1.199092
1.838570
1.618367
0.999971
0.146731
0.710948
1.691445
0.731765
1.999364
1.405139
1.350545
0.589690
1.767625
-0.700521
-1.676756
0.445382
2.188867
2.107588
-0.215839
1.503626
0.716173
-0.781322
1.775757
2.195521
2.692579
-1.070580
1.821460
3.545300
1.956680
0.867607
0.807031
1.306912
0.816147
0.337381
2.509937
0.319662
0.081201
2.700349
0.313638
0.370379
1.335301
1.523254
2.546922
1.222063
1.394445
0.364539
1.849038
2.089755
0.160713
0.204819
1.440946
0.474262
2.713339
1.615821
0.432460
1.332912
1.164621
-0.209063
2.654337
1.551549
3.598958
1.326326
1.145352
1.739508
-0.270558
2.976612
1.009395
1.247380
1.839925
0.844202
2.059593
1.930955
2.049776
1.552617
0.985540
-0.843509
-0.213866
0.511702
1.240998
2.718236
1.694021
0.981714
0.188649
0.991950
0.772563
0.729012
-0.565046
2.461038
0.599686
1.343802
3.179807
0.088162
-0.212153
1.710262
1.821870
-1.058659
0.176805
0.353669
-1.269603
1.406780
1.226515
1.556837
2.389028
1.208105
1.787974
1.155103
-0.046096
1.233703
-0.034748
-0.452228
0.971163
1.601671
1.232609
0.891943
0.924761
2.052397
-0.400379
2.688304
2.596906
2.712957
1.217727
3.099340
2.794753
1.549852
-0.247025
0.248972
0.273435
-0.509352
1.871634
2.098375
0.279877
0.848333
1.263059
-0.435104
1.284012
0.921113
0.090533
0.590335
0.901379
0.339552
0.361891
1.089800
-0.389227
0.325552
1.662041
0.810406
1.036258
-0.551997
-0.310758
-0.133908
0.487506
1.702247
1.516608
2.015168
0.096051
2.634090
0.299572
2.411582
-0.249597
3.087914
2.180462
0.569478
-0.090541
1.151046
1.565685
2.286284
-0.703249
0.277945
-0.294859
-0.633278
2.235878
1.947116
-0.865612
0.726053
1.491204
0.497510
0.225039
1.519363
-0.121874
-0.302093
1.441899
-0.364127
2.222589
2.370644
1.115352
1.794997
0.396710
-0.226383
1.997986
2.175910
-0.311377
3.477328
1.837006
1.940590
-0.489006
-0.188459
0.643794
0.751298
0.129525
-0.579733
1.618042
-0.252568
2.056814
3.180547
3.143014
0.679685
2.397814
1.073281
0.736219
1.763692
1.512132
1.159382
2.295720
0.483047
0.015206
0.141415
0.281119
2.177006
-0.509234
1.706388
1.396015
0.864488
0.954164
2.176872
-0.488887
-0.692959
0.546622
1.384984
2.351494
-0.759449
0.039336
0.766878
1.553342
2.323806
2.090493
2.397737
0.762126
0.426855
0.874331
1.048779
0.428608
1.526706
1.230876
0.239639
2.389792
2.393010
1.189885
2.340735
1.103845
2.108826
-0.011996
1.060762
2.269397
-0.500757
2.197485
-0.921400
-1.233790
-0.343154
0.234946
0.295694
-1.309900
1.545749
2.223354
1.296216
0.196928
-0.150592
2.696527
1.560714
-1.705728
-0.193913
0.291514
0.617280
1.421036
1.273330
1.695104
1.186678
0.894001
0.274802
1.498501
1.120793
0.047984
0.486733
-0.280398
0.619864
0.524170
1.503475
1.221585
0.259232
1.812316
0.185809
1.393318
1.027886
0.698478
2.394832
1.686616
1.435131
0.139544
-1.170803
0.929683
-0.315141
1.761385
0.069015
0.603617
2.111068
1.767854
1.060605
1.488469
0.958463
-0.247741
0.578977
2.718762
0.803874
1.385163
2.142295
1.300360
1.173489
0.908350
-0.415931
0.754038
0.485085
2.999726
-0.130344
1.148425
1.627469
-0.036618
0.767566
0.729969
1.128701
1.469330
-0.512824
0.731535
1.754820
2.342003
1.559392
1.018122
1.448251
1.368789
0.901688
1.072493
0.912712
2.118868
1.718292
1.175007
0.637366
0.776876
1.882908
1.682746
-0.281151
-0.192694
0.708677
1.982676
3.560195
0.783001
-0.188864
-0.574795
1.433648
1.195419
2.396589
1.547085
1.193886
0.492912
0.227884
0.805990
0.657182
0.675200
-0.564493
0.994022
0.704166
0.813918
2.155917
0.654386
0.625033
-1.357597
0.897298
0.787671
1.011922
1.526291
-0.046719
0.050702
1.323947
-0.835196
0.093264
0.556845
1.824591
-0.020446
2.592844
0.891252
-0.029214
2.189743
1.673237
0.772501
-0.459732
1.473467
1.198809
0.876671
1.274399
-0.127503
2.917103
0.075734
1.413507
0.588384
3.374721
2.298502
0.152170
1.159409
0.517665
1.524517
2.567342
1.685256
3.102090
2.058216
0.295718
0.605334
2.008980
-1.756810
2.209347
1.166864
1.192134
2.680645
1.518979
0.770143
1.159622
1.987351
0.968494
1.318019
3.157393
-0.344648
0.624727
1.354794
1.297414
2.224211
2.678132
2.273658
-0.908559
2.562757
0.877669
0.786177
2.411598
-0.947821
1.255509
1.947316
0.883448
1.648590
0.200040
1.821828
1.663755
0.083791
2.741723
2.087320
2.864252
3.428039
0.474020
1.319865
2.781965
2.201542
2.743675
0.323039
-0.179485
0.253622
1.561678
0.163963
0.556619
2.803876
0.136912
0.951253
-0.137036
1.023029
-0.722093
2.247250
1.044317
0.569277
1.424885
0.718646
1.267636
1.322459
1.734960
1.406288
0.555407
0.316337
0.194852
1.004745
2.968834
0.791313
1.022218
0.183507
0.749537
-0.608923
-0.619851
0.361589
1.525992
2.207164
0.366077
0.481986
1.371789
1.093811
1.673522
0.801185
1.049514
1.162633
0.142696
1.688569
0.291922
1.417470
1.240507
0.959919
-0.283909
-0.128681
1.255200
0.671425
-0.110093
0.156143
0.094082
1.544841
2.160350
1.731334
0.571609
0.957295
2.028137
0.659279
2.127722
1.813490
0.534070
1.564883
1.407071
2.193067
2.079670
1.092893
1.462602
3.290869
0.386802
1.417184
1.162747
0.342434
0.249391
2.113753
1.647562
-0.439503
-0.111817
2.701782
1.052159
-1.484077
1.209297
0.248450
0.581546
2.766690
0.008712
1.365967
2.455673
2.018647
0.713137
1.641020
0.714517
0.068423
-0.135021
0.534063
0.659835
2.184565
0.905451
2.236998
2.029505
1.120934
2.229971
0.131528
1.250043
0.383620
1.481657
1.687491
0.728482
1.134527
2.192113
0.926967
1.995707
0.676947
0.860751
0.747647
1.756155
3.355152
1.408326
2.280790
1.292976
1.223268
0.958170
1.931648
0.994139
1.474611
0.833147
-0.107453
0.560670
1.060583
2.599085
1.069614
0.913753
0.798291
2.191901
1.572947
0.460401
0.908537
-0.349792
1.036027
-0.242457
1.710443
1.764939
1.133073
0.259765
1.474450
1.296482
1.532189
1.520085
0.734200
1.526183
1.076599
0.894900
1.748730
2.838783
1.295714
0.180367
2.528058
0.673703
1.452510
1.401638
1.578223
2.046206
0.970923
-0.185902
0.971086
1.404630
