1000
0.642673
1.855585
0.458774
1.041273
-0.690604
2.621483
-0.144309
1.896209
1.722020
0.481925
0.231708
1.826553
0.981672
0.656378
1.892966
0.165490
1.086049
-0.020359
1.718750
1.642805
1.306299
0.916660
0.915795
1.805382
2.253198
0.835261
1.987190
0.480756
0.329877
1.199686
1.989583
3.548529
0.883110
-0.186399
-0.365001
1.727635
1.625172
3.480103
1.109935
-0.289914
0.083670
2.674082
1.984691
0.594619
0.717900
0.470825
1.112973
1.758552
0.267400
0.665892
3.566727
1.413229
1.695113
0.254330
0.962413
0.745752
1.242091
0.418388
0.961738
1.683902
0.452487
1.915389
0.778398
0.273020
0.763530
3.108674
-0.728370
1.396878
1.624349
0.218388
-0.908858
0.040008
1.127006
-1.022862
0.692220
1.033181
1.613093
1.331248
0.597450
1.121255
1.814288
1.253623
0.334190
-0.353513
-0.592496
-1.207501
0.306735
-0.511379
-0.274250
1.040081
1.806647
1.865018
0.059116
1.839452
-1.234343
1.160220
0.901165
1.190511
1.651442
0.251015
0.191627
2.194227
1.937235
1.722241
2.066222
1.007117
2.093719
-0.386721
1.531739
1.828859
-0.781901
1.580529
1.944506
-0.593524
0.957866
0.107931
-0.833136
0.649182
1.141056
2.015366
-0.264010
1.474305
0.062948
1.676418
1.150376
-1.026183
1.016815
0.109371
1.971763
0.852365
0.437370
1.629108
1.210862
1.012088
0.210268
1.448878
0.846386
1.019970
0.374242
-0.127134
0.282297
1.750629
1.488464
1.242943
2.471337
1.283008
0.267967
0.749456
1.976388
-0.510123
1.640711
0.791645
2.750874
0.541026
0.830591
1.771123
1.125608
-1.488856
0.280664
1.346036
1.039082
1.329477
1.753439
2.373426
2.736235
0.532441
1.608766
2.355256
1.131855
1.378310
0.903561
2.719547
0.693860
1.472960
1.221551
-0.008089
1.158490
0.433375
0.004773
1.332387
0.697226
2.837271
-0.400053
2.892492
2.075861
0.323592
0.349721
0.492367
1.884016
0.527974
0.779205
1.502600
1.167389
0.733826
3.107250
1.821466
0.041782
3.203174
2.146762
2.030916
0.994253
0.162571
2.611573
0.886227
0.832732
0.811522
4.802461
1.184582
-0.914042
0.369608
0.928959
1.626703
0.364720
1.994042
0.337472
0.715280
0.591491
-0.536459
-0.127795
1.091940
1.577893
0.544461
1.090133
1.933426
0.452000
0.838540
2.791781
-0.405704
1.465531
-0.845047
3.290965
3.252000
1.496123
1.343137
0.962055
2.244256
-1.619884
2.016302
2.304642
2.120973
-1.377160
2.035049
2.590868
1.761325
0.533299
1.745461
0.961425
-0.856447
1.737769
0.543193
1.690642
1.355011
-1.076531
1.552867
1.474987
0.264091
0.502418
2.550658
1.411565
1.405601
2.921895
0.413036
3.312352
0.517877
0.812391
2.010088
1.728695
1.540930
2.494618
3.233547
0.098717
0.325232
0.604558
0.119334
0.306493
0.275200
0.090892
0.807466
1.949431
1.229051
0.241843
1.046783
1.565362
1.366649
2.310090
-0.780957
-0.073633
0.116370
1.959590
1.077865
0.453022
-2.048856
0.280425
2.177993
2.531239
0.865826
0.741311
0.524396
1.779484
0.214417
-0.145166
0.399782
0.794277
1.584556
1.899320
0.980114
2.070724
-0.622093
-0.216362
1.631130
0.669059
2.190755
1.391488
-0.532378
1.267407
0.582138
2.181651
0.418930
-2.120018
1.915913
0.802480
0.593230
0.469446
2.391620
0.954657
0.823527
-0.303736
0.811352
0.068782
2.280094
2.297505
0.385873
-0.313003
1.959767
1.574472
2.577010
1.758159
1.893816
1.068067
-0.602734
2.388075
0.827468
0.852928
0.680559
-0.539477
1.381140
2.013345
-0.603769
0.911879
1.628547
0.563951
0.576786
-0.471626
-1.025181
3.022135
0.936828
1.990234
0.422218
2.269794
1.578341
-0.697165
1.790068
1.159734
-0.234099
1.085335
0.948722
2.257644
-0.945470
0.505803
1.259469
0.862517
0.113836
1.019111
0.396390
0.075971
1.372634
0.450305
1.703402
-0.262105
1.085177
0.166335
1.298590
2.103174
0.427187
-0.583332
0.901418
0.575086
0.048914
0.125523
0.074772
1.066969
0.298104
-0.163289
0.586101
-1.107240
2.296534
0.180948
0.499624
0.054603
1.667927
1.359576
0.672954
2.753671
2.101951
0.411238
0.990568
2.109454
1.939520
0.465388
1.163773
0.067043
1.191541
0.314857
1.662629
3.255454
2.459012
0.294118
1.076799
0.557762
0.180859
0.616545
2.349386
0.868945
0.817309
1.074025
2.141906
1.290865
1.972305
0.175435
2.268564
1.370959
-0.611584
1.317464
0.764382
0.380508
-0.358841
1.320921
3.082207
1.891816
2.286387
1.607593
0.559709
-1.091167
1.412608
0.869969
2.706983
0.522775
0.681912
0.370810
-0.422622
-0.356675
0.296668
2.260370
1.578297
1.029205
1.170547
1.809217
1.721303
0.944091
-0.439111
1.085184
0.548806
1.156755
-0.096760
1.744946
1.800889
0.335148
1.489292
-0.216221
1.400352
1.470113
1.134767
2.218252
1.157143
2.619311
-1.119738
1.186648
-0.207293
2.361866
-1.020116
0.469506
1.030956
-0.430529
1.690286
1.126988
1.170328
1.528060
2.143233
-2.344353
0.894787
1.543211
1.186409
0.740749
3.435575
-0.370513
1.037545
1.580365
1.460628
0.077905
-0.062676
2.092913
-1.266682
1.826164
1.140329
2.420527
0.940374
2.002242
0.846633
0.917458
1.306323
1.736923
0.939124
2.508142
0.339907
0.369894
2.489183
1.828038
1.384680
2.872509
3.528964
0.881278
2.097747
1.836268
2.532875
2.285838
0.731912
1.286370
0.596873
2.016372
-0.121233
-0.920169
-0.045173
2.196828
0.194602
0.365240
-0.674221
1.010944
0.467197
0.746701
-0.275827
0.941666
0.368978
1.730003
0.699640
1.758193
1.272527
2.119030
2.218118
1.864816
2.508896
1.862358
0.268501
-0.470393
1.436071
2.297305
1.509432
0.465091
0.583389
0.400067
-0.215879
2.201045
-0.785454
1.726707
2.662029
0.229599
1.653972
1.411591
1.133370
0.607757
1.633790
0.018219
0.586843
0.760655
2.214262
0.569898
-0.273585
0.463539
0.835161
1.419168
1.335619
2.192763
1.022202
1.875137
0.693343
0.273901
2.252581
1.441318
0.850569
3.056175
1.437508
2.822336
2.720895
0.943849
1.714449
0.249574
0.898695
0.601483
-0.006082
0.916199
2.974323
-0.304043
0.147772
0.624986
0.482819
1.172486
0.680245
0.530638
0.805133
0.036517
-0.492677
0.051847
1.229801
1.809388
0.795688
0.572901
3.126617
1.922983
0.847634
1.185250
0.435414
0.954442
0.669826
0.900747
1.731089
-0.085470
1.514528
2.091227
2.765780
1.769872
2.647936
1.459568
2.849404
-0.774640
1.255729
2.375035
1.636623
0.586155
1.939024
0.698659
-0.086563
0.403551
0.629865
0.892152
0.414181
2.819768
0.890193
1.546703
-0.053024
-0.484727
-0.069462
0.675266
-0.608261
0.772061
0.826580
0.464856
0.567679
0.802481
0.554809
2.327239
1.616708
3.022297
0.920675
0.989001
-0.071459
0.785947
1.645011
1.215745
0.526373
-0.271495
0.836270
0.173175
0.946107
1.872867
2.323918
0.415778
1.440716
1.978357
1.865732
1.502468
2.256416
1.636317
0.195995
1.818910
1.877247
0.784742
1.026131
4.541816
1.081106
2.385147
-0.534633
1.400896
1.902837
0.586617
-0.124823
-0.137826
1.455643
0.884372
1.213160
3.566596
-0.768473
0.710098
2.529399
1.821186
0.227240
-0.246679
0.881263
1.618489
1.389625
-0.661653
1.114984
0.599354
0.005821
0.100854
1.200587
1.364668
1.535442
1.968899
2.371350
1.082144
1.580902
2.183101
1.108190
1.400411
1.316426
1.529187
1.679630
1.325584
2.561996
0.720770
-0.397195
1.244862
0.716537
1.111945
0.576930
2.476375
-2.056070
0.338953
-1.034763
0.608547
1.700443
0.455060
1.653076
1.453762
0.830888
-0.601912
0.618697
-0.135618
2.679984
1.468167
1.634891
-0.059047
2.269775
0.435598
3.724014
-0.492970
1.627229
-0.194917
1.034406
2.700996
1.352229
1.428433
2.176949
1.143463
0.512130
0.018236
0.116816
0.828528
1.287699
0.880555
0.971801
0.673673
0.578369
1.490348
0.921589
1.954428
0.458339
0.161078
0.616110
1.458709
1.585211
1.372078
-0.527769
2.279348
1.359055
1.091238
0.816070
1.245332
2.063783
-0.297520
-0.281711
0.779673
1.939249
0.536940
0.231337
2.366701
0.852557
1.549077
3.168244
0.060663
0.789043
1.421543
1.017937
-0.925989
1.287824
1.040758
1.040019
0.228786
1.124515
4.319922
0.989090
3.175663
0.432622
-0.371384
0.882689
0.882831
0.447005
-0.037086
1.399820
2.127872
1.571817
0.263528
1.951244
1.425260
2.802889
-0.784972
0.935562
2.302646
1.589070
2.191072
-0.433668
2.069948
2.656520
1.557453
0.059398
0.107764
0.672990
0.468856
0.398796
-0.343392
-0.293666
0.790494
1.039544
0.643545
1.180017
-0.100415
1.801406
0.473622
2.998896
0.695477
2.041526
1.999339
1.349291
2.218680
2.005606
0.775947
0.587952
0.710338
1.931721
0.758748
0.605068
0.593608
1.054833
1.051265
2.530872
-0.993415
0.033498
2.057077
1.633659
1.371663
1.232664
-1.512736
-0.424084
1.776584
0.177259
0.130254
1.783954
1.494997
1.698803
0.511133
1.638481
1.231728
1.184383
-0.346249
0.952823
1.885342
1.754953
0.214102
1.615616
0.437682
2.153243
1.518380
0.988957
0.762788
2.129184
0.705603
0.879440
2.655545
3.410541
0.707180
0.422370
0.846375
0.620723
1.267201
-0.591488
-0.700075
0.947463
3.234339
-0.465756
1.264902
-1.235348
2.036839
1.739097
1.349354
1.232727
0.067591
-0.051568
2.276140
0.277053
0.137914
2.007375
0.204544
1.745180
-1.081515
0.637107
2.104928
2.317932
0.265598
-0.898741
0.463314
1.997526
2.477878
2.400949
2.797225
-0.571399
0.076821
0.803869
1.478575
3.956392
1.494192
0.387046
-0.760347
0.732072
1.988873
1.892268
0.623212
0.392648
0.970544
0.756854
1.848429
0.846253
1.090094
1.201598
0.252347
0.211595
-0.124534
2.082550
-0.120478
1.080784
1.364689
-0.707283
0.658741
0.998977
-0.547958
1.923430
1.748880
0.731854
0.450578
2.001405
3.512891
1.224395
-0.147040
1.006993
1.213509
1.268421
-0.069827
0.379422
1.140787
1.014497
1.612338
1.226178
1.932017
2.980957
0.988677
0.159228
2.022095
2.169093
2.251393
0.952655
-0.704666
0.360435
2.058376
2.414974
1.155347
-0.419257
2.339982
0.361938
0.734424
1.875210
0.836153
-0.547402
