1000
0.460201
0.930906
0.743368
2.152640
0.483248
1.446068
-0.411387
0.678223
0.066150
0.917170
1.653898
1.920200
0.227452
0.225312
2.180506
3.063158
1.607846
3.098543
1.520158
-0.709415
1.867619
-0.009633
0.767000
1.255394
3.220319
0.811940
4.310263
-0.277907
0.517652
0.980733
1.762553
0.888046
1.542222
0.942384
1.503562
1.799609
1.635806
1.823360
1.832190
2.001139
0.815865
1.094941
0.399352
2.011351
-0.462258
1.314797
2.764066
1.415965
2.772494
-0.908095
-0.246431
0.270480
1.977892
0.898939
-0.292041
1.138387
0.440756
1.876868
1.343236
2.236717
-0.060423
0.060360
1.430503
2.141608
1.209710
2.676082
1.294359
1.035171
1.966496
0.829545
0.086449
2.182063
1.288751
0.107709
0.476833
0.335217
2.026602
1.247504
1.750766
2.444378
1.946537
2.556506
2.484187
0.733844
0.918418
1.012878
2.294430
1.679386
-0.157457
0.032881
0.505653
1.786725
0.160809
-0.137399
0.714678
0.837576
1.007442
0.929274
0.785680
0.474770
1.239534
2.988288
2.576169
-1.664327
1.970926
1.818232
1.653213
-0.476513
2.321721
0.565893
1.038427
0.970914
-0.808859
0.739454
2.270995
1.417570
1.535783
1.603922
2.115935
1.002366
0.947220
2.163096
0.855748
0.147007
-0.351153
1.788757
1.715267
-0.258940
1.155258
1.519665
1.013689
1.634696
0.400412
1.332483
-0.246585
1.804158
3.535560
1.375623
-0.193857
4.001762
1.924979
2.192622
1.996827
2.436735
2.047916
-0.116294
0.000470
0.146345
0.828246
2.843651
-0.328987
-0.695194
0.116086
0.464021
0.478752
1.125162
-0.170629
0.836862
0.338911
1.150123
1.075962
2.736014
0.062480
0.582546
1.680964
2.303300
1.165874
1.174984
0.275508
-0.247922
1.415989
1.888315
1.280999
3.162111
1.176282
1.399048
1.645619
1.773133
0.067638
2.174483
0.934283
-0.477589
1.365264
0.429309
-0.236749
0.452783
2.201079
1.764489
0.922715
0.860729
0.670619
0.275596
0.020744
-0.178574
-1.024720
1.202946
1.358298
-0.290779
0.641114
0.707177
0.277713
0.045792
0.530547
-0.634139
0.776915
1.830372
1.434631
2.951830
0.826124
0.289264
-0.031817
2.757454
1.192775
-0.336436
0.319840
1.680744
0.950829
-0.358899
0.671339
0.386126
1.569345
2.415788
0.315642
0.151458
-0.144157
1.914179
0.981776
1.201075
1.067360
0.096690
2.332728
0.301744
1.440793
0.928659
1.520838
0.295204
-0.719558
1.785404
-0.458583
0.170137
0.469923
0.452237
2.297413
1.099154
1.836871
-0.001931
1.094523
1.347340
0.968039
3.428453
2.317753
0.151873
-0.651948
1.461669
2.670503
0.654375
1.293536
1.749192
1.784727
0.648127
1.007696
0.042637
-0.028522
3.291258
1.089393
1.193022
2.001199
1.299254
1.393070
1.312889
-0.967447
0.759942
1.921077
2.387336
0.295770
1.410525
2.264368
0.325093
0.646265
-0.990695
0.921598
3.022553
1.535962
1.994070
1.709238
-0.678224
-0.219948
1.603172
0.577656
0.218326
2.394612
3.286210
0.009524
1.977284
0.684606
2.113634
-0.060370
3.926756
1.209686
1.827705
0.540554
1.515916
0.044501
-0.384313
1.661997
1.319402
1.749055
1.698519
1.535304
0.296377
-0.065563
2.303858
-0.893019
1.002860
-0.878709
1.081428
-0.781374
0.994559
-0.615033
2.151398
-0.570185
1.083143
0.077629
1.213297
1.395663
1.260103
0.949922
2.004071
-1.299183
1.275571
2.545729
1.239010
0.631262
2.218456
-0.196732
1.934810
0.842871
0.251559
-0.196434
-0.580517
0.875403
0.186834
0.877660
2.456747
0.858307
-0.700747
0.573782
1.258584
1.338940
2.112657
1.119122
0.367679
0.677477
2.677455
0.077678
-0.212657
2.366619
0.328626
-0.587662
0.147767
1.500108
-1.813746
0.246481
0.179735
0.292768
2.135784
1.684177
2.110588
2.030721
1.231555
0.340711
1.888502
1.673070
1.649397
-0.204918
0.265536
1.339002
0.251848
1.927255
2.500688
0.731380
1.780724
0.933487
1.481503
1.851761
2.297652
-0.801412
0.533337
1.708363
-0.757730
-0.182745
0.342116
0.677141
0.716764
1.827856
1.894539
-0.887980
1.264096
1.059794
0.264817
1.397031
0.393867
1.903436
1.536722
2.007429
1.724321
-0.854382
1.457675
1.378574
-1.128906
-0.112525
1.257763
1.928917
1.173041
1.236525
2.033809
0.872766
1.292162
2.467320
-0.387834
0.875136
1.172420
1.977061
0.564212
0.843782
0.954902
0.722938
-0.414882
1.118836
1.444922
0.735476
0.164447
1.948608
0.388012
1.992369
0.704251
2.851106
2.000560
-0.294235
1.432399
2.225690
1.894071
1.213461
1.158106
1.583237
1.263581
1.878427
1.153506
1.653485
-0.889825
0.801585
0.544170
1.832909
1.060815
-0.830273
2.989241
0.482311
1.466996
2.279742
2.406791
0.654191
-0.531231
0.502208
0.493684
1.898645
1.244305
3.924962
-1.424543
-0.857994
0.893465
1.543720
1.170151
-0.867947
0.952056
-0.885409
1.672566
-1.224746
0.569984
1.447325
0.406820
1.048769
1.372427
1.704813
0.229572
1.364294
0.339355
0.908220
1.553128
1.652106
-0.108670
1.746454
1.454371
3.509683
1.773957
-0.716519
0.338993
1.153518
0.753107
-0.176239
0.669391
1.385033
0.116211
2.970685
2.503330
0.579250
2.817473
0.181389
-0.144120
0.131479
2.285479
0.109968
1.852032
0.508084
-1.346110
0.497233
1.277058
0.380416
0.709146
-0.143534
0.507077
0.909632
2.851397
1.081743
0.823113
-0.299911
-0.902084
2.186410
0.404500
0.414035
1.214404
0.959118
-0.058135
-0.358582
1.265303
2.091750
1.747450
0.455319
1.083728
-2.207423
0.668465
1.825113
1.902062
0.975777
0.912306
2.119078
0.235054
1.526998
0.882786
1.277112
-0.173627
0.199667
0.320087
0.326247
0.218856
-0.792215
1.524646
0.921042
0.163953
-0.142340
0.659765
1.080475
1.817403
-0.209785
1.506839
1.107190
-0.595254
0.197176
-0.579439
1.385247
1.937511
0.852363
1.422427
2.059912
0.771875
1.683301
-0.082860
1.719747
1.438204
0.821480
0.932012
1.937262
1.536914
2.966816
0.562325
2.095641
0.873136
-0.059312
-1.072068
3.789394
0.450698
2.898964
1.929241
0.864350
1.029219
1.835828
1.741342
1.217349
0.432265
2.497409
2.637943
0.430551
0.767981
2.138042
0.777535
0.623668
2.353618
0.432993
0.348661
1.815167
1.377756
0.028796
1.786132
-0.330229
1.668260
1.347156
1.390212
1.004593
1.169608
0.686828
0.821872
0.472476
1.860045
0.617112
-0.277453
0.431048
0.882545
1.348073
2.229874
1.509213
-0.446352
0.758527
1.138604
1.914270
0.392900
0.479551
0.745131
2.064000
1.433620
1.326732
1.700456
2.264357
-0.124968
1.522252
1.579934
1.067801
0.189183
-1.933410
1.804521
1.671685
1.446495
2.668679
0.537419
0.938787
-0.434949
3.409809
-0.347332
0.157226
0.526210
2.850828
-1.318100
0.609098
0.696472
2.689555
0.312169
1.856859
-0.718292
1.268139
1.472272
0.424544
1.673781
2.221910
2.367431
2.257973
0.739855
-0.461165
1.129648
-0.725518
2.087651
2.453496
-0.096869
0.547496
-0.616046
1.272744
1.276947
-0.504499
0.900578
0.446973
1.102064
0.999314
1.504324
1.120728
0.640496
2.797821
0.846019
0.368324
0.827378
1.614831
0.542529
-0.054691
1.321531
-0.113144
3.520699
2.124032
1.937425
0.245922
-0.266636
1.149665
1.489440
1.847126
1.750452
1.746175
-0.276503
0.885517
2.023292
0.655599
-0.023041
0.733409
-0.668259
2.924671
0.621870
0.419527
1.596783
1.446409
1.249836
0.781461
0.679236
1.442499
-1.327566
2.074809
0.760482
1.196757
0.761446
2.267370
0.507547
-0.134012
1.026141
0.624349
-0.734541
0.079869
-0.841841
2.004473
1.633466
2.010021
-0.710453
0.620961
0.382255
1.319233
0.246450
2.427414
0.077233
2.067228
0.044308
1.478876
2.011566
0.831122
1.246356
1.006083
-0.798927
0.761349
-1.140647
-0.597370
1.822916
0.259179
0.477292
1.813105
1.260218
3.239627
2.885071
2.236569
0.123553
0.762223
-0.004280
1.697668
0.427462
-0.175480
0.256705
-1.153913
-0.593664
1.824524
1.243556
1.048975
2.072250
-0.051682
-0.959792
-0.252429
1.026473
1.124644
1.811057
-0.077457
1.583697
-0.310631
1.057395
0.088444
-0.365274
1.792703
0.345136
1.561755
0.415401
0.412629
0.441386
2.155155
-0.470270
-0.219487
2.447619
1.038384
1.120477
2.170271
-0.820351
1.197250
0.593341
2.176810
0.135187
-1.019644
2.334168
1.266142
2.338081
0.700620
1.350232
0.139708
2.555953
2.595841
0.178679
1.761490
-0.060470
1.402452
0.553262
1.546499
2.056942
0.153234
2.719473
0.409681
0.061825
1.231182
3.321610
-0.894207
-0.344445
0.711149
-0.302490
2.490644
1.963356
1.901044
1.359137
1.546538
-0.186889
-1.545985
1.904353
1.789815
1.936782
1.920924
1.618866
0.950162
-0.945432
0.008433
2.770210
-0.657612
2.206956
3.027896
1.348695
0.985978
-0.564945
0.080157
1.055848
-0.237120
2.005689
2.106116
-0.120803
1.258255
1.765981
-0.185875
0.573341
0.215824
-1.097319
1.668332
-0.110163
0.524244
0.803384
0.080571
1.390299
0.983805
2.645997
-1.401027
1.567734
1.557349
1.556746
1.569179
-0.133183
1.870400
1.021652
2.195328
0.812285
0.197757
2.336839
1.549096
0.448955
2.224869
1.741549
1.047129
1.932057
1.245283
0.532084
-1.499344
0.895556
0.098563
1.239583
0.944254
1.835083
0.441133
1.817230
1.422705
0.604455
1.327004
0.029492
0.220025
-0.262522
0.931531
0.396479
1.229414
3.091810
0.406899
0.299296
2.204528
1.242867
-0.259523
1.239147
1.634875
0.738269
0.671743
1.188451
0.931719
0.411373
1.087667
1.834914
1.172249
-0.216169
1.180564
1.309412
-0.130467
0.102383
2.194470
2.241346
0.990459
-0.584225
3.916910
0.216025
1.465578
1.699627
1.315132
2.790271
2.333515
2.302804
1.835355
-0.305736
0.451458
0.843610
2.694377
0.549041
2.032452
1.459506
1.880742
1.103749
0.272095
1.124248
-0.458466
1.036393
0.702207
0.638351
1.429004
0.973723
2.146861
1.423463
4.201099
1.072631
1.871566
0.085627
1.819722
1.133164
-0.258699
-0.038251
1.274600
1.701005
0.091575
-0.074025
1.347782
0.882769
0.849766
0.773824
1.313473
0.897689
2.120186
0.394345
1.055021
1.064332
0.344005
1.095485
1.920743
1.393815
2.018165
0.202440
1.526042
1.257084
