1000
0.571878
0.638413
0.874923
1.380003
1.534346
3.533156
0.936605
1.619506
2.993329
-0.200017
2.263885
1.247497
3.005248
0.693414
1.218090
1.241357
1.985565
2.145388
1.682960
0.092727
1.547347
1.230126
1.767348
0.554728
2.820464
0.861457
1.833514
1.315175
1.192555
2.737423
-0.117667
2.565728
1.170746
2.508057
1.158925
1.497822
1.241277
1.726397
0.197630
1.280849
0.495006
0.390540
0.277942
2.317995
-0.526731
0.345415
-0.117849
1.681046
1.054353
1.192860
2.825770
1.917534
1.009403
-0.150961
1.746844
-0.152218
1.713032
-1.201646
2.020522
1.166302
0.152457
2.230914
0.897570
-1.073391
1.001390
0.178153
1.569507
2.100370
0.758827
1.961814
-0.072341
0.840611
2.259693
0.336962
-0.362594
1.461397
1.073252
3.913130
1.264191
1.453915
2.579043
2.989674
0.353879
0.474555
0.290379
1.506568
0.905489
2.833913
-0.197773
2.060660
1.639705
1.229088
1.482100
0.168038
4.325903
1.362726
1.162931
2.683109
-0.494029
0.139196
1.562883
0.932839
0.299083
1.906455
1.431771
1.094364
0.532321
2.123608
1.511096
1.464266
1.140330
2.235102
2.561771
0.548588
0.493643
0.348051
0.435249
2.576720
0.974458
0.716816
-0.046404
1.767339
1.150260
1.643174
1.367940
3.059068
1.752005
1.435997
0.719812
0.057834
1.796374
1.277322
0.538389
1.847622
1.939413
2.019989
-0.012961
1.083360
0.416490
0.606778
2.167863
1.953556
0.758390
0.486668
0.808922
4.009539
1.679741
0.021679
1.789692
0.353327
-0.731836
0.959325
-0.747560
-0.624758
1.913128
0.650618
0.605728
2.706368
0.963330
-1.359724
1.136657
0.312625
2.599189
0.429100
2.299606
1.996346
0.023515
1.871993
0.732930
1.364258
2.859455
2.557281
1.492159
0.417579
-0.195024
-0.056765
-0.790160
2.016274
0.479548
0.442385
0.146783
-0.281687
0.998086
1.056426
1.311306
0.090682
0.515638
2.129770
0.708188
2.462551
-1.413633
0.505732
1.120101
1.762754
0.806353
0.973098
-0.426418
0.121678
0.024994
0.836260
0.660161
1.260393
1.422669
1.660584
0.732897
2.825904
1.329748
0.133845
1.898190
0.542047
0.171504
2.554583
0.826829
1.138285
-0.006888
1.249365
0.495366
0.269947
0.839399
2.271898
2.443475
-0.591144
1.376816
0.310833
2.133525
-0.589171
0.928366
0.466030
3.114648
-0.120405
2.134577
2.549927
0.384221
2.141082
1.843428
-1.061783
2.233527
1.441861
0.963741
1.515969
1.219200
1.977484
1.964772
0.222438
-0.122025
3.510751
1.278804
2.454959
1.946328
0.326756
2.659227
0.686822
2.787710
2.016192
0.480099
0.135977
1.991273
2.589668
0.099229
1.692942
0.490629
0.052881
0.228692
0.615222
1.992708
1.376216
1.514624
2.523335
1.766671
0.139646
1.185678
1.615337
-0.238794
0.610154
1.310709
2.562089
0.978775
-0.695959
1.989621
0.320927
1.167553
-1.874786
0.259380
2.067915
0.316565
-0.157599
-0.285897
0.676011
2.112956
-0.175657
0.043115
1.516334
2.213106
2.359016
0.993904
-0.489038
1.118444
0.467085
0.933952
0.868116
0.530923
-0.501888
1.249927
0.153219
1.698291
1.553867
2.315344
2.756285
-0.447542
-0.122097
0.251147
-0.193529
1.065132
1.081878
0.472895
2.717538
0.554991
2.086430
-0.524653
3.138220
0.987335
1.199517
-1.578457
2.442159
0.146240
1.895762
1.849374
1.260191
0.498874
0.880210
1.650887
2.709976
0.522265
-1.182347
2.578534
1.241694
1.973367
-1.179350
1.846017
2.476632
0.299381
2.310269
1.407961
2.107446
0.165498
0.245052
-0.256033
0.779420
2.045679
3.008621
1.771037
-1.333881
-0.084899
1.319375
1.030348
0.628582
1.849098
-0.758502
2.431089
0.388458
1.093785
0.283103
1.242937
3.077614
0.610926
1.879365
1.618048
0.701375
2.360350
1.778498
1.060286
3.157309
-0.375573
3.751765
-1.301882
0.457866
1.185179
-0.419396
-0.469504
1.780732
1.329331
0.014310
1.834119
0.820173
0.467756
1.218602
0.145816
0.665935
0.442582
0.569686
0.829873
0.081133
1.766911
-0.161063
0.339776
2.799162
0.972706
2.781334
0.675203
0.102285
-0.563313
0.100752
1.370350
2.287456
0.193363
1.584872
-0.687838
1.503525
1.050041
-0.634796
-0.576663
0.876330
0.519823
1.484134
1.151846
1.548835
1.023723
1.432201
1.057218
0.835152
0.011856
1.854382
-0.282820
1.168629
0.257078
1.865206
-0.692129
0.279437
2.963638
0.694746
1.905368
0.366955
1.529897
0.657539
-1.212899
0.134171
2.838736
2.002497
0.557135
0.059231
0.519556
1.505477
1.027332
1.791723
1.679256
0.579230
2.209686
-0.116931
0.291915
1.078433
2.077311
1.828428
-0.440338
0.484216
1.286037
2.064154
1.603920
0.563259
2.854916
1.220003
1.328473
1.764487
1.937670
2.367060
2.317122
0.515729
1.587828
0.625923
2.339034
0.171740
3.305330
-0.477076
1.175988
-1.084854
2.505523
0.978783
-0.059048
2.659736
2.805443
0.559624
2.279643
-0.028811
1.022620
0.177140
-0.104964
0.960334
1.059036
0.015092
0.875913
3.526576
1.333931
0.460066
-0.249559
0.864099
1.919217
1.677401
1.896607
2.667986
1.080770
2.010284
1.337110
0.881322
-0.620185
1.087594
1.338398
2.899725
2.260104
-1.574385
-0.671646
-0.482550
0.364544
0.174554
2.305229
1.651208
1.253838
0.826764
-0.518170
0.494993
-0.219121
1.519280
1.690799
0.951177
-0.775936
0.155003
0.250253
0.455584
-0.045973
1.405429
0.077546
0.918923
1.934190
0.228544
0.182079
0.341842
1.399611
0.041409
2.186923
1.461028
0.699539
1.735464
-0.807185
1.981462
0.793576
3.058981
-0.207689
1.142023
0.837666
1.657054
-0.692382
-0.087668
1.729846
-0.107420
0.940947
-0.724598
1.041625
0.857408
0.885011
0.915369
1.421047
1.752104
1.795988
1.855455
1.473347
0.381156
1.303307
1.863094
2.487537
1.267601
2.482221
1.714357
0.853286
1.195837
0.786008
1.470533
1.854964
0.624806
1.962979
1.651365
-1.368532
1.657473
1.282040
1.075954
1.085875
2.492303
1.128840
0.014165
-1.914062
3.018503
1.561780
-0.063184
-0.050739
3.436774
1.392193
-1.079079
0.652394
0.814779
0.779621
1.047834
1.264627
1.100695
1.077617
3.108061
1.761874
1.303666
2.995413
1.048939
0.854576
2.842807
-0.541049
1.839620
0.512665
2.419947
1.219997
-0.346781
1.735495
1.069255
0.632296
1.336856
0.512971
-0.004711
1.618754
-0.176674
2.329021
1.658162
0.697510
0.775635
2.434869
-1.163314
0.612375
1.759659
0.942031
3.056829
0.890948
-0.989270
0.027861
0.704220
0.993681
0.437270
2.162868
1.812899
0.704351
0.342941
0.733232
1.248426
0.598430
3.101048
-0.389842
0.022776
0.134079
0.743083
-0.437827
-0.439886
0.866474
-0.193811
1.361322
2.728701
2.558540
0.503595
1.631262
-1.230986
1.463826
-0.007986
1.211860
0.482453
1.308384
-0.329319
-0.119733
-0.224784
0.424169
-0.154056
-0.452502
-0.135551
2.197370
-0.691922
2.142631
0.822611
0.401128
0.239712
1.277187
1.775425
0.384115
2.505732
1.778236
2.131655
1.815168
0.380263
0.823888
0.071382
0.993545
1.224907
-0.177832
1.775201
2.315113
1.115044
1.197188
1.338677
2.009635
0.276090
2.071193
1.412755
0.839853
2.155651
0.502046
0.149657
1.964114
2.200811
1.696261
1.388202
2.359786
1.176827
0.452501
2.583031
0.518835
-0.214736
1.144480
1.868132
0.581946
2.649493
2.117000
0.449267
-2.027962
1.123584
1.812357
2.323424
1.191994
0.990235
0.764964
0.092106
0.999596
0.442198
0.163051
0.197068
2.134229
1.021094
0.517598
0.076544
1.902719
0.900245
-0.381664
2.197084
0.238839
0.550476
1.178128
1.286954
1.570340
1.003096
2.280975
0.432990
0.732790
0.593846
1.220371
1.152567
1.921060
1.268482
2.648707
0.169703
0.022644
0.939500
0.250449
0.266469
1.034505
1.609910
2.322848
1.003924
1.876965
0.943253
1.942560
0.502371
0.863414
0.772141
2.584424
2.069349
1.329910
2.864319
1.162028
-0.105126
1.799429
2.287491
0.307807
1.336475
1.199435
0.963421
0.976929
2.417333
2.111511
2.632491
-0.170777
1.874641
1.538819
1.084235
2.130517
1.435114
0.873925
1.836871
1.412292
0.873860
0.091953
2.340796
0.356401
-1.245299
2.042643
1.897276
0.356608
1.103491
1.161581
1.749702
0.589296
-0.056306
1.826460
0.507878
-0.160006
2.333455
0.477654
0.250812
-0.339479
3.257014
1.457672
0.829437
2.558400
-0.070364
2.824846
1.674167
1.160828
1.777662
0.684698
0.912184
1.254445
-0.011107
0.616339
1.635100
0.552115
1.582308
0.982285
2.931201
0.978108
1.993768
0.509691
1.330556
-0.844240
0.061265
-1.108938
1.652196
0.310039
1.958297
-0.133076
2.466932
2.051319
0.902962
0.627477
-0.445943
0.070917
1.118179
0.184520
1.598845
-0.274168
0.549994
1.313151
0.866130
1.113606
0.666903
1.455767
-0.089758
1.105800
0.871072
3.063247
1.708514
1.574533
1.460533
0.843839
0.770350
0.035261
1.013209
2.496911
2.525761
0.773746
1.132410
0.565132
1.979530
1.856301
2.862426
2.369673
0.285580
-1.226385
0.009127
-0.935161
1.696147
1.296408
0.654123
0.359705
2.162849
1.310698
0.710617
-0.524094
-0.371008
0.186100
1.121022
0.675199
0.330668
1.204050
1.175918
-0.134909
0.756892
1.011865
2.227412
1.369956
0.700614
2.088740
0.984898
1.299271
-0.469029
0.754716
0.648092
1.480800
0.338318
1.718150
2.187815
-1.330435
1.203048
1.738446
1.517045
1.624300
1.544112
-1.539392
-0.905502
0.832280
1.520956
0.822584
1.841976
0.898449
0.390446
-1.049090
1.800818
1.455011
0.163137
-0.500955
0.840488
0.861836
1.478947
0.361455
2.027920
1.804290
-0.151874
2.354738
0.537644
1.771936
0.028876
2.109226
0.940945
0.308759
0.900983
2.453918
0.371745
3.712173
2.035018
1.699541
2.686915
-0.715035
1.744277
2.485208
1.147292
1.250134
-0.203322
1.019333
0.351433
0.425274
1.764714
1.632550
0.035428
1.412528
-0.504771
0.722785
0.993313
1.666261
0.420416
1.100774
1.599749
2.241131
1.777547
3.902703
1.269427
1.465794
-0.389424
1.348944
-1.221290
1.813752
0.230117
0.459104
-0.006276
1.165120
1.078584
-0.163126
0.258320
0.288566
0.301662
0.453885
-0.567499
0.364225
0.355714
1.221758
1.794951
