1000
0.887576
0.839355
-0.400366
0.232980
1.051681
1.220975
1.096882
0.329049
-0.350831
3.200501
1.311693
2.917366
-0.422000
2.536551
1.687500
2.530816
1.209134
1.365562
0.785866
0.700852
2.544301
1.963680
2.145904
2.173845
1.064953
1.072756
1.459562
0.888492
2.164150
1.509353
0.877696
0.767855
2.239251
-0.249999
-0.265287
2.288147
1.157652
1.653254
1.699187
3.619028
1.458383
1.552352
-0.537362
0.811700
0.299389
1.001443
0.102973
1.893534
0.009230
1.944659
2.263455
1.246313
0.422722
0.901428
0.889040
-0.612842
-0.008979
0.624620
2.325027
0.196419
1.292621
0.430293
2.846946
0.497873
0.613402
1.512053
1.070560
0.889223
-0.164082
0.351625
1.773933
0.677681
-0.279705
0.390732
2.100911
0.874469
1.478294
0.543829
0.754123
0.285842
2.434843
1.856015
0.485006
0.320568
2.237414
1.764753
-0.446301
1.524732
-0.419111
0.038878
2.684157
-0.628647
2.254098
0.638580
1.130554
1.215037
1.157151
1.298361
1.442522
-0.322792
1.221488
0.083922
1.519135
-0.595544
1.130763
1.292840
0.698218
0.463727
1.325620
1.422740
2.523508
1.273259
-0.372077
2.352868
0.643834
0.805201
1.283134
-0.059224
1.273022
3.970128
1.199024
3.681287
2.132783
-0.027057
1.329084
1.043284
2.663143
1.396727
0.978950
1.689050
0.749838
1.063958
0.461305
0.264102
0.461796
0.848358
1.007164
1.762412
0.995567
1.445261
0.079754
3.593900
1.488512
1.916230
0.210498
0.327335
1.193948
0.612498
-0.161748
1.709523
-0.273718
1.496175
-1.359615
0.275951
1.274221
0.701455
1.093970
-0.016061
0.891965
-0.730324
1.234752
0.759183
1.984578
0.805818
0.763209
1.954307
0.364537
-0.196999
1.812088
1.982100
-0.173230
2.283944
1.193548
0.177924
0.592760
-1.270524
0.539502
1.312283
1.346945
1.600095
1.193654
1.989325
1.014784
0.897538
1.104982
-1.364140
2.032817
1.807736
0.238886
1.621656
0.852492
1.237867
1.099401
0.630143
-0.495209
1.315206
0.711850
-2.132048
2.012873
2.848744
3.729195
0.563122
1.160489
0.087805
0.701377
0.275736
1.312328
0.901298
2.263135
-0.002847
-0.257082
-0.016425
-0.633676
0.715959
1.221225
1.323977
0.866843
0.234673
1.887804
0.107175
1.943892
0.972129
-0.712453
1.480457
0.804833
1.838520
0.689884
2.352560
1.708042
2.722433
0.947489
1.004282
0.431868
1.032530
-0.592342
-0.209283
0.262670
0.051900
0.662475
-0.100276
1.888941
-0.507364
-0.314422
-0.331624
1.258496
0.988417
0.309473
1.639352
2.178995
3.625187
2.371971
1.864660
3.069980
1.781183
0.194106
-0.285163
2.312824
-1.464837
1.854302
-0.262109
-0.372826
1.851662
-0.072780
2.648716
0.878349
0.834471
1.913326
2.032183
2.080685
-0.421954
1.166887
0.689052
1.984848
1.139093
1.477815
1.312777
1.811834
2.651324
0.139040
2.383836
-0.108815
1.550463
0.149435
1.106786
2.703865
0.359075
0.652478
0.790995
0.506501
1.221748
1.804622
3.292876
0.300436
-0.192985
0.531145
1.743061
1.538478
1.193832
1.839338
1.228401
1.163135
0.043728
0.015773
1.239637
0.810987
1.765427
1.767352
3.664445
0.270981
2.293137
1.949160
1.175729
1.392523
-0.094581
0.943542
0.137853
2.108099
-0.688304
0.430906
0.196017
1.088992
0.394246
0.529419
2.835457
1.019409
1.387630
0.853343
0.922852
0.487377
1.542887
1.668656
3.040735
0.803864
0.017080
1.232337
2.867457
-0.286052
0.155011
1.760186
0.004703
0.567543
1.354865
1.007650
1.709407
0.016215
-0.622468
0.045024
1.662158
0.422394
3.349590
0.502926
0.420825
2.238624
2.025185
0.611699
1.041925
0.294316
0.322115
0.254474
1.637101
-0.666289
-0.312466
0.220630
2.023391
1.606989
1.171740
-0.639440
0.608955
0.128412
1.832945
1.402644
0.653536
1.380762
0.183657
0.665761
1.266124
3.933667
0.177546
1.076920
-0.295485
-0.011751
0.824248
0.763696
1.551918
1.716623
1.559520
3.446571
1.844069
3.003790
1.491080
0.830779
1.967800
1.121549
0.193511
-0.233850
0.402242
1.382546
-2.155401
-0.121734
1.466315
0.568049
0.920302
0.004952
0.244299
0.333348
0.264276
0.056847
0.395009
3.200770
0.912249
0.400420
-0.338177
2.859543
0.787406
1.914562
0.527728
1.401439
-0.216377
-0.352230
1.036764
-0.672379
-0.273879
2.935456
2.237833
1.108192
1.315025
2.386919
2.170755
2.243133
-0.237459
-1.284988
-0.529721
0.679790
0.071786
0.731173
0.044364
1.291757
1.768017
2.640823
1.412798
-0.858122
1.060999
-1.445109
0.332043
1.110639
-1.181615
0.229624
0.129572
0.426435
0.582362
1.208426
1.623229
0.692534
1.179116
-0.163793
0.584943
-0.434595
0.530437
1.279873
-1.041204
0.732144
0.859786
1.460599
0.719272
2.650232
1.434859
1.695444
-0.512813
1.326594
-0.182883
0.959574
1.218755
0.302461
-0.436740
0.016334
1.934893
-0.143252
0.023965
1.964967
1.750363
0.180646
1.131732
2.313944
2.243144
1.965256
0.309480
0.026624
0.836558
0.687986
0.110280
1.243047
-0.403640
2.365719
-0.359836
0.560987
1.254770
1.903460
3.105475
1.317953
-0.195193
2.079971
2.292105
-0.130324
-0.321928
1.446398
-1.907431
1.179417
1.743145
1.264724
1.980801
0.320124
0.383826
1.997708
1.128572
1.588136
0.931840
1.268953
0.574586
0.761353
-0.835121
0.207998
1.976282
1.484628
2.029548
1.928919
0.327604
0.959790
-0.480663
1.645014
1.267418
1.182106
-0.383711
2.272868
0.006665
-1.414430
2.084530
2.518083
0.632295
1.113445
0.885181
-0.848426
1.134995
1.061444
0.093410
2.544822
1.022793
0.901910
0.808044
1.983979
0.684341
1.040158
1.320003
2.608343
-1.131383
1.625742
2.482963
2.715752
1.228927
0.251240
0.801115
1.448907
1.340430
1.481965
0.953418
1.704307
1.381414
1.321442
0.479450
0.400291
0.783898
0.419082
0.708959
-0.452290
1.153156
1.601910
2.134927
1.011567
0.113167
0.876277
-0.094347
-0.412322
0.704698
2.488810
-0.928119
1.181612
0.499366
0.530903
-0.806443
0.780205
0.476757
0.345113
0.443034
0.739401
0.711936
-0.932873
2.020900
1.669710
1.296619
0.617530
1.383292
2.763526
1.839322
1.194441
0.816551
0.824204
0.484392
2.767567
2.067296
0.643605
2.507990
2.233842
2.295195
1.718483
1.438619
-0.288021
1.052909
1.362814
1.637255
1.828530
1.568857
1.896255
0.845870
0.768086
1.054902
1.719283
0.948968
1.251839
1.544642
1.388802
-0.531716
1.161292
-0.208807
2.170584
1.309727
1.094109
0.307954
1.051527
0.346472
1.421721
-0.069529
1.067883
1.334784
1.595309
1.604249
2.472234
2.033202
2.047066
1.606132
2.532169
0.196187
-0.436292
0.931131
2.095816
-0.326424
1.037040
1.908242
3.009428
1.745935
-0.929697
1.393020
-0.005360
2.542611
1.455335
0.492386
1.604276
0.984001
1.347072
-0.412475
-0.238414
1.573623
-0.400467
-0.566616
1.532491
0.710779
0.690958
1.085018
0.525128
0.649428
0.784738
2.011204
2.741972
1.472526
1.076884
0.105837
1.222645
0.724844
1.948568
1.684711
-0.342866
1.285131
2.404048
1.668024
-0.070502
1.614971
1.125335
1.677984
1.139452
2.849891
0.042787
1.725838
1.086864
2.318229
1.292525
2.284123
-0.522293
1.232503
0.533554
0.371772
1.457596
1.112823
-0.826976
0.667533
1.942938
2.347003
1.772296
1.583837
1.633132
1.440316
-0.328639
0.391166
3.089815
-0.306951
1.968217
1.363074
0.460720
-0.714527
2.355290
1.302413
1.785369
1.398674
2.351762
1.554754
1.504759
1.361434
0.720041
2.793634
1.023279
-0.335632
0.793807
1.351427
0.121596
1.670963
2.342415
1.206138
-0.500021
0.651695
0.905360
-0.324091
2.028988
-0.563418
3.238612
2.287410
0.721086
-1.068905
2.220022
0.988528
2.733432
3.997570
2.347377
1.442756
1.036347
0.294531
-0.850247
1.187503
0.852991
2.696833
0.993382
1.737647
3.085965
0.608607
1.323757
0.110969
1.583901
0.386313
0.673141
3.497624
1.139252
1.544758
2.971893
1.391909
3.330508
1.097346
0.582563
-0.011215
0.170202
0.560847
1.204640
0.203201
1.994129
1.372479
1.175719
3.565684
2.811404
0.145137
1.297347
-0.590135
1.685157
2.162803
-1.002039
0.899501
-0.694813
-0.259071
1.266219
-0.617758
1.506374
-2.728919
1.130146
-0.921780
1.253008
2.356084
1.597790
0.011313
0.517948
1.185218
-0.183056
1.967880
0.325212
1.097675
1.321723
1.332905
-0.811913
0.945933
2.663855
-0.648739
0.743636
1.438225
1.412565
0.644496
-0.316165
0.059333
-1.421172
1.463355
-0.256952
0.572504
1.928535
-0.597393
2.206206
1.259562
1.973728
1.380036
0.286691
0.948855
1.939982
2.533437
-0.116391
-0.188685
2.239048
1.547669
-1.195244
0.382556
2.413539
1.740774
-0.352209
0.356122
0.813720
-0.385053
2.778884
2.001372
2.505362
2.118804
1.932669
2.555030
0.008049
3.747728
0.785660
1.200120
1.607348
0.359341
1.314114
1.326523
0.742546
-0.161441
2.192162
1.821008
-0.672015
2.960888
2.628529
1.934780
0.276928
2.309219
1.670749
0.216059
-0.077791
-1.474413
0.860968
2.147233
2.313653
1.459223
2.188764
1.349818
1.099032
-0.113885
1.517268
0.763311
1.529317
0.692007
2.712179
2.166722
1.697472
0.116802
0.294780
1.791658
1.638481
0.684662
1.279969
1.074264
2.693027
0.370230
0.758859
1.766806
1.288665
1.873808
2.690157
1.198187
0.124974
1.512409
0.658796
1.462224
0.364935
1.204395
2.562778
0.467497
2.366349
2.105214
0.067829
1.857013
0.873852
0.205033
2.187787
1.615008
1.021985
0.661011
2.317205
1.251189
-0.060859
1.453723
1.673865
2.093578
0.757693
1.340777
0.309634
1.002291
2.207916
0.072518
0.802459
1.450593
1.208781
-0.471735
-0.532129
0.748742
2.434287
0.329374
1.896126
0.158497
-0.542690
-0.071331
2.456596
1.028626
0.727757
1.827179
1.360732
0.695939
-0.309596
0.924482
0.328893
1.373170
0.462818
0.708245
1.164519
0.734430
-1.069363
1.811689
2.000595
0.197156
1.961500
1.543588
0.695471
1.401258
0.359132
1.239035
-0.173034
0.679088
0.186932
2.373270
1.320011
0.304152
0.896939
1.900890
2.016942
-0.010205
2.309946
-0.547858
-0.755898
0.672175
1.809173
1.864108
0.999248
0.481775
1.161511
0.536261
