1000
4.271441
1.265295
0.968364
1.029693
2.900292
0.210280
0.877881
1.191663
-0.049326
1.946021
1.407613
0.058397
1.642597
0.402834
1.943735
0.741711
0.054471
1.371812
0.935161
0.090853
2.212862
1.147249
1.423696
1.555103
0.944515
-0.320128
0.375874
1.211010
0.285250
-1.111725
0.356329
0.637452
0.139544
-0.181361
1.718355
1.976272
2.042778
1.263758
1.687058
0.359448
1.208328
0.676643
1.880637
0.796495
0.611507
0.714618
1.302361
0.874204
1.583169
2.178940
2.616470
1.588578
0.495557
1.988898
1.024078
2.064882
0.163987
-0.563491
1.399502
0.448257
-0.214215
0.625071
1.033756
1.335024
-0.142706
1.179038
1.728680
1.235092
2.081704
2.362711
1.625056
-1.211452
1.289732
-0.309468
1.730038
1.078363
1.852200
1.474175
-0.481059
1.781747
0.873786
0.637001
0.392555
2.138615
1.775215
2.424991
-0.095395
0.729763
0.886590
1.213260
3.453013
1.611836
-1.887675
1.293506
-0.006836
-0.297133
1.187581
0.730991
2.257012
1.477371
0.184201
1.012660
-0.989074
0.299034
1.768105
0.582758
2.235369
-0.298838
-0.081537
2.353692
2.096539
1.450731
1.292622
0.734058
1.020224
0.961797
0.677450
2.614110
-0.144015
0.708221
2.009411
1.357792
0.756693
2.332801
2.620677
-0.530247
1.875914
1.712647
2.055222
2.240362
0.656930
0.590890
0.176831
0.691596
1.045209
1.313818
1.272655
1.184429
1.232287
1.720479
2.229802
0.640365
-1.060264
1.484619
1.130406
1.144239
1.045140
1.188743
-0.235191
1.803383
1.457122
-0.539663
1.393537
0.020618
-1.040663
2.412607
1.807675
1.729551
-0.426700
0.523728
3.343403
-0.171179
1.792466
1.951530
0.258077
-0.755507
2.959072
-0.250890
0.900574
-0.065718
1.396222
1.377680
-1.573008
2.202047
0.845958
0.953199
-0.798474
-0.506904
0.704775
1.734944
1.660220
2.606769
0.677347
2.967111
0.295669
2.284728
1.165944
1.898294
2.517041
2.352293
0.984492
0.556685
0.031738
2.073310
1.894322
-0.355425
1.029191
0.207283
-0.160938
1.076830
1.111806
3.285081
0.422118
1.942666
1.369234
0.431534
1.654092
1.292518
1.557430
1.604519
1.270759
0.676699
1.543429
1.175413
0.399462
0.355497
0.758764
1.424436
2.991727
0.509141
2.418295
0.275821
0.273602
-0.042981
1.311025
0.386793
2.813982
0.108576
1.152072
2.702765
1.295488
0.958725
2.451210
0.472961
-0.536737
2.461799
1.927231
3.476364
1.705712
0.050686
0.581809
2.101528
1.923162
1.856302
-1.402984
1.802371
0.017217
0.502975
1.034818
1.225505
0.561479
0.751945
0.164829
-0.084462
2.405564
0.355724
1.108790
1.264411
1.231613
1.689425
2.194270
2.004888
1.993129
0.113406
1.660380
1.389206
2.442548
1.925690
0.600661
-0.549401
1.279650
2.331745
1.351488
0.534143
0.733054
1.821797
1.477350
0.724132
1.599983
0.678256
1.329166
0.670771
0.070119
-0.216505
-0.072397
0.576464
0.197474
0.478516
0.583830
0.668045
-0.326017
-1.020933
1.279193
1.619439
0.481667
1.122974
1.986487
0.654956
2.036653
3.162186
0.155193
0.919067
1.610402
0.752340
-0.110642
1.359194
2.001720
2.005082
0.548314
0.631028
0.946187
0.383123
1.661373
2.016660
1.809652
-0.063411
0.578879
1.656303
1.137397
0.569146
1.679548
-0.252125
2.529317
-0.576968
0.892592
0.919650
2.333286
1.390787
1.042658
1.430321
1.698640
0.494334
-0.308241
0.733689
2.092176
1.583973
1.120718
-0.049136
0.067255
1.823351
1.482065
1.660496
1.074974
1.640504
0.168772
-0.042846
-1.171252
-0.268708
0.968907
-0.524352
2.893629
3.518498
1.706276
1.115009
0.983857
2.877379
0.749587
0.275193
-0.123249
-0.331403
2.537924
1.414127
1.710717
0.845832
0.987871
0.021036
3.953273
-0.506120
0.427851
0.891152
2.809709
1.232904
1.732584
0.284744
1.105933
1.010378
0.885632
2.762836
0.468462
0.794371
1.292140
0.530683
-0.469242
2.824736
1.808098
0.114667
1.026667
1.387024
1.448181
2.857342
1.800738
2.103217
1.833521
-0.629660
1.574270
1.395508
-0.393937
0.018886
1.226208
1.063262
1.819551
1.244759
-0.711090
1.409941
3.071845
0.767998
2.104708
2.176036
2.195181
1.483339
0.827772
-0.605031
0.556223
1.902684
-0.470902
0.637603
0.152678
1.855992
-1.069289
1.072896
2.019198
1.543558
0.803505
0.026349
2.116755
0.382351
-0.773216
0.218961
-0.688708
0.516272
2.248033
1.468462
1.477878
1.206767
0.165098
0.153326
1.106390
2.662898
1.537003
3.239334
0.866756
2.813786
1.728662
2.040761
1.053954
1.836685
1.278770
0.819839
1.723755
0.401368
1.419323
1.495613
0.459545
2.494135
2.041816
0.961447
1.453373
0.678108
-1.084334
0.902921
2.055548
1.861537
1.048125
1.901471
2.908590
0.219569
-0.225121
1.185559
0.519399
1.153967
0.623094
0.925293
0.437250
1.786327
0.987892
0.542295
0.175335
1.225244
1.163714
-0.938850
-0.163961
2.226905
0.470071
1.701188
-0.005891
1.055513
-0.011554
0.236844
1.083468
1.588480
1.082183
0.760139
2.149951
0.015584
2.075848
1.743951
0.941145
0.958055
1.320623
-0.644023
-1.266400
-1.192848
1.721866
0.364001
0.472333
2.200127
0.873227
2.786485
1.472791
1.806468
0.846630
-0.014316
1.342525
0.299647
2.724965
1.216424
1.610246
0.808636
0.931368
-1.638172
-0.671758
2.046311
1.543086
-0.492579
0.734103
-0.306264
0.573525
1.158796
0.774875
1.348157
-0.058314
1.686590
0.686466
-0.054399
1.138753
-0.489324
0.804614
1.326674
1.133133
1.561508
1.289475
0.964382
1.665392
1.359390
0.181877
2.239388
-0.098607
1.198359
1.704265
1.464265
1.923480
0.480845
0.308790
1.728374
2.092555
1.753555
-0.782050
0.126368
0.705217
2.323319
1.762483
0.059444
0.988271
3.612555
0.542250
0.872259
0.460917
0.949251
1.106984
0.780693
0.435044
1.128168
1.467740
0.283718
2.101415
0.853325
1.008594
-0.113254
0.925957
-0.602383
-1.557208
0.768470
0.154518
3.052455
2.268834
0.696617
1.063204
1.195892
2.098302
0.866089
2.374453
1.140701
0.429043
1.247521
2.151671
1.598874
1.494274
1.467584
1.129253
1.648709
-1.045864
1.591980
0.379991
-0.714736
2.185841
-0.335158
0.162454
1.412218
2.523861
1.093732
0.808006
2.124863
1.977221
1.823830
0.360941
1.033576
1.536048
2.566835
1.415282
1.087655
0.919262
0.030782
1.172238
-0.323031
0.596884
0.894181
1.775365
0.322065
1.229301
0.909750
-0.827989
0.071026
0.599385
2.961482
0.695055
1.044169
0.837033
1.983315
0.745854
-0.603864
1.599549
2.864286
2.126823
2.139533
0.369758
1.075341
-0.418431
-0.801921
0.427400
2.317978
0.453967
1.078585
-0.532513
2.230539
2.794303
2.340540
1.146784
2.097017
0.798034
2.680035
0.036299
1.094426
0.526304
1.169653
2.242636
0.555824
0.310118
2.352074
1.546438
-0.008038
1.627037
1.169518
1.945494
1.512774
0.725623
2.666725
-0.174113
-0.089447
1.981022
2.034522
0.135757
0.397356
1.803491
-0.217158
1.176037
1.565636
-0.901652
-0.604810
1.644159
1.726870
1.097489
-0.477054
0.359318
2.035213
0.116830
-0.218412
1.899383
0.241701
2.269541
2.409417
1.420473
1.058754
1.810106
-0.312866
1.995599
0.750785
2.257163
2.584251
1.438101
1.905547
0.733598
0.844629
0.685319
-0.436133
1.847217
1.248119
-0.820213
2.346810
0.614434
0.564706
1.535485
1.660890
1.725832
1.438089
-0.541292
2.623712
0.141318
1.966566
2.574489
0.000613
-0.152135
-0.870717
0.909681
0.975858
0.619312
1.711066
0.193405
0.230575
1.423357
1.316869
0.861167
0.632051
-0.028958
0.587736
1.286870
0.399088
0.975733
2.890388
0.014589
0.834914
1.356981
1.010689
0.763281
1.576162
0.995191
1.248248
1.208493
0.178405
2.369700
0.185320
3.845769
1.080919
0.185755
1.130658
1.573642
1.522364
-0.664277
0.632922
0.751088
2.536239
1.505871
1.673256
1.922571
2.300406
0.976824
0.816279
2.359316
1.143167
2.790056
-0.766651
1.517982
0.465346
0.733238
1.204388
2.573501
0.519220
0.587221
-0.043124
0.394385
2.598229
1.213006
0.703898
1.416239
0.317520
1.393718
1.138130
2.515398
1.100608
0.485208
2.199822
0.325524
-0.927543
1.254272
0.615948
2.301997
1.341136
0.290036
1.722356
1.339549
1.147868
1.142330
1.066405
0.626597
2.138051
1.778305
1.815300
1.009178
1.983945
1.305737
1.041004
0.470944
1.027442
2.638299
0.800770
0.759523
0.055342
2.849546
1.252235
0.741841
0.616264
1.156377
0.228197
0.816785
-0.035455
1.433126
0.882989
1.930946
2.169081
2.055158
2.257849
-0.038944
0.075593
0.609817
1.545037
3.424170
1.378673
2.124583
0.652649
1.724626
0.977168
-0.123149
1.351938
0.822262
0.834212
0.318954
0.677778
1.790371
1.604772
1.081529
1.919124
0.267176
1.627725
2.683937
2.301725
0.914677
0.677838
-0.092035
0.229245
2.021684
1.313171
1.386121
1.251327
2.142433
-0.177180
0.305816
1.464695
1.528547
2.165849
0.907122
0.845778
2.079021
1.876366
1.410265
0.918931
1.187852
-0.272865
-0.412872
3.433409
0.362356
1.007817
1.689640
0.599517
2.083865
-1.658511
0.890696
1.198160
1.507395
0.809564
1.894205
0.537459
0.733576
2.132175
2.036258
0.463827
1.284947
1.157835
1.050867
0.419413
1.203427
1.134595
1.749970
0.931407
2.353489
0.319514
1.116870
1.389366
-0.231636
0.110235
0.984906
-0.165961
1.361532
2.246301
-0.007099
0.581363
0.681078
1.671602
1.866973
1.417646
2.413639
1.526322
0.811720
0.737352
2.558667
2.742945
-0.395292
1.292670
1.545295
-0.703976
0.965945
2.613590
0.094197
1.518242
2.429474
0.275719
1.049705
1.367761
0.515266
0.947047
1.144175
1.259891
2.182911
2.193011
2.642555
-1.351843
-0.548338
1.582144
2.270494
0.725532
1.323287
-0.051178
0.977521
1.663682
1.105722
2.084161
1.558992
2.142480
0.669835
1.803833
0.167969
0.313876
2.252749
2.413244
1.706454
1.369359
2.928637
1.929346
1.627939
1.698376
1.339286
1.147239
0.837436
1.353902
2.204802
-0.175017
0.761318
1.571260
2.654507
-0.276312
0.909097
1.343900
1.249156
2.043559
1.704575
2.464238
1.673832
1.617276
2.180106
4.308316
0.972483
0.946679
