1000
1.302969
1.814294
0.705599
1.846330
2.404054
1.289400
-1.186773
2.588540
0.849191
2.974012
1.073322
1.004176
-0.769167
0.928771
2.581260
2.459692
0.163287
0.059819
1.434423
1.215412
0.953915
0.233337
1.736871
1.830849
-0.425431
-0.093117
1.337834
0.990463
1.069514
-0.070794
1.703425
2.132576
3.032353
0.870079
1.375520
1.421355
2.804405
2.546105
-0.770523
-0.215366
0.796906
0.797906
1.417234
0.639212
0.031707
0.626551
0.628247
2.296771
0.451604
0.030356
0.077113
2.602695
0.487239
0.774401
1.997033
2.118339
1.990093
-0.451804
2.348408
-1.336067
0.486511
0.480898
1.308918
1.400244
1.982160
1.868909
0.745009
0.432025
0.687341
0.536266
3.097784
1.973759
1.579459
0.635591
1.130786
1.264471
0.537519
1.385977
2.023005
0.568286
1.158677
1.347237
0.285967
1.887055
1.562507
-0.224805
0.829625
2.515658
0.156459
0.722173
0.649470
0.282923
1.137035
2.865838
0.659446
0.704171
0.101491
2.506235
0.487901
1.557994
0.409910
-0.119453
1.009696
0.505420
0.744682
-0.557430
-0.061519
2.046610
0.772631
1.499733
2.627902
2.304089
1.154180
2.166501
-1.706097
1.261451
2.227267
1.219446
2.503140
0.505858
0.483992
0.685137
0.489892
1.901133
-0.294679
0.762401
1.525360
1.467443
1.660143
1.789613
-0.216781
0.402308
0.793847
-0.153693
0.992058
1.539452
1.352930
1.580510
2.140893
1.418422
-0.221694
1.329637
-0.067863
0.621334
0.157345
1.088379
1.003477
0.584749
2.636764
0.093645
-1.726915
1.903600
0.645500
0.728743
0.634041
0.057931
1.021589
0.045491
-1.034830
0.372601
0.823529
-0.629529
1.889962
3.712435
0.440835
0.900015
0.026651
0.674850
-0.428385
-0.192567
-0.230302
1.152714
0.670528
-0.064267
1.410906
0.091054
1.456650
0.624969
1.968947
-0.490846
-0.222879
1.371514
1.833584
0.846526
-0.473184
0.554568
1.146267
1.450273
-1.813620
0.481634
-0.233413
0.557943
2.122747
2.188322
-0.035570
1.376265
1.669983
2.146135
1.532373
0.239257
1.708301
0.920873
1.369449
0.848337
1.179062
0.802422
1.970790
1.177045
1.567875
0.483505
-0.237939
2.878788
1.692988
0.107330
2.107643
1.146449
2.699116
1.715142
0.627610
1.325188
2.552209
0.508006
-0.231360
1.967799
0.990498
1.097463
1.259478
0.406313
1.834624
-0.189734
-0.123992
0.663618
1.751097
0.871965
3.633452
2.480011
1.107470
-0.608900
-0.417573
0.542803
0.681603
1.050479
0.620786
0.504208
0.359259
-0.227629
3.447998
1.822772
1.787298
1.467422
1.141926
-0.455860
0.951078
2.003266
1.334251
1.375424
-0.066488
1.436979
1.275616
1.430407
-0.138816
-0.017756
1.184535
0.375939
2.225737
2.781469
1.236821
0.612117
0.066099
-0.558685
1.828020
1.226957
-0.444389
0.321980
1.755943
2.707346
1.707022
0.291270
-0.475350
0.931825
-0.263784
-0.450415
1.088032
1.372662
-0.197892
0.547660
1.276093
1.583796
0.948746
-0.298871
0.618941
3.802506
2.691967
-0.437999
2.175459
1.002295
0.298127
2.537404
1.390048
2.224951
1.068313
2.463687
1.325866
-0.527005
1.058661
0.822373
3.204524
2.302598
0.915373
0.574917
0.564428
1.169547
2.595500
1.053080
1.867534
1.931033
1.340258
1.013606
1.120945
-0.057956
-1.259990
0.277654
1.699377
-0.286105
1.222392
1.463792
0.560904
1.921597
1.335299
0.751675
0.825517
0.209106
2.785161
-0.606740
0.110597
2.694590
2.602925
0.816590
3.424488
2.194071
2.549324
0.415381
1.074250
2.254018
2.227427
0.156927
1.281839
1.347949
-0.391716
-0.653522
2.201265
1.407532
3.318032
0.016868
2.255745
0.958400
0.870750
1.755295
0.063059
1.270583
1.682174
0.077169
0.270865
1.557951
0.053394
0.403212
1.434428
0.655253
0.227296
1.313058
2.154948
-0.105496
0.444756
0.803269
0.833845
2.281188
0.848435
-0.215246
0.211063
0.971427
2.000847
0.768151
0.276939
0.487987
3.023909
0.750844
1.624295
-0.511978
-0.706742
0.872025
0.538789
0.845735
1.750083
0.202846
1.679970
0.698477
1.421236
0.090052
1.138972
1.143015
1.055913
1.018786
0.220727
0.510307
1.470681
0.976428
1.181935
0.948131
-0.040797
3.738793
1.354068
-0.575621
2.224910
-0.853611
1.517804
0.793125
0.847292
0.222086
0.801689
1.999583
-0.994893
3.256587
-0.989357
2.039398
0.437303
1.255947
1.395906
1.360777
-0.495903
-0.047480
0.921229
0.622525
0.150789
0.576965
0.002652
1.475339
1.401689
-0.622396
-0.388453
-0.193598
0.887352
1.729557
1.200359
1.850880
2.465156
2.269561
0.652567
-0.298024
1.301517
-0.106130
0.428132
-0.514001
1.400102
0.948868
1.375052
0.496554
1.072264
2.436429
1.473060
1.266029
0.718956
0.395052
0.918485
2.468307
1.260351
-0.232869
1.364931
0.730703
1.165214
3.229755
0.090526
0.302938
1.321788
0.252403
0.912966
1.334167
2.005031
-0.487230
-0.319106
0.534782
1.230647
1.488118
1.693780
0.169540
0.793786
-0.266323
2.268127
0.992941
2.017252
1.129284
1.559540
-0.610789
-1.380213
1.517999
0.510694
1.739766
1.225173
2.925644
1.159434
1.215504
0.698906
0.418046
0.294661
-1.800230
1.176396
0.322953
0.689656
2.112306
0.175990
2.418966
1.901308
-0.010769
1.195296
0.474112
1.467691
-0.831148
-0.159222
1.355633
-0.708509
0.602305
0.852007
2.956666
0.433589
0.316546
0.290610
1.555878
1.751003
-0.263030
1.016625
0.127737
1.489313
-0.758035
0.583685
0.279666
1.330992
-0.261626
1.085304
1.681862
0.773779
1.297432
2.716927
2.272624
0.801144
2.575970
1.542975
1.684356
1.076618
2.768411
1.155785
-0.600611
1.088318
2.610831
2.246147
1.797172
1.366604
-0.796098
-1.000996
1.051849
2.977283
0.764994
2.421298
1.867326
1.016981
0.688661
2.671384
0.801760
0.981484
-0.622263
-0.393871
-0.572828
0.837128
-0.776876
1.607018
0.978670
1.707529
-0.182307
2.731158
1.511179
1.781332
0.924455
0.360531
1.211625
-0.049895
1.962560
-0.454184
3.142649
-0.933505
1.260244
1.497799
0.924626
1.091814
-0.901215
0.257710
2.146216
3.099065
1.971679
0.326227
0.954807
0.667399
-0.043847
1.402694
0.117023
1.384604
0.444220
1.358223
2.804138
2.260462
0.584911
2.562319
1.695255
2.258006
1.967596
2.397054
2.574167
2.230924
1.328231
1.488760
0.474193
1.076996
0.799031
1.344318
1.365973
-0.504838
1.799319
2.765265
2.227018
0.571709
2.642284
-0.066575
0.912944
2.594459
1.035106
0.471454
0.276341
0.409674
0.245374
2.459817
2.891182
-0.466056
1.960199
0.878646
1.538786
-0.655209
2.194127
-0.221058
1.579007
0.759669
3.527308
2.240353
1.447096
0.089727
0.479152
1.286685
1.971497
1.453732
-0.046347
-2.433940
1.854204
-0.730839
1.843736
1.349897
0.071276
1.508813
-1.779312
1.038093
1.088513
0.823060
0.763202
1.603996
1.885709
1.725991
0.278005
-0.740611
0.651018
0.793352
1.424673
1.325631
1.343095
1.584681
2.498018
0.712991
0.689513
1.337227
0.887951
1.977951
1.506143
0.939773
2.266987
1.670846
0.179220
0.097605
-0.476732
1.979226
-0.251937
1.027716
1.097441
1.598830
0.281310
1.496344
0.879203
3.795829
1.063399
1.594854
2.994614
1.996419
-1.888229
1.934714
0.229317
1.031416
1.297134
1.867959
1.582521
2.550196
1.894520
1.100976
2.150283
1.271789
0.641253
2.194599
1.392816
0.911819
0.287885
1.579326
0.262013
0.327580
0.320267
3.251023
0.065273
0.736039
1.194814
-0.379013
-0.429339
1.772925
0.282875
1.800112
-0.326476
-0.329267
1.858287
0.865924
0.303441
0.502782
1.945697
1.489033
0.841188
0.698486
1.522195
1.086071
1.868196
1.234941
2.108461
1.667798
-0.097181
0.077572
2.002754
1.391314
0.285127
1.018990
2.452317
0.039427
-0.516759
3.206914
0.109725
0.994094
0.635948
0.240714
1.588540
-0.743376
2.208143
1.866691
-0.335579
1.021002
-0.585571
1.542901
1.201642
-0.145750
1.916658
2.812693
2.187489
0.438162
2.271560
1.128853
0.574382
0.211423
2.563548
1.024701
0.409572
-0.867296
0.437758
0.975825
1.436376
1.428710
2.205931
0.494615
-0.109793
1.293319
1.359893
0.769323
1.647666
1.890527
1.523314
1.188749
2.195556
1.258504
-0.658777
-0.593373
1.863508
1.385548
0.878166
0.410516
0.714903
0.368531
2.395794
0.134011
2.635629
0.014846
0.412620
1.034320
1.771687
1.344332
0.679778
0.405528
0.705493
2.832312
0.837631
0.214739
-0.424949
-1.073457
1.732403
1.317277
0.155302
0.827831
-0.527294
-0.316559
2.530940
2.543711
0.620727
0.552888
0.568170
0.182649
1.040328
-0.154961
1.354795
2.643117
2.382634
-0.048977
0.607944
-0.568219
0.122091
0.423320
1.661998
0.710232
0.399483
2.375060
1.780681
1.657430
1.563437
-0.357884
0.550255
1.166868
1.729180
0.837378
2.438001
-0.004698
2.774123
1.753901
0.776907
-0.188072
0.992269
0.277008
0.803941
0.351534
0.143102
0.512922
1.730165
2.193017
0.526923
2.623698
1.246406
3.050250
0.224567
2.094288
1.789938
0.826273
-0.539945
2.071194
0.728914
0.018552
1.422601
0.321086
1.973301
1.208056
0.521886
1.452872
1.257424
2.383112
0.540922
1.002603
1.841394
1.296199
1.064013
0.305166
-0.289895
1.869388
0.488453
0.971315
0.569238
2.163146
1.916893
1.192807
1.271479
0.043027
-0.627085
1.344518
2.618842
0.318069
-0.044725
0.747204
-0.580512
1.044225
0.915559
0.739032
2.622616
-0.296765
1.025675
1.907295
0.595075
-0.141369
1.028076
1.412454
0.079069
0.278432
1.963174
1.314307
0.071167
0.217507
0.784178
0.457467
1.312207
-0.368229
0.014531
0.437470
0.549334
0.206386
0.903327
3.435063
2.355946
-0.669126
0.552142
-0.187925
0.354151
1.212879
3.284422
0.712459
1.796127
1.452924
0.355948
0.432594
-0.402194
0.860798
0.369582
0.975358
1.111124
-0.956492
1.661931
0.930791
0.634779
0.500255
1.492075
1.912140
-0.093145
2.259997
1.645701
0.182492
1.117311
1.319573
0.986500
0.130279
2.522005
1.679144
0.253556
1.943640
0.839325
0.017661
1.359338
0.568213
2.868629
0.768091
2.052183
1.555300
-1.165061
1.665306
-0.120559
1.611264
1.148286
0.593075
3.092760
1.272856
1.647289
-1.774255
0.095782
