1000
-0.398290
1.628961
0.931008
0.662698
1.209683
1.867106
0.303431
-0.715421
0.138101
1.711027
1.801847
0.135388
0.947444
0.934687
1.828388
1.808467
0.226384
-0.286236
1.608687
0.822339
0.076718
1.380200
0.229189
1.605322
-0.396578
1.570683
2.375161
2.093281
1.069877
-1.223175
0.238676
2.028307
-1.048730
1.543019
2.103244
1.147711
-1.024135
0.021109
-0.091571
0.529878
1.217531
0.672897
1.007183
0.621676
0.201789
1.527437
1.222909
-0.096042
1.085004
2.264235
-0.571848
2.160936
1.359976
-0.164138
1.436541
1.890075
1.759556
1.702390
2.381078
0.988490
1.298158
0.125411
0.559042
1.499458
-0.102959
0.690133
2.208118
2.062033
0.748367
-0.045596
0.166313
0.811400
-0.998228
0.432863
2.917258
-0.376457
2.509401
0.646328
1.495069
1.609348
0.310979
1.938079
0.765080
-0.560487
0.712675
0.604181
1.392374
0.962208
0.855326
1.501363
2.099706
-0.888092
3.801571
2.741074
1.720930
1.159989
0.615299
1.094037
-0.513726
0.091024
0.633890
-0.470243
1.561881
1.514970
0.861434
0.554061
0.867745
-0.745402
1.568760
-0.153861
0.505191
2.387311
1.990508
1.675217
-0.050570
3.045808
2.229795
-0.413119
0.851867
1.635510
1.075470
0.960753
1.399903
-0.258558
2.816660
-0.379320
-0.115539
1.631842
2.442114
0.760212
0.725994
1.239654
0.897152
1.005962
1.299881
0.773439
1.373085
0.264939
1.234826
1.026127
1.652176
1.023551
-1.358126
1.290747
1.298230
0.054138
1.305764
0.565263
1.730068
1.032256
0.566512
1.526185
1.906204
1.640344
0.801355
2.025228
1.508545
2.451807
-0.350740
0.796695
0.989704
-0.873430
1.945225
0.626135
2.428685
2.357543
0.220183
-0.401378
1.635747
2.448534
-0.614960
0.515052
0.941321
0.696099
0.598527
-0.398074
-0.096095
0.288822
0.472700
-0.193522
0.879389
-0.030457
0.146012
0.595440
-1.030936
3.580390
2.525204
1.203626
-0.391611
2.414612
0.126446
0.031275
0.173000
0.245261
-0.549609
0.971747
1.143103
2.148041
2.321059
1.413793
1.722496
1.172824
1.435894
0.964936
0.566031
2.150680
0.495308
-1.012942
-0.864873
1.564034
1.261407
1.581069
-0.087498
2.692986
0.021810
1.268706
-0.956886
1.107844
1.861211
-0.133256
1.875248
0.199786
0.777790
1.645164
2.118182
3.517140
1.222179
0.801924
1.053255
1.407777
0.800644
0.434443
1.481681
1.449986
0.784568
-0.515184
3.195819
2.183634
1.302692
1.279817
1.294817
2.230485
0.768298
0.209788
-1.407731
-0.184495
2.179177
-0.495970
0.513126
-0.689551
1.789961
-0.430137
2.781992
1.545474
1.291677
-1.442280
3.104537
0.580727
0.694914
-0.426732
4.152510
1.404456
1.994895
0.261324
2.133415
2.000123
2.515564
1.870549
1.210971
1.625231
2.049690
-0.356531
1.420624
2.678549
1.599989
3.667735
0.160988
0.287625
0.827229
0.782270
0.903011
0.733625
0.491870
1.282968
-0.330556
2.887708
1.261564
0.348821
1.607593
1.799744
2.115508
1.002664
1.523701
0.656029
1.835253
0.187914
0.718193
1.432620
0.419655
0.731596
2.357440
-0.932351
0.970335
0.705203
-1.060860
0.288503
1.075878
1.796416
1.413126
-0.408758
1.979443
3.319268
2.457432
0.335916
-0.549254
0.159424
-0.152210
0.102494
1.243377
-0.478530
1.435593
1.954740
1.239703
-0.062814
1.023448
0.955495
-0.523289
0.748560
1.333185
-0.787555
1.751868
1.409602
1.387913
0.107934
0.911443
1.520199
2.294964
-0.366867
1.852361
2.093960
0.584628
1.026246
0.329661
2.413696
1.275743
0.536398
2.492842
1.898367
0.687480
-0.022663
0.735453
0.968230
0.745088
1.177720
0.663243
-0.086259
0.719615
0.986295
1.356570
0.861451
1.453767
1.401348
2.314199
0.245951
1.160568
1.589751
-0.711077
1.444407
0.778302
-0.141461
1.338620
2.313625
1.292500
0.242835
0.684220
1.432090
1.513207
0.398839
1.372954
0.458719
1.038057
1.155772
0.792650
2.115275
0.890934
0.483643
-1.690253
-0.072799
1.386616
0.775519
1.342180
0.165853
1.101336
-0.282366
3.225407
0.249104
1.225325
3.043463
0.962197
1.248432
1.303296
1.015040
0.960212
2.817355
1.659202
1.196414
1.503360
0.297492
1.451975
-0.515619
2.616153
2.251642
0.744610
0.150341
-0.750634
0.552410
0.402764
0.947358
-0.375639
1.611563
1.132052
1.528172
0.949410
1.464679
1.631053
2.585810
0.279863
-0.219890
1.642903
0.731973
0.837518
1.394359
1.237263
1.478811
2.301101
1.300673
2.613808
1.892538
2.204730
0.414479
0.796000
0.060347
0.205861
0.772348
0.855801
2.952260
1.008541
0.102563
1.678632
2.083616
1.392578
1.488528
0.163235
-0.196898
0.636176
1.527010
1.212149
-0.132574
0.816313
0.866614
-0.013803
-0.594959
-0.018541
0.821249
0.924913
0.601414
2.049120
0.482755
-0.323800
1.818583
2.176274
0.745168
1.023214
-0.132277
1.237253
2.787004
0.541088
1.546892
-0.160542
1.107261
-1.082796
1.533838
2.702093
1.150435
1.474609
0.884358
3.660016
-0.302566
3.252912
2.208036
0.726119
2.889528
1.282416
0.928105
1.740734
1.495154
2.140239
1.051195
1.884219
0.766857
0.543931
1.793285
1.634363
-0.115164
0.482607
1.079480
0.191546
1.365771
1.144144
0.437541
0.971082
0.778360
-0.177971
-0.115825
0.825505
1.160057
2.248254
2.200031
1.273237
1.302968
0.343053
0.745648
0.789724
2.389957
1.468801
1.136444
-0.372791
0.031819
0.194077
-0.150067
1.264351
0.283414
-0.554649
1.904248
1.790412
1.275449
0.852239
1.693900
2.095936
1.634023
0.911470
-0.375558
1.023199
0.906523
2.745820
-0.084889
-0.534544
1.377500
-0.014241
2.376886
0.191271
2.013861
0.408485
1.201792
2.241403
-1.039439
1.620192
0.137086
0.121298
0.980765
0.262759
0.013580
1.687342
1.124286
2.813919
0.724451
0.865090
2.464836
-0.457930
-0.879993
-0.277081
-1.592506
-0.353722
1.694685
1.139183
1.174843
-0.065609
-0.141618
1.702229
1.824937
0.786817
-0.459537
0.274050
1.062396
0.381594
0.556863
1.306283
1.340410
0.632544
2.321790
1.598877
2.446996
-0.587876
0.428087
1.345176
0.650606
1.499101
2.480410
0.754290
-0.215049
2.610648
1.514981
0.809086
1.502424
-0.104088
1.415689
-0.639752
-0.154377
-1.795892
1.831630
0.119074
3.285962
0.087305
2.540212
-0.150107
0.777820
1.889835
0.660041
1.056666
-0.133185
0.093366
0.033725
0.919691
0.951304
0.874019
1.119938
1.339779
-0.270334
1.992095
-0.143362
0.597700
1.799214
1.843367
1.337936
1.120194
2.526765
0.020877
-0.085106
0.436964
0.443859
2.614393
-0.802694
-0.909672
0.926142
3.183464
2.677348
0.964738
-1.209735
1.172941
1.299782
1.452750
0.407487
0.463586
-0.312455
0.286792
0.771288
-0.832500
-0.053813
0.908860
0.377982
1.101699
1.920936
0.021031
0.694258
1.261064
-0.034814
1.074881
2.771236
1.401660
0.022076
1.211386
1.503027
1.268489
0.139931
0.292962
0.709328
-0.105293
-1.133020
-1.049508
1.672961
0.314133
1.637784
0.804285
-0.760372
2.024960
1.140740
0.784064
0.763822
-0.451050
0.134909
1.037861
1.823795
0.133831
1.597926
2.310380
1.864702
0.364145
1.333848
1.115001
0.370025
0.722572
1.533966
0.730413
0.932114
2.435098
1.510781
-0.476440
1.602758
1.247459
0.337193
0.720767
1.061866
1.275396
2.973680
1.158820
0.531641
0.862232
-0.694689
1.057022
1.580318
-1.156644
2.921723
1.627018
0.265110
1.764254
1.952308
2.270834
0.739276
2.714980
1.657180
1.296433
1.559085
0.182134
-0.144368
1.940561
2.397885
1.090460
1.372929
0.053437
0.541558
1.038415
-0.105372
1.499222
1.677697
0.013453
-0.168656
-0.444375
0.245914
2.147675
1.091920
0.399223
1.666655
1.708490
1.506276
1.474425
-0.511136
1.857731
0.727271
-0.103759
1.394719
1.214620
-0.326188
0.782140
0.994286
0.951258
1.958237
-1.695340
0.475576
1.305202
0.823922
1.903217
1.655898
2.175015
1.150259
1.659797
-0.644265
2.318438
0.985134
0.246689
-1.072499
-0.738459
1.900160
0.592590
1.402314
-0.820285
1.120579
1.608701
1.682381
1.249020
2.382007
0.832756
2.096276
-0.598722
1.668854
1.391982
0.034697
0.945129
-0.753288
1.888743
0.890354
1.762110
-0.384019
0.222473
1.171236
1.621202
1.856300
-0.857273
1.342881
0.743756
1.397343
-0.445456
1.187588
1.164767
-0.855568
2.016147
2.050778
1.228401
1.684246
1.066112
3.336802
2.141913
-0.235759
-0.464084
1.033109
1.585058
3.005845
1.260674
1.273259
1.436937
0.740873
0.189522
1.103612
-0.164169
0.691515
2.036008
0.714906
1.724461
0.440732
0.618420
1.829522
-0.613778
-1.136201
3.088654
-0.366393
0.014789
4.324915
1.175070
0.846282
2.109368
2.596674
0.862864
3.636138
1.432098
1.366304
1.241426
2.260851
0.184159
0.135249
1.256036
0.646417
0.972754
1.630491
2.445154
1.531212
2.348761
1.156723
-0.932738
2.950105
0.846736
2.691853
0.914350
0.642432
-0.424230
1.033078
-0.977610
1.811357
3.258268
0.403266
2.593852
1.441962
1.785718
2.777231
1.342030
1.936693
1.437005
1.416812
1.372058
2.257644
0.631511
0.744405
-0.895451
0.958000
1.336273
0.469666
2.071802
2.101130
0.861465
-0.387407
-0.541594
-0.679055
3.714664
0.641999
-0.728988
1.767840
-1.029625
2.078168
0.503133
3.214774
-0.438583
2.134657
0.603142
-0.323179
1.715712
0.113231
0.463754
0.933043
0.230390
0.381755
1.029550
0.906779
-0.231540
0.505119
1.277013
2.151008
0.852436
1.302516
0.742361
-0.783193
-0.206093
1.652219
1.350794
-0.157262
0.330378
2.086761
2.607582
0.613713
2.234588
2.076823
0.722991
0.771426
1.843166
0.879529
0.541370
1.683503
2.190151
2.828844
0.774726
-0.334945
0.976055
2.090334
0.623719
1.898693
1.052685
0.191433
1.005885
0.848918
-0.260191
0.758719
2.199503
0.799396
-0.221390
1.051621
1.107825
1.579873
0.372275
1.260373
2.129462
0.874295
3.219624
0.436991
0.034646
1.446340
1.863064
-0.846875
-0.483467
-0.703898
-0.057241
0.378779
0.470740
0.915848
0.225232
2.070870
2.958391
-0.361411
0.161412
1.239754
-0.385908
1.908172
1.237885
1.513742
-1.006091
-0.045975
0.878735
0.452817
-0.058355
1.193355
2.426362
1.530328
1.258241
1.329098
