1000
0.074823
1.346311
0.696014
1.050431
1.244695
2.039678
0.595566
1.577835
0.268663
1.876658
-0.365656
2.270458
2.572938
0.592594
0.775639
0.697288
1.386679
2.894212
0.120373
2.885296
0.947327
-0.175308
-0.436643
2.972546
1.548997
2.196282
0.988433
-0.158706
1.897836
2.202323
2.446830
3.086988
0.832934
0.444870
2.602494
1.465944
2.279293
-0.925692
1.873540
1.239209
1.177295
0.829714
0.879275
0.340321
-0.232182
1.707645
2.444638
0.267245
0.899138
0.344553
2.135114
0.150884
1.697093
2.782919
-0.020143
1.143725
1.593735
0.090179
2.283578
2.685198
0.421512
-0.040799
1.125110
2.045597
1.179134
-0.959652
0.174951
1.183670
1.362256
2.092026
2.281054
-0.205797
1.699497
0.509435
0.432009
0.112782
1.758032
1.545770
2.128982
1.506005
-0.238389
-0.389729
1.192764
1.076678
1.553214
1.427932
1.151989
-0.798008
-0.010002
0.547277
1.561830
0.291911
1.813152
2.228933
0.295714
-0.316133
1.901759
2.820184
0.509701
0.406011
-0.862061
-0.125031
1.663565
1.177072
0.689043
0.139217
1.114846
0.423811
1.781684
2.274981
2.913688
-0.512419
0.569256
1.289744
-0.414208
-0.034260
1.503908
0.221727
0.259943
2.389001
0.966527
1.406533
1.942151
-0.519282
3.851894
1.684155
-0.191134
1.839921
1.202830
1.343966
2.206342
1.931613
1.566722
1.085399
2.493952
0.390151
1.088010
1.333120
1.028731
2.784477
1.234586
0.089541
1.030910
-1.308282
-0.607701
1.322228
2.142919
0.658748
0.943358
2.398203
2.055756
2.639427
1.785616
2.293358
-0.104727
1.614326
1.297558
2.411973
-0.691864
2.885254
2.245255
0.216657
-0.029235
-0.924381
0.708787
1.916523
1.815926
0.470121
0.281437
1.058854
0.260714
0.919222
-1.382689
-0.054092
0.603826
0.688286
0.695449
1.129745
0.556308
2.721738
1.383956
1.461930
2.486811
1.072995
-0.181561
0.756843
1.689462
0.481768
0.886749
-0.159050
1.555319
0.917460
0.970597
1.391947
0.912412
1.718262
2.615153
1.432315
-0.698254
0.528040
1.133650
-0.454266
1.670041
0.966493
-0.521947
1.137298
0.968625
0.293231
1.906491
0.343445
0.667904
1.666405
0.367837
2.677381
1.296231
1.964160
0.918981
0.450321
0.681313
0.384780
1.638277
0.952342
1.955370
1.530186
1.052597
-0.419142
2.387385
2.150703
3.460496
1.464818
0.714021
0.832776
0.841847
0.297942
0.728787
1.598477
1.531258
0.286872
1.113061
0.645659
1.675784
-0.574536
0.922251
0.968024
0.194323
-0.301974
2.177202
0.726423
1.254641
0.243593
-0.124688
0.791919
3.309148
2.314753
2.265051
1.006893
0.601563
0.637776
1.954337
2.077761
0.495392
1.804854
-0.010897
-0.177635
3.539401
0.935990
1.011829
2.255505
0.089797
2.381766
0.238999
1.379193
2.607984
1.337931
0.500468
1.604709
0.847591
1.347737
0.912770
0.926027
0.856038
1.157910
-0.100254
-0.686305
0.380636
1.856639
0.166934
2.889466
1.620871
0.706163
1.062518
1.254674
1.056049
0.518647
-0.547092
-0.413024
2.346858
-0.135712
1.639491
2.650905
1.696570
2.956879
0.197967
1.963303
1.372133
0.636750
0.618722
0.938276
0.384835
0.846995
1.984422
3.093367
2.102643
-0.509221
1.062341
1.964768
-0.717963
0.080690
2.997977
2.510076
1.179539
-0.575091
2.308739
1.357742
1.708125
2.741659
1.057766
0.884981
2.448047
2.582030
1.651509
1.424977
0.327031
1.354113
1.642114
1.393220
1.940740
1.563671
-0.577715
-1.667772
1.622694
2.676062
0.567307
-0.403271
-0.060606
0.276226
-0.037866
1.298640
0.577337
0.399901
0.469428
0.916651
-0.645673
1.151873
-0.466069
0.438380
0.906310
0.910653
0.628484
0.679176
0.778384
-0.771755
2.117028
0.704692
1.626713
2.652634
1.010063
1.787636
0.815741
0.551138
1.008320
-0.746956
-0.292946
0.858880
1.277678
1.566465
1.328176
0.471407
0.748407
1.229976
1.128292
0.554095
1.728603
1.529043
-0.717275
1.865523
2.075682
-0.102074
1.548621
-0.382350
1.243709
0.226729
1.716957
1.418561
0.885750
0.672447
1.286664
-0.748672
1.490208
-0.034917
0.046645
0.214897
-0.502319
2.013743
1.313701
-0.156388
0.533670
1.899187
0.830525
-0.165946
-0.287977
0.104282
2.580373
1.947254
0.335697
0.969119
0.913241
-0.952125
0.456157
1.454555
0.434610
2.768529
1.225077
1.028054
-0.308426
0.553196
1.032695
2.533312
3.220659
0.973203
0.763794
1.297046
0.578262
1.019486
1.456661
1.047251
-0.081036
-1.353784
2.649023
0.732131
0.321034
1.863322
0.742403
0.095510
2.342150
0.276606
2.209307
2.194621
1.035594
-0.326898
0.295348
1.673045
0.428016
-0.123594
2.153118
2.774384
2.601694
0.844668
0.585436
1.415076
1.341204
0.846976
0.769564
-0.409171
0.013462
0.567753
0.777139
0.259388
-0.928122
0.665545
1.014310
0.031778
0.940278
0.323891
-1.231685
0.444913
1.783149
2.469229
0.738611
0.708052
2.106969
1.301380
0.773924
1.146708
1.685272
-0.329239
3.135327
2.069448
0.813938
1.592624
0.158295
0.953355
-0.789582
2.328756
1.501246
-0.249263
0.539839
0.954076
1.955418
1.186428
0.780834
1.051669
1.109925
-0.496156
0.367742
0.155445
0.502930
-0.346664
0.887292
0.303668
1.799921
1.257870
-0.440342
0.614486
2.774169
0.894071
-0.636142
0.780677
1.873818
0.026867
1.507251
0.606172
2.197330
-0.265361
1.403723
1.800133
2.195791
1.681393
0.018456
1.980898
1.895841
-1.071288
0.125838
0.550758
-0.281145
0.873320
1.805291
1.168296
0.176533
0.054678
0.366501
0.302802
-0.306198
-0.043074
1.184240
2.257462
0.146253
1.114342
1.747397
1.807545
1.114760
2.523725
1.551460
0.954999
1.509635
0.365625
1.938533
1.820001
0.906302
0.680723
1.492353
1.128344
1.663892
-0.434841
-0.171129
0.356617
0.620993
0.976821
2.016417
1.731377
1.972313
0.938856
1.458320
1.088038
0.007732
0.720459
-0.543229
1.570830
-0.677638
-0.410456
0.808999
2.701219
-0.288327
0.833314
1.139417
1.182144
2.553256
2.490945
1.005634
1.305862
0.273272
0.126525
0.199188
1.477131
1.253688
0.638252
0.320431
1.223926
2.927955
0.243282
0.961624
-0.081983
1.228604
1.317974
0.299050
2.287373
-0.361294
1.676936
0.832419
1.008771
1.132738
2.509565
-0.437043
0.982693
1.291085
1.471245
3.236083
1.223279
0.856066
1.954537
0.399458
1.124142
0.096550
0.144830
-1.086185
-0.905662
0.634145
0.965585
1.471548
1.649619
2.304178
0.387999
1.108263
-0.600437
0.880599
0.426721
1.821500
-0.816653
0.307732
1.831184
0.633159
-1.193096
-1.568498
-0.478405
1.284918
-0.202475
2.715229
0.592020
0.546188
0.532179
1.632180
0.734361
1.170468
1.382627
0.289090
1.347812
1.237905
0.774647
0.455413
1.001407
1.924748
1.310159
0.791748
1.073426
2.651822
2.368233
2.392791
0.460425
-0.378336
0.549111
0.056326
1.164367
1.483280
1.784975
1.039596
1.399363
2.930929
-1.811015
1.228824
0.513352
-0.390554
0.953882
0.160758
1.204416
1.298575
2.152191
2.253688
1.811957
2.628273
2.224637
0.506181
2.324236
-0.572973
0.340130
1.150804
2.031492
0.711473
0.660386
1.109315
1.496950
1.104965
0.469236
1.049361
3.004604
0.936550
1.436904
-0.935139
0.018534
-1.348806
0.610808
0.708689
-0.027147
1.354516
0.582521
1.973196
1.862852
1.841895
1.309012
0.395506
1.443635
1.990007
0.301165
0.815625
-0.341971
1.387736
0.731091
-0.341116
0.436116
0.588327
1.333066
1.471110
-0.670464
0.503483
0.171182
-0.761006
-0.845615
0.894290
0.160430
2.267651
0.625282
1.144663
1.283821
0.664227
0.276800
0.786368
1.116420
2.895335
-0.885119
2.552994
1.516347
2.010071
1.927177
1.851096
0.915843
1.212565
1.725042
1.204099
1.272983
-0.061969
1.943174
0.320341
1.563185
2.307434
0.057056
0.899081
-0.363047
1.019523
2.510417
0.669837
2.876578
1.353840
1.472322
0.750925
-0.307481
0.415033
1.188728
1.366653
-0.422858
2.047480
-0.953401
-0.677940
-0.051944
2.083891
0.549063
0.789461
1.358890
-0.039820
0.500673
-0.153904
0.226126
1.394125
0.812333
1.154372
1.194540
0.482400
-1.068392
-0.253291
2.505417
1.631723
0.045892
-0.083429
1.873279
1.282246
2.229119
0.787092
-1.755291
1.574980
1.190238
0.602369
0.686832
1.464980
0.528511
0.890742
1.073043
-0.343603
0.977637
0.825481
2.493610
0.657769
2.559400
3.318839
2.063501
1.759520
1.575361
1.453292
0.261782
0.537948
-0.635612
2.105065
0.694608
1.339294
0.663173
0.170968
0.786453
0.318388
1.893915
-1.205738
0.740475
0.999162
1.932286
1.883284
-0.310110
1.842455
1.686201
0.494877
1.455236
0.353443
0.776956
-1.180131
1.595004
0.356305
3.187322
0.534857
1.963573
2.089406
-1.365123
2.004577
3.778371
0.624003
2.743044
1.612794
1.150929
-0.256720
0.927664
0.504134
1.293287
1.014333
2.577579
0.216927
0.943930
1.837788
1.416088
0.653141
1.973957
-0.780363
0.779955
1.091204
1.514147
2.591265
0.710603
1.290503
-0.732022
0.313765
1.626118
0.204708
2.421133
2.026886
-1.220984
2.465482
0.280031
0.895941
-0.125337
-0.410689
-0.840771
1.066480
1.363496
0.979657
-0.901204
0.592918
0.643031
0.926974
1.319557
2.459121
-0.458040
-0.185556
1.721071
1.008891
0.467597
0.792224
1.793164
1.225205
1.837302
1.819920
-0.510684
1.580333
1.803694
-0.649745
0.062193
2.826516
0.994691
-0.287117
-0.383512
-0.604798
-0.532555
2.372279
1.468600
0.991583
0.216492
0.366574
2.240479
-0.885222
0.533572
0.542790
2.426949
2.756415
0.213307
2.660893
-0.546108
2.138475
-0.914988
0.149196
0.254106
0.665635
0.284606
2.328422
1.750194
0.360138
1.036555
2.176320
1.530999
1.789865
-0.060341
-1.684034
0.974238
0.585552
1.271953
0.026151
2.333177
0.284550
1.254701
0.676208
0.046908
1.217880
0.209745
1.781296
0.202443
1.749837
0.485700
0.478076
-0.880595
0.329490
-0.230799
1.420879
2.061395
0.039934
0.724219
1.644078
1.204543
0.572780
1.386358
2.605565
1.402557
-0.427314
0.207733
0.513039
-0.066621
0.142734
0.890395
-0.200775
0.693491
1.868664
0.940548
2.108851
1.233622
1.661488
0.659790
1.564475
2.847013
-0.679071
0.256159
