1000
1.483708
0.652346
1.104067
-0.597326
0.851201
-0.106599
-0.241067
0.180846
0.979279
1.260951
0.761115
0.274229
0.473103
0.696639
0.896535
2.186556
1.300353
3.269189
0.475776
0.197721
1.325839
1.778839
-0.529877
0.750778
0.252630
1.746398
0.130138
0.588092
0.756661
1.184355
1.540766
-0.346222
1.024150
2.344934
2.774610
0.319209
0.336507
0.226801
1.426085
0.697140
-0.252070
1.722126
2.209322
0.320271
0.504687
1.038411
0.946985
-0.352135
0.531629
1.753280
-0.897279
0.164817
1.981626
-0.148039
3.791588
1.363917
0.124449
2.667006
-0.524197
1.373818
1.561460
-0.388802
0.922400
-0.140600
1.040282
2.183236
1.151089
2.525016
-0.170928
0.692265
-0.569798
0.962720
0.906713
0.515192
1.454668
1.298002
0.371378
0.617094
-1.028650
2.686669
1.955682
2.680443
3.293408
1.012242
1.258038
-0.182455
2.159228
1.325316
0.479178
2.584833
-0.985981
1.058973
0.894792
0.829907
0.957620
2.680284
0.390840
0.476777
1.280118
0.404474
0.096181
1.979591
-0.509504
0.357354
0.339056
0.554003
2.084910
0.524428
1.983775
1.157555
-0.485720
1.617829
-0.332139
1.894316
2.381117
1.344720
1.822441
0.334142
0.673970
2.419249
2.176467
0.899036
2.538743
0.413690
-0.429539
0.565521
0.018231
1.524834
2.672215
0.748150
0.873187
0.982462
1.860516
1.089257
1.023232
0.019469
1.159933
1.179720
-0.541351
-0.314632
2.217777
0.547773
1.206951
1.632306
1.897880
0.912829
1.423252
0.284606
0.510748
1.294678
-0.188421
0.911161
1.950583
2.948809
0.309113
0.920535
1.061143
1.936903
2.297106
1.118917
0.134613
0.548947
-0.531801
2.714778
0.821243
0.009532
-1.612368
0.488244
2.266778
-1.001215
-0.819480
1.533256
0.298499
-0.223617
0.563536
2.486030
1.037384
1.429057
2.256773
0.243953
-1.032081
0.468499
1.273846
0.794692
1.333207
0.582000
0.383983
0.010522
1.106434
-0.565204
0.894308
1.089531
0.430512
-0.901143
2.006596
-0.278201
2.088810
0.770274
-0.747322
2.430992
2.823012
0.903258
1.226227
0.221606
-0.238446
-0.525141
-0.474247
0.909881
1.686193
0.668187
0.987853
1.062519
-0.048097
-0.906838
1.489341
-0.247469
2.131429
2.313445
0.586271
1.093818
2.029746
-0.629624
2.714154
-1.321295
0.156829
1.014223
0.782471
0.438433
2.234069
1.807947
1.758971
0.569761
1.239095
2.539614
2.987249
0.331365
0.820270
0.800102
1.837553
1.292336
1.176933
0.622117
3.639468
2.042536
1.422309
0.339667
0.052743
1.846025
1.080742
2.502483
0.929542
-0.756944
1.887624
-1.610249
1.417728
2.344741
1.250251
1.249514
0.332027
-0.107752
0.298771
-1.973041
0.671571
3.440531
2.675849
0.081713
0.922214
1.578004
0.972310
0.963690
2.810445
0.959297
1.580770
2.240113
1.751970
1.589104
1.251197
1.053938
0.524803
1.843806
-0.648691
1.062680
1.343528
2.883459
-0.921016
1.140271
2.382022
1.026625
-0.161190
1.337152
0.906154
-0.092183
-0.608202
1.509705
-0.565791
-0.492331
-0.037469
2.699510
0.735298
0.610261
1.532050
1.303413
1.052691
1.906321
2.621523
1.603509
2.499344
1.387385
0.762983
1.021485
0.951281
1.351025
0.723096
1.707850
1.888046
2.395700
1.570042
1.915649
1.935045
0.183428
0.708922
1.059704
1.901205
0.505223
0.261555
1.597954
3.210271
0.539960
-0.275483
3.000267
1.033384
0.870961
0.250940
1.738850
2.654885
0.208161
2.104450
0.075724
-0.331366
1.969481
3.195271
1.537498
1.256337
2.101293
-0.127938
0.828087
0.300464
1.216079
0.673798
0.044884
2.623540
0.966940
3.894982
1.896277
1.736393
0.357756
-0.468875
1.164362
3.134397
1.408843
-1.282379
0.554941
-0.484073
0.428190
-0.419288
1.059647
1.227116
1.411154
-0.145062
0.075388
1.122193
1.347183
0.563182
1.529842
1.069977
0.782214
0.803542
1.289510
-0.264436
-0.208655
0.578854
1.015755
1.166870
1.771885
0.567848
0.788375
2.975634
0.531295
2.014044
-0.332835
0.647314
1.691379
1.345553
0.621666
-0.217919
1.779597
2.148433
0.211570
1.778417
2.007190
0.560443
1.046455
1.201345
0.268955
2.746914
1.294160
0.917964
3.003524
0.209373
0.594893
-0.216757
1.426206
0.061190
2.129251
-0.317332
0.375595
0.669792
1.131470
2.219036
0.478992
2.831268
1.294178
1.577504
1.945324
1.200828
0.785789
0.756903
0.871668
1.804196
0.743035
1.101564
0.320414
2.894121
-0.716313
0.634189
-0.102190
2.747398
-0.399929
-0.663309
0.959988
-0.160470
0.457414
-0.486725
-1.407708
2.164591
2.517556
2.050494
1.193310
1.592779
2.726232
-0.312930
2.463934
1.604580
0.058352
1.332953
2.433349
1.832649
0.643530
1.093210
1.055974
1.302254
1.629957
1.017613
1.668333
0.330627
-0.084224
1.751298
0.679305
1.932816
3.319593
-0.466440
0.683903
1.388570
-0.451791
1.710407
-0.795906
0.104505
0.361556
1.751262
1.010627
2.549000
1.070068
2.465915
1.274405
1.845435
2.276772
0.495437
3.224542
1.621102
0.370730
2.739206
0.635626
2.560654
1.840080
-0.739463
2.031921
0.953818
1.196831
0.543086
1.272033
1.940634
1.991988
0.775895
0.115375
0.235225
0.595471
1.343994
0.113278
0.403229
0.706989
0.120384
0.825943
1.475650
0.469311
0.671571
1.335743
0.982187
2.240453
-0.308474
-0.055141
2.936890
0.318074
1.665946
1.317884
1.637108
0.804163
1.067507
2.215598
1.792262
-0.360369
-0.653861
0.247483
0.459769
1.755925
2.320218
-0.302892
1.600542
0.292237
1.955718
-0.210641
1.168645
1.601574
-0.916613
0.215518
0.356162
1.224366
0.206305
1.411643
1.717662
0.088537
1.270485
2.018250
0.579212
3.608643
0.693117
0.983125
-1.175381
2.140845
1.874427
2.111923
1.489242
1.812181
1.852670
0.716966
0.237253
0.513113
1.931886
-0.765030
0.052551
1.589854
-1.643551
0.563618
0.959079
1.011438
2.670227
1.005380
-0.999131
1.671686
-0.398660
1.406656
1.655828
-0.196810
0.977398
0.814215
1.604317
1.002001
0.379652
-0.156931
0.453844
2.106628
2.714350
3.115935
0.420103
0.909835
-0.119824
1.824606
0.967471
1.185826
0.621856
1.359052
-1.098494
-0.557118
-0.668400
1.852092
1.314453
0.441125
0.203778
2.565643
2.237315
0.274752
0.382896
1.558014
0.065061
1.855595
0.931913
0.985459
1.802605
1.528906
0.872390
1.964211
0.480286
-0.277186
-0.053534
0.718858
-0.201021
0.199151
0.092103
1.921427
0.420925
0.012563
0.462453
0.368755
1.753737
-0.888020
-0.180464
1.892881
0.610380
2.310372
1.415595
0.655052
2.449776
-0.647162
2.224639
0.679015
1.326152
1.824492
1.582157
0.604222
2.530897
-0.757503
1.454897
1.686820
0.237559
1.650743
1.533140
1.768386
1.036797
0.972376
2.173987
0.983414
-0.819332
-0.875443
-0.160677
-0.165175
0.694990
1.780665
-0.020593
1.746933
0.564383
0.647151
0.997692
2.050163
1.352441
0.796873
1.660038
1.481382
1.620056
1.656846
-0.148178
0.639994
2.276997
0.258231
1.009151
-0.429944
-0.305404
-0.020744
-0.607661
2.150269
1.417318
2.625795
2.933209
2.703599
2.209526
1.839025
0.676643
1.529258
1.881393
1.864023
2.380894
0.683150
1.737962
2.150447
1.079861
-0.925321
1.541690
1.721287
1.036616
1.299156
0.878354
0.382675
1.142164
2.964207
-0.869399
0.716945
0.589025
1.473041
0.623738
0.143673
0.572319
0.376853
0.399829
2.203234
1.914178
0.902141
2.594356
0.574442
0.350259
0.768050
1.298839
3.400763
2.912850
-0.152160
0.156522
0.640882
2.454419
2.115043
1.489377
1.323409
2.080065
-0.540153
1.479628
0.228901
1.497694
2.248048
2.510055
0.955652
2.055877
1.767463
2.392596
1.831059
-0.376218
1.670317
0.547612
0.987791
1.682358
0.042574
2.216046
0.336428
1.363998
0.892559
0.971493
-1.599710
0.884325
2.763833
0.563703
-0.555856
2.432479
0.891775
1.371244
1.414986
2.782204
2.346160
2.414555
3.194192
1.243512
-0.330840
1.228808
0.307002
0.564491
1.674778
1.908478
-0.162558
2.078601
1.823753
0.090169
-1.213594
0.070162
1.975303
-0.279334
-0.601103
0.771593
-0.011652
0.572378
0.974047
1.094726
1.148439
2.808138
0.354223
0.847734
0.713840
2.617117
-0.389449
-0.925451
0.744458
1.906084
1.180655
0.679071
1.295188
1.697010
-0.012375
3.146327
-0.501348
0.618319
1.615270
2.028802
-0.529801
1.013082
0.415258
1.141548
0.464482
0.867207
2.325081
-0.065697
0.035117
1.169668
-0.548666
0.785278
1.046308
1.056386
1.270566
0.730270
1.718949
0.600735
1.307578
2.190523
1.971312
1.271906
1.232810
2.434765
1.473254
-0.648147
2.029055
1.603401
-0.115042
-0.381926
1.636455
2.440034
1.346337
-1.113958
0.307068
0.347558
1.171212
0.854948
0.887105
0.684514
0.645669
1.233959
1.995655
-0.234914
2.144883
-1.569504
2.198544
2.378769
3.437538
0.359655
1.654295
-0.504709
0.737683
2.218557
1.486693
2.190012
-0.049007
0.297002
1.342044
2.006318
0.321902
1.072858
1.713349
1.082316
1.387983
-0.916245
-1.207104
1.698590
1.436456
1.859853
1.168520
1.375023
0.813317
1.373775
1.726217
2.765197
-0.111389
0.262073
2.989109
-0.871644
-0.226322
-0.356615
1.666565
0.983308
0.405992
1.308394
1.078032
-0.845223
0.877567
0.972640
0.296908
0.858484
0.685151
3.144542
-1.817079
1.383943
0.225945
3.292267
-1.352942
-0.243893
0.152419
1.879936
1.718150
2.459120
0.596644
0.677106
1.155403
0.946242
1.360054
2.356351
2.847661
1.009907
1.878611
0.885758
1.074687
1.372251
1.747188
0.795485
2.459514
3.745338
-0.375090
2.385751
-0.014440
0.755850
0.672692
1.210469
2.044093
0.522507
2.132993
2.129567
-0.209665
0.831308
1.174865
1.439447
0.085967
0.115601
1.807280
-1.098707
0.623778
1.043397
-0.699889
0.358050
2.074385
1.008222
-0.555313
3.287696
1.325737
-0.262780
1.398848
0.627312
2.370861
0.493486
0.344514
1.593912
1.961832
0.639594
0.834516
1.585878
0.816463
1.295863
1.318649
0.820165
1.458029
0.383581
1.006900
2.417309
1.960736
1.530639
1.552944
1.525720
1.797873
0.135907
3.212753
1.354311
2.216385
1.514810
1.337912
1.895983
0.568364
0.275123
-0.050129
2.064630
1.264332
0.200335
0.894714
