1000
1.004685
0.527193
-0.184669
1.188286
0.616327
1.987795
2.054926
-0.020989
-0.126309
0.415173
0.541839
1.936742
1.135372
-0.027400
1.830631
1.543221
1.115137
3.492399
-0.205036
0.289217
0.388387
0.993851
-1.804898
-0.709480
0.669997
0.278485
2.673284
2.328362
-1.246499
0.367322
2.149048
2.270324
0.948209
0.368261
0.786124
0.608974
0.511254
0.798232
0.426890
1.294514
1.584651
1.233831
1.016337
0.775259
2.310638
-0.074750
1.215143
1.789022
1.493438
0.070178
-0.506386
-0.343366
0.555903
0.900345
1.718439
1.538734
1.806229
-0.040705
-0.368474
0.175146
2.283309
0.479988
0.516254
0.517180
2.573202
0.319136
1.357533
1.270271
0.036742
2.814988
3.147531
2.898897
2.584417
1.442269
1.853181
0.711317
1.150499
-0.881260
1.333762
1.255049
0.326291
2.290529
1.173636
1.495256
2.289896
0.578003
-0.386889
2.285697
1.645942
1.091507
1.251063
0.959707
-0.436457
4.272918
0.148879
1.231925
1.681060
1.542818
0.962513
-0.729264
0.896050
1.262192
2.005706
1.482246
-1.016111
1.486748
1.344873
0.741468
1.424278
2.100712
0.218682
2.191781
-0.601266
-0.900111
2.584434
0.316095
1.037849
0.946364
1.301053
0.401202
1.488438
0.722185
0.047365
0.631560
1.328102
-1.342520
0.840596
3.051011
2.449879
-0.124253
1.026275
0.326122
0.924327
1.290111
0.767561
1.762487
-0.730391
0.462282
-0.485088
0.272766
-0.120739
0.961702
-0.329385
0.792040
1.723196
-0.700973
2.122236
-0.369197
2.016467
1.727678
2.251150
-0.478216
2.293640
0.403652
1.718674
0.133219
3.492076
1.480814
0.541999
0.407072
0.841259
-0.003601
-0.846722
0.853107
2.170550
3.197767
-0.174932
-0.344496
0.494573
2.579806
1.174035
0.823782
1.762277
1.735700
1.482081
-1.285699
1.224121
2.384466
-0.407281
2.698829
0.644131
0.208283
-0.082882
2.655237
1.522357
0.909670
2.479493
2.007401
0.991362
1.878768
1.355245
2.028552
-0.555290
-0.668651
1.723105
0.655710
0.544070
0.669206
1.587858
0.173854
0.458155
0.945889
1.735541
-0.164313
0.247992
0.115613
-2.462967
0.988521
1.251168
1.397939
1.894748
1.878285
0.224320
-1.093502
-0.565442
0.173785
1.837654
0.083826
1.423394
1.030144
0.260455
2.606442
0.948844
1.346657
3.250814
0.025573
1.205979
0.382425
0.347525
0.397192
1.497965
1.110539
1.230038
-0.130753
0.804689
1.593434
0.872842
0.968726
0.732628
0.960227
0.036115
1.918960
1.639847
1.094020
0.693315
1.588670
2.493676
1.451325
1.165900
0.123010
-0.438209
2.158856
1.836941
1.738656
2.694504
0.997647
1.863023
1.947098
-0.567177
0.120919
2.535129
1.313162
-0.118155
-0.156982
1.685863
1.730724
-0.575955
1.228200
0.492013
0.888479
1.252993
1.137288
0.885261
0.647056
1.660447
1.458891
0.556276
0.209101
2.128206
1.040063
0.454415
2.679640
0.534576
-0.329474
2.445060
1.802746
0.337626
1.324845
1.977139
1.033311
0.607493
-0.429360
1.056785
0.700254
0.915614
-0.006043
2.163405
0.231819
1.818581
2.109761
0.585884
0.462209
1.177595
2.850098
0.569798
1.594461
2.540979
-0.236427
0.775182
1.427014
1.399574
2.636752
0.652868
1.176641
1.691376
1.070861
1.952357
1.981073
1.869459
1.357407
0.844592
0.659202
2.449351
2.173062
2.706360
2.972258
1.492270
2.128045
0.051615
1.041977
2.667321
1.463417
0.125914
0.479160
0.637339
2.126420
1.317572
3.129865
0.561146
1.412717
0.848764
1.036069
1.611211
0.158027
-0.264464
0.769544
-0.637478
1.922266
0.371762
0.403872
0.118205
2.154434
2.091975
1.515221
0.861614
2.387551
1.662895
0.677853
1.149361
1.421884
1.268815
0.317602
0.685042
0.587370
0.704841
0.755219
1.039355
2.331878
2.339938
1.962639
1.990715
1.230030
-0.628405
0.330111
2.064770
1.108362
0.420662
-0.193705
2.107873
1.058729
2.496726
1.952159
0.188322
1.590049
1.670453
-0.149508
1.734051
0.958794
2.418599
1.936852
-0.266282
2.588799
1.885451
-0.272091
2.310956
0.460815
-0.453000
-0.263712
0.964650
1.131453
-0.073695
1.189454
1.382677
0.358508
1.246617
0.356227
1.043085
0.554585
1.361506
3.873644
3.278815
0.645834
2.035959
0.793724
0.645118
2.611399
0.168685
0.931936
0.816849
1.432508
0.806148
1.115009
1.176720
0.924837
0.702522
2.050772
3.229494
1.281985
0.152931
0.287605
1.061998
1.615291
2.884220
1.080335
0.618706
-0.326524
0.928969
2.772111
2.037680
1.898998
1.597940
0.037528
-0.860015
0.630424
1.414079
2.780411
0.463606
-0.690078
-0.038101
-0.033382
0.901181
1.491070
1.155130
0.838562
1.394676
0.885986
2.452838
1.025250
0.296725
-0.147138
1.688697
0.866846
2.705549
1.784182
0.609979
0.163207
2.548759
-0.664114
1.170833
0.917076
0.210735
1.644545
-0.050667
1.951392
1.253025
0.851709
-0.822657
-1.037077
1.516587
0.334268
1.581009
0.728531
0.690171
1.250654
1.503374
1.671376
0.358090
1.543460
1.654499
3.882485
2.264861
1.201675
0.779637
0.467733
0.984161
1.118624
0.736498
1.019817
-1.024017
-1.026526
0.957142
0.445292
0.923573
-0.261370
-0.072199
1.162762
1.805570
1.075074
0.524567
1.319221
2.236127
0.814774
0.377851
1.765988
-0.141938
0.240666
0.450640
0.537506
0.644996
1.873774
-0.022348
0.931605
1.225038
1.012293
2.207004
0.753508
0.893302
-0.275643
1.285585
1.991214
2.729806
1.111684
1.117560
0.977951
0.408305
1.609553
1.017200
0.941262
2.080419
1.827946
0.515587
0.864549
-0.999806
-0.288086
0.034372
1.887596
-0.447139
2.455251
-2.142287
-0.047978
2.303034
2.127048
1.489855
0.935460
3.722009
0.895989
2.978012
1.691485
-0.246900
-1.082359
2.273391
0.071930
2.486250
0.301992
1.571406
1.931065
1.564045
1.361679
2.392270
0.257379
0.732137
1.914428
2.044423
1.332841
0.828735
1.652097
0.783245
1.216889
-1.865996
1.067926
-0.184312
2.505240
-0.777775
-0.507238
0.452037
-0.308795
0.098251
-0.009767
3.330735
0.040494
0.871244
0.310330
2.289385
0.268262
-0.613217
1.674569
1.989109
2.693698
1.895515
0.518854
0.855570
0.539632
2.296994
0.912465
2.046607
0.680040
0.025248
2.959038
0.689487
1.367514
0.104983
0.268894
-0.070234
0.209048
1.567712
2.532172
2.142044
2.059882
2.517671
2.564633
2.367167
-0.521590
2.231819
0.138080
0.203826
-1.022951
0.932195
1.569166
3.066595
0.317524
0.343796
1.105092
2.775866
-0.498645
-0.847578
1.331740
0.064002
2.452023
2.295245
0.525614
2.365358
1.535606
2.655039
0.769490
1.110654
0.851560
0.446639
1.966272
0.276462
1.407531
2.079996
0.620926
0.673955
1.530951
0.769877
-0.339621
0.821224
1.535694
1.456908
0.976818
0.604584
0.221759
1.289851
1.251851
2.499938
1.976189
0.612111
0.749274
2.635158
0.328860
2.684538
-0.027500
1.922151
1.484366
0.914037
0.500812
0.803300
0.841249
1.775200
0.308960
1.742029
-0.248454
0.999907
0.523001
1.610998
0.659092
-0.608247
1.646054
0.175737
0.186701
1.811486
1.924253
0.989268
1.622887
0.423002
1.835391
-1.565850
1.430030
-1.184582
0.200942
1.153447
0.350542
1.355103
1.394814
-0.766990
1.317756
0.221793
1.709101
0.266834
1.863280
1.200595
1.062031
-0.530537
-1.115520
-0.619272
1.719655
0.763390
2.064806
0.955870
-1.787438
0.453237
1.798349
0.915114
0.283450
-1.288442
0.062045
1.289661
1.151081
2.727411
0.499109
0.018639
1.972815
1.116893
2.329156
0.770599
0.018870
-0.628931
1.327203
-1.207227
1.114096
0.523409
0.592310
0.717036
0.126216
1.094281
0.061238
1.444532
3.210120
0.555564
-1.047827
0.457358
0.728535
-0.643164
1.322068
0.230337
0.487711
0.669932
0.603446
1.290510
0.306047
2.127321
1.306726
2.863436
0.577131
2.681625
0.272379
0.254317
0.039556
1.615832
0.774619
-0.237836
0.161260
0.489791
0.794783
-0.090149
2.392137
0.846314
1.388225
2.497167
1.447416
0.550826
1.411959
0.730658
-0.228869
1.893994
2.418526
3.355046
1.076010
0.211251
-0.136951
0.613349
2.505249
1.905743
-0.346491
1.319816
-0.469778
0.263505
1.421423
1.520435
1.501977
1.284491
2.194183
-0.124012
1.734291
1.025685
-0.130698
0.433742
1.702260
0.233870
-0.085973
0.207068
1.365716
2.281224
0.969563
0.079136
0.343482
0.575044
-1.401120
0.700211
0.686740
1.437619
-0.426212
0.829162
2.287257
1.557287
1.996818
1.591625
1.213204
3.859900
1.619087
-0.458902
0.098289
1.846899
1.804292
0.550634
1.783660
-0.024570
1.290539
1.247176
2.980704
1.400358
0.345386
-1.314447
0.784256
0.521156
1.734749
1.027458
2.683923
1.696652
0.826949
1.548291
1.314208
0.809240
1.318385
0.545873
-0.134293
0.586805
0.726144
1.845259
-0.294509
1.039185
-0.693411
2.621221
1.215355
1.598245
1.563082
1.884025
-0.274239
2.541250
1.190249
2.828864
0.953359
1.176939
0.988367
3.055262
0.202385
-0.505868
1.196940
0.680488
0.121550
2.322691
-0.815967
0.534014
0.634632
-1.129224
1.499624
0.996545
1.721976
-1.194614
1.667640
3.169236
1.430111
2.245276
1.230182
-0.177129
1.827363
-0.789404
1.873072
-0.810062
1.429550
1.481824
1.144945
0.431667
-0.604449
1.090919
1.678147
1.765361
1.693809
-1.283965
-0.047795
1.646777
2.224242
-0.814053
0.547319
1.321089
2.162771
1.057398
0.938974
0.894234
-0.095826
1.588544
1.336715
1.250731
0.694535
0.328542
0.306465
2.627634
-0.043589
1.330982
-1.023226
1.086698
2.738338
-0.064733
1.868852
1.684191
1.145016
0.809974
1.264324
0.737272
1.512225
1.279008
1.435620
0.329858
0.260124
1.506857
2.417194
1.706393
0.574237
0.474381
1.169240
1.339155
2.117238
0.245462
0.437567
1.866969
0.580330
1.368373
1.107286
1.231401
0.647118
2.449968
1.417162
0.894979
0.904014
1.255842
2.186252
1.641212
1.921791
-0.220668
0.765060
2.860275
1.957236
2.962811
-0.527161
1.368893
1.605848
1.415509
2.412685
0.287932
1.700337
1.500046
-0.158667
1.460561
0.079276
1.703916
0.680690
1.614624
1.413746
-0.033501
1.635888
0.490901
0.308179
1.147702
1.027765
3.093487
1.060192
1.368254
1.860409
1.783533
0.627307
