1000
-0.811144
0.584096
1.366869
1.014759
1.219158
0.544339
-0.048198
1.742056
-1.048576
0.862686
2.447055
-1.119348
3.387947
0.979879
2.106981
1.742288
1.864875
1.360014
2.331611
1.531240
0.392753
0.976367
0.306405
3.119071
0.847891
0.987461
0.605223
0.835509
1.212944
1.108002
0.524369
-1.785672
0.267573
0.851318
-0.057410
-0.251510
1.850118
2.244840
2.663619
2.464383
-0.344323
1.109197
-2.602771
1.133714
2.101452
-0.027615
0.958212
0.192209
-0.266655
1.028026
2.617533
-0.679871
1.090983
2.081575
0.588956
-0.229214
0.194995
1.227589
0.570038
1.629285
0.561536
1.510819
1.236187
-0.058828
1.484456
-0.258788
0.669344
1.341588
2.301296
1.344072
0.383814
2.856575
1.662343
1.184652
0.169424
1.063904
-0.198241
1.336517
1.468887
1.230395
2.353001
1.763178
0.397857
1.003996
1.025390
2.128185
2.261399
1.091841
0.532376
1.973887
1.806238
1.535266
0.321104
0.090588
1.128582
1.333952
1.143903
-0.996096
3.688573
2.175740
0.280668
0.798944
0.962032
1.859647
2.335459
2.045037
0.051878
2.457164
-1.019144
-0.545413
-0.131889
-0.496569
3.107761
1.865440
-0.849338
2.649521
0.669125
1.357685
0.680649
2.117387
1.235160
2.126278
2.157470
1.304496
-0.115530
0.308075
-0.752183
0.374137
-0.783971
1.125235
2.557660
1.353633
0.583774
0.508713
1.588042
-1.137972
1.363993
2.432779
0.347827
1.177602
1.433244
-0.265064
1.902784
2.178491
2.102728
1.592475
0.790632
1.519514
0.752749
1.500913
0.748268
-1.175296
-0.227445
1.525503
-1.193073
1.457685
1.156549
1.570016
1.368243
0.227425
-0.174435
0.977662
0.299468
1.390092
0.808286
0.538544
2.134064
1.010669
0.467638
-0.272870
0.106302
1.558275
-0.090491
0.296383
1.916717
2.135197
0.565891
1.798478
-0.358481
0.546530
1.657840
1.429477
0.759480
0.955451
0.652228
1.793206
0.344675
-0.136791
-1.312076
1.433634
0.835022
0.228262
-0.196281
3.279762
1.436929
0.354773
0.073173
2.829514
0.210231
2.187429
1.980584
0.555094
-0.060016
0.159839
-0.421046
1.935938
2.680572
2.879591
-0.187400
1.248604
1.136391
1.401844
1.294254
0.424120
-0.129611
-0.106381
1.139168
2.500172
0.340047
4.426364
1.197527
1.533361
2.375830
-0.056420
-0.831527
2.319008
-0.423022
2.264722
0.493577
0.429338
1.927065
2.618222
0.570300
0.662493
0.929339
0.523406
0.408647
0.727654
-1.169206
0.561855
0.874152
1.003364
2.304199
1.887408
1.710745
2.425399
0.429842
1.509122
0.012441
0.756821
2.439363
0.678895
1.348606
0.849694
0.303837
-0.707984
-0.227676
1.489812
2.813833
0.263606
0.681647
-0.323720
1.335263
-0.220018
-0.078542
0.074573
0.388125
1.193917
-0.827318
0.733137
3.587034
0.875075
1.509083
-0.217132
0.884340
0.859179
1.999958
3.523312
0.862837
0.239526
-0.256022
-0.747213
3.076548
0.627158
0.137266
2.281617
-0.209051
2.179675
0.648070
0.140961
2.737328
1.642931
0.119917
2.536245
1.866519
2.653169
2.224569
1.152399
0.648715
-0.227322
2.394077
0.935624
-0.184405
0.691061
1.392448
2.209753
-0.322634
2.434490
1.268442
0.511869
0.318934
0.700573
0.774908
1.394227
0.968796
0.903351
0.412849
1.016800
-0.544759
1.366925
-0.149629
0.831654
0.479935
1.032526
0.632263
1.003066
0.691014
1.377427
1.237125
-0.402113
0.526431
1.239148
1.399305
0.254684
2.197012
2.694588
-1.499968
0.960176
0.844659
0.241568
0.326838
1.451268
0.363564
2.093254
2.771017
0.979359
1.098902
1.539301
2.784879
1.087116
-0.109291
1.952127
1.934631
0.883091
0.543007
1.950583
0.877809
0.352699
1.456196
0.767725
2.473757
-0.104714
0.372662
1.743070
-0.560605
2.271292
1.627338
1.834971
1.314070
-0.462493
0.891412
1.137568
-1.023805
1.584102
1.054033
3.775830
2.488143
0.711618
1.040516
2.973309
0.342962
1.354432
0.546445
2.525982
2.410100
3.095557
1.181186
1.133748
0.679258
1.743839
0.754932
1.658185
1.564595
1.179466
1.742010
0.977446
0.947833
0.908236
-0.449527
0.866918
0.675122
1.543547
0.630727
1.133716
1.947104
2.357947
0.564166
1.558441
0.812683
1.481168
1.068403
0.849413
-0.150059
-0.486095
0.143136
1.109027
-0.082792
1.903518
2.570157
2.227630
0.465263
-0.303626
1.001280
1.086419
1.451040
1.239561
-0.803786
1.516387
-0.277294
1.422973
0.285284
0.751636
2.002693
-0.050653
2.491150
2.539154
2.001495
0.122183
0.991242
0.555634
1.339623
1.876875
1.862181
-0.802649
0.456942
0.648994
1.889028
0.872528
0.293918
-1.480720
1.293435
0.516271
1.619896
1.894776
0.237226
1.027727
1.381515
0.284200
0.625260
-0.860903
-0.421021
-0.916789
1.955737
3.177375
0.079199
0.503542
1.068145
0.831107
1.370882
2.351328
-0.921518
1.144738
2.272489
0.247946
1.108913
2.013934
0.473302
0.552904
1.275112
-1.238696
1.228875
0.180950
0.930448
0.662142
-0.101602
2.335664
0.739557
-0.154220
1.142615
-0.034077
0.615115
0.266991
0.422948
2.153299
1.940738
-0.764610
0.459996
2.144888
0.333177
0.117465
3.251636
1.752514
2.464848
1.455413
1.017339
2.890520
1.712956
-0.743011
2.384090
0.294368
1.480561
1.184342
1.192930
0.898789
0.944335
1.197389
0.976828
3.138656
2.966461
0.485526
1.148935
0.860741
2.079419
1.775194
1.025751
0.371483
0.879530
2.423047
0.688439
1.034948
-0.137309
1.950499
0.722098
-0.160788
1.689565
1.629367
-0.833095
0.348737
0.022436
0.822075
0.851802
2.622377
3.038376
1.761759
-0.039989
2.546329
1.200891
1.085721
0.412067
1.142401
1.416127
0.558732
0.247828
0.785932
0.788045
2.071780
2.019399
0.808281
2.223972
1.275550
3.129054
0.804048
2.943181
0.444963
-0.313185
-0.342616
2.890031
1.330744
0.986217
1.255711
-0.460768
0.042036
2.432632
-0.084644
-0.745332
1.085161
1.052717
0.680870
0.906487
2.264444
0.093976
1.311826
0.773995
1.570917
1.493685
0.327496
0.882052
1.768779
-0.001257
0.615014
0.179354
0.280576
0.718094
-0.575378
1.308733
2.880894
2.981443
2.365001
0.604388
0.149108
-0.899498
1.346667
-0.069109
0.131541
2.030851
1.752306
1.841355
-0.093049
-0.240220
2.457080
0.654240
0.009898
1.309869
1.967462
0.403197
0.847074
1.005895
1.306278
1.375491
1.294854
-0.158301
1.097624
1.464978
0.760335
1.103492
-1.666193
3.019267
0.615812
0.373518
0.238212
-0.361521
-0.333007
1.109584
0.991189
1.125845
-0.038760
1.132340
0.750896
0.959059
-1.214298
1.650020
-0.599886
1.437577
1.803721
0.743499
1.134611
1.079036
1.298524
1.992557
0.775841
2.193450
0.378763
1.627753
2.321972
2.009278
0.883483
3.263039
0.251771
0.995013
-0.274016
2.786732
-0.614040
1.991423
2.444368
3.169384
1.629341
0.163906
2.697359
2.789095
2.558351
0.416787
-0.700968
0.163938
2.812716
1.385637
1.821236
-0.065032
0.840154
1.606390
0.276644
2.330331
0.785559
0.561888
2.145449
-1.262423
0.744109
-0.072511
-0.866473
1.229189
1.431909
1.108420
1.205057
0.908488
0.401851
0.130514
0.045359
1.780597
0.812099
1.569506
-0.482833
0.894204
-1.196386
1.290495
2.949745
1.298292
-2.400656
1.740071
0.455331
1.010303
1.415747
1.306402
1.837691
-0.097159
-0.233753
2.139601
2.183017
-0.080458
0.780488
1.544276
0.891010
0.858523
2.616368
-0.149521
0.674414
-0.534024
0.453013
2.562743
0.725299
0.392825
1.413040
1.383213
0.774698
3.096048
1.887161
2.873276
0.862380
2.755170
1.941978
0.726292
1.277574
1.065907
0.539689
0.881561
1.848688
1.260103
0.713628
3.262224
1.068066
-0.251918
2.677698
1.327677
1.047241
-1.140392
-0.048327
1.355829
2.999731
0.149313
1.594154
1.959183
1.827525
1.034647
0.405390
0.250554
-0.020521
0.112594
2.259037
1.461213
0.735124
2.501041
1.779916
1.108945
1.297160
0.210719
0.343550
-1.155535
0.842412
0.171708
0.471703
2.688750
0.407610
1.576739
0.611015
1.671945
0.729456
2.426202
2.391893
2.363440
1.797699
1.985154
0.483099
2.105441
1.145920
1.896270
-0.283760
1.328728
0.438338
1.931369
1.761661
0.604558
1.588020
0.326755
0.644039
0.545158
1.062149
0.552421
0.658057
-0.762689
0.289358
1.085404
1.725392
0.916878
-0.024969
1.150800
3.708346
2.735798
0.567922
1.658066
1.629207
0.946913
1.326240
3.065716
0.971954
-0.048702
3.177867
1.927397
0.844515
2.097398
0.609834
-0.044234
2.090291
0.291839
1.187127
1.844026
-0.940107
0.744477
2.498835
-0.144224
1.318693
-0.054578
2.022329
0.315667
0.115790
1.232832
-1.077291
0.787259
0.013815
1.238479
1.764061
0.547574
0.045496
2.205979
-0.300501
2.139375
0.625136
1.096908
1.676225
1.430217
1.347939
0.510374
0.464699
1.418873
2.353049
1.946815
1.413339
-0.713562
1.022475
0.283424
-1.249573
0.634846
-0.989690
0.222505
2.256327
2.025536
0.169985
2.040817
1.700641
2.769586
2.490121
1.733270
0.504448
1.453800
1.565587
-0.321447
1.579984
1.711209
-0.565928
0.317427
2.017411
0.821435
0.633181
-0.028441
1.016607
0.837465
0.699718
1.943977
0.317001
1.670451
1.616599
3.158889
0.805332
0.516364
0.070498
0.392697
0.989046
0.380239
1.751174
2.555745
1.935190
1.357078
1.652107
2.482877
2.634031
1.144064
0.269233
2.050521
0.100651
1.794224
0.477945
1.814757
-0.215011
3.460172
0.351702
1.495087
1.775629
1.096211
0.454563
0.568920
1.744130
2.197848
1.234702
-0.393599
0.828523
1.221415
-0.332003
1.780952
0.271065
0.661045
0.835793
1.482189
1.564808
1.840128
1.518580
0.365519
1.315083
1.020155
0.926876
0.440884
2.535063
1.158487
1.771756
-1.096433
0.787190
3.259153
0.668441
2.052636
-0.297963
-0.621029
1.198681
2.412206
1.634548
0.752723
0.915328
1.690839
2.223522
2.712984
0.250461
0.643134
1.526528
1.590242
0.304920
1.091968
1.862353
-0.213414
0.433235
1.745270
0.812701
1.794011
2.002786
0.820257
1.286576
3.297447
0.790046
1.992835
1.161864
0.169385
2.377837
0.072429
0.792023
-0.126370
1.472938
-0.017757
0.007114
1.617766
1.213701
2.215720
1.394409
-0.393545
-0.675037
1.472654
-0.143418
