1000
0.622715
1.364266
1.559171
0.181362
-0.423600
-0.375108
1.303408
-0.118077
2.081662
0.300054
-0.948957
-0.314781
0.156215
0.346413
1.455345
2.111403
0.547674
-0.030036
1.781307
1.097531
-0.512284
2.676470
2.220493
0.627930
-0.292145
2.216634
0.355551
-0.450054
-0.726231
1.432832
-0.017467
1.944061
2.743198
2.209703
0.903756
1.716854
-0.315701
2.789146
1.974060
0.853033
2.284817
0.173071
1.185823
0.885219
-0.645746
2.160777
-0.182691
0.479525
0.230568
0.162180
0.666420
0.139232
1.061429
1.022985
1.016291
0.205751
2.522683
2.204728
1.331997
1.358798
1.361219
1.378909
-0.111549
1.351572
2.176682
0.683793
1.742335
-0.102598
0.613440
0.301238
2.451045
2.336450
1.035794
-1.113959
0.291983
-0.635176
-0.010588
-0.907490
-0.194813
2.438286
0.068853
-0.211845
1.802843
1.702403
1.236638
1.833575
0.937143
0.874371
0.515688
1.382934
0.531220
1.210788
1.729000
0.152388
1.151409
0.134411
2.753995
2.857721
0.886167
-0.263755
0.967031
-1.044704
0.222656
-0.077654
0.978895
1.831789
0.059334
1.201075
0.202084
-1.252685
0.248026
0.649943
0.183353
1.282237
0.974137
2.742220
1.164623
-0.247782
2.634135
1.825469
0.243390
0.424934
1.871645
1.710894
0.868387
1.429679
-0.317120
-0.292998
-0.464683
1.734666
0.766906
0.492100
1.869924
2.228799
0.803129
-0.172891
1.970854
-0.679122
1.720785
0.756630
0.537584
2.107164
0.582531
0.244659
2.260440
1.428921
0.661513
1.033798
2.493787
0.131873
-0.254852
0.727091
1.139406
1.929069
1.576422
1.515247
-0.025126
2.468671
0.182410
1.484327
0.553263
0.414106
0.174468
1.716168
0.907381
0.546052
2.384016
-0.289233
-0.157908
0.258532
1.309763
0.011329
1.148460
-0.539687
1.363942
0.126729
2.880432
0.179162
0.087029
-3.349032
1.502712
1.230675
1.083075
0.408209
1.796114
1.645818
4.180767
1.285297
-0.032714
1.392116
0.818698
1.686142
1.463463
0.633305
0.881038
1.469525
0.148740
1.903426
0.771505
-0.469139
1.204474
0.814087
-0.314147
2.603153
0.231826
-0.885660
0.596837
1.887129
1.321856
0.687711
2.061818
-1.099920
0.391541
2.501906
0.353358
0.488247
1.568884
2.439152
-0.323638
0.147940
0.686813
0.639096
1.051497
-0.682720
2.450667
2.132485
1.587822
1.007386
1.609840
2.312281
1.765344
1.246310
0.351470
0.329073
0.137314
2.204761
1.228757
1.235321
0.905794
1.342826
2.829990
1.228302
0.190901
1.649902
1.364800
0.380419
1.507204
0.575779
0.820584
0.830799
0.749411
1.695445
0.139465
0.788893
0.256489
2.065074
0.895716
-0.213134
1.453802
1.867060
0.131267
3.095741
0.203353
2.231562
2.099717
1.622269
0.928582
0.408138
0.074286
1.093340
1.710810
1.274120
2.101008
-0.205963
2.367250
1.468042
-0.549325
2.294754
0.971719
0.989009
0.943573
-0.205230
1.363471
0.550116
0.077588
1.031815
3.063344
0.497385
2.166753
1.601567
-0.045771
2.069652
0.800244
1.236661
0.454325
0.093541
0.268654
0.400606
-0.144634
1.462852
1.822197
0.045626
0.641126
1.669103
0.670517
1.947258
1.716580
1.814343
-0.598191
1.303249
1.764567
3.400618
0.525323
1.358531
0.935758
1.260660
0.224010
-0.520010
0.240829
0.289504
-0.308405
2.189502
1.406456
0.769854
0.844174
1.786766
1.150166
2.821628
1.421659
-0.213377
4.346904
1.722384
0.237068
-0.981718
-0.206940
1.721768
-1.533841
0.919873
1.749331
-0.043591
0.690162
0.201335
0.235067
-0.049822
1.856603
0.619964
-0.275692
-0.331902
-0.463272
-0.946885
0.275861
0.898539
0.000786
0.507818
1.683644
0.411484
1.045567
2.888602
-1.124397
0.674507
3.271492
1.551862
1.216503
0.490962
0.689175
3.244799
0.907854
0.703358
1.443192
1.831408
3.254723
1.110492
0.811564
1.659798
2.531412
0.225977
-0.128756
1.447258
1.711461
0.628827
-0.452793
0.886642
1.899817
0.399000
-0.333171
1.475899
0.441559
2.840196
-0.401698
2.845345
1.408613
1.404422
1.828732
1.105089
1.771185
1.525429
1.591087
1.693514
2.057317
0.562127
0.234789
-0.175503
1.931552
1.851937
0.546428
0.209166
2.214819
0.930573
1.625089
-0.866294
1.670684
1.410621
0.696286
0.558888
-0.076302
0.726193
0.235550
-0.243684
0.934774
1.868791
0.980236
0.320902
-0.897097
1.316637
0.453301
0.303111
1.490626
1.241226
0.767578
1.957894
0.394517
1.645351
1.844380
0.043614
-0.143496
0.751170
1.799779
0.713059
1.675349
0.611742
1.115662
1.977640
1.060482
1.236694
-0.463717
1.587909
1.750572
-0.138024
1.161480
1.093300
0.978617
0.713166
2.078171
-0.468892
1.246367
2.123589
2.450505
1.818655
1.683880
1.766746
0.883592
2.496590
0.522274
1.416346
-0.598249
-0.265408
-0.894328
1.236618
0.386986
0.879702
1.523755
2.475903
1.972975
-0.769425
0.766138
1.880708
0.316309
0.180815
0.381611
1.060482
0.484164
1.150035
1.521905
0.865516
2.126835
3.011433
0.050462
0.602681
0.986543
1.945016
-0.074780
-0.470988
-0.788840
-0.321758
3.346911
2.026641
1.591028
0.477007
1.571901
1.120520
0.289690
-0.096018
1.232837
-0.539124
-0.123848
1.505513
0.944192
-0.760394
1.368156
2.728955
0.689036
0.320694
0.787591
-0.483397
0.700082
1.544769
1.348010
1.089641
2.635627
1.625851
0.872579
2.756788
1.810641
1.183008
-0.406256
0.656980
1.307599
0.163375
1.613123
0.834059
2.361650
2.091210
0.963784
3.098812
0.557239
-0.083919
1.080971
1.993450
0.172491
2.592526
1.060641
1.516739
1.562255
1.291903
1.319766
-0.016848
0.832329
2.861730
0.677471
0.632493
-0.284219
1.798125
0.437161
-0.331396
1.203082
-0.412417
2.190997
2.642026
2.208435
1.640371
-0.989923
1.266799
0.329776
1.202169
1.770146
2.176848
0.418631
1.841492
1.374350
0.923716
3.137545
2.116896
1.795462
1.625891
0.018949
1.425968
2.377959
2.553104
1.182416
0.696209
0.658949
-0.487576
0.450063
0.173589
0.449267
1.472746
0.041553
0.591464
1.168331
1.034777
1.172415
-2.062939
1.330773
1.405704
0.250707
1.014457
0.808777
1.415229
2.594227
0.155993
-0.220544
-0.724219
2.126508
1.783761
0.256177
2.162618
-0.532308
-0.095028
0.538149
0.642778
1.329016
1.336207
1.010091
0.655742
0.470698
0.801528
1.099902
0.471844
2.368054
1.367682
0.098341
2.066467
-0.529132
-0.724887
2.687332
1.366784
-0.449191
1.841207
1.089475
2.551514
0.480800
0.526653
0.517134
1.168577
1.025901
-1.664625
1.434726
0.692473
1.120875
1.180288
-0.058037
0.090189
0.679694
0.663796
0.858525
1.409929
1.119415
0.826840
0.305538
-0.032740
2.346886
0.276620
-0.163220
1.982183
2.134913
-0.467066
1.497056
1.828159
1.212697
1.040045
0.126396
0.455208
-0.362807
1.814320
1.570285
2.854603
-0.712598
2.076003
1.047109
1.365150
1.773858
-0.327545
1.371841
1.294520
0.169056
1.126687
2.161815
-0.313756
0.923360
1.441478
1.019049
-0.108654
0.751206
0.862444
2.184931
0.501600
1.259958
0.957928
1.193281
1.058483
1.963062
-1.228356
2.136031
3.108075
2.160484
-0.025224
2.170974
0.627131
0.175410
2.480865
1.438998
-1.033304
1.484967
0.937901
3.616037
1.854517
0.867988
2.186536
0.100939
0.487738
1.019118
1.217971
2.169094
0.805665
0.082538
1.212858
0.185283
2.059917
1.023481
0.786940
-0.004327
0.742848
-0.582526
-0.247310
1.005272
2.572210
3.484008
0.239707
1.138832
1.330779
0.508730
1.645997
0.632781
2.334840
0.635142
1.809716
1.831014
1.170626
1.754189
1.335314
-0.176220
1.029546
1.737760
2.583520
-0.023977
2.118389
2.349213
0.257190
1.246425
0.009028
1.350894
1.609958
1.373644
1.677972
0.124194
-0.953172
0.846767
0.383471
1.083524
1.810271
1.555931
-0.036288
1.817465
-0.862224
2.191511
1.366185
0.798732
2.593848
1.955973
0.091292
1.374255
2.133276
1.006848
-0.419088
0.065528
0.117216
1.412579
-0.057692
0.533379
-0.181097
0.707161
1.516028
-0.434170
0.717628
3.404385
0.941441
2.953831
0.531876
0.881269
0.207390
0.687277
0.751425
0.237637
1.278858
1.158549
-0.439619
1.199170
1.655973
1.503373
1.784695
2.713947
1.411891
0.027092
0.506353
0.328462
1.034664
0.730314
0.251445
2.330351
0.187042
1.415686
1.028270
0.781327
1.433197
2.726046
2.535889
0.144187
-0.325812
2.390472
1.765382
0.558496
1.450203
2.169094
-0.911578
1.913947
0.448514
0.709242
1.624537
0.184691
1.444776
1.664803
0.734226
1.494228
2.692795
2.566088
1.185799
0.635754
3.450921
1.857129
0.621145
0.922051
-1.527271
0.654560
0.939857
-0.532038
2.391599
-0.088128
0.288357
2.499268
-2.503926
0.942006
0.980686
0.182452
1.613288
0.096789
0.725306
0.161039
0.169071
-0.944247
-0.747210
3.390989
-0.357523
2.213281
-0.015138
1.022669
1.414031
2.210425
1.630514
0.704331
0.972891
0.426888
-0.674633
0.770078
2.506069
-0.165497
0.534293
0.567116
0.195446
0.225299
1.789875
0.590719
1.610065
2.295531
3.399924
0.749018
1.765989
-0.106736
1.217257
1.229168
2.287725
1.430871
1.885438
2.026294
0.409947
1.583835
1.669128
1.856958
1.241001
-0.261832
0.492108
1.824206
1.620986
0.396474
-1.012084
0.143290
0.474692
0.895993
1.200340
0.243473
0.503119
1.763289
-0.409676
1.342836
2.925330
0.531218
1.445239
-0.992626
0.329165
-0.030930
0.072569
0.344029
1.670297
1.276778
3.006919
0.753379
0.406782
0.282737
-0.266914
0.325880
0.147036
-0.509952
1.123561
0.737469
-0.295531
-0.207868
0.384639
1.402420
1.086158
3.211011
1.151129
1.793157
0.645264
-0.279363
-0.569736
0.297992
1.495026
0.060185
2.449674
1.211945
-0.072166
1.287037
-0.562723
0.052234
2.296432
1.128944
-0.799424
1.124824
0.719743
1.315637
1.822318
1.598196
0.673260
0.676686
2.418747
-0.229383
-0.861839
-0.828966
0.855026
1.704773
0.649938
0.070147
0.667527
3.140625
1.347727
0.707671
0.512961
0.533014
0.693562
0.368578
1.836708
0.960132
-0.185024
1.348775
2.268631
0.781306
-1.345497
1.719941
0.928077
0.750236
1.064276
1.128281
1.124939
1.183324
-1.035114
1.982169
1.082472
-0.003404
2.871809
1.742682
-0.552396
