1000
2.112527
2.803113
0.441531
0.724058
0.490027
-0.595967
2.083871
1.708423
-0.943321
0.657768
0.511022
0.960650
1.480830
-0.419985
1.361671
0.049660
2.005544
0.359921
2.478665
-0.110812
1.085715
-0.347333
2.592725
1.481864
1.956938
1.846788
0.721970
0.444391
0.743273
2.231675
0.734163
-0.759718
0.932639
-0.578446
0.649323
0.378105
1.969467
2.917683
2.001128
2.752939
0.950152
-0.755285
1.888421
0.162665
1.348013
2.208946
2.116831
-0.167306
1.849970
0.945464
0.994587
1.866420
1.123696
2.606044
-0.567807
-0.017237
-1.388878
0.474099
1.984209
-0.663606
-0.833190
1.120563
0.179284
1.227134
2.062355
3.909344
1.241592
2.581621
0.980452
-0.349987
0.795415
-1.047433
2.442527
-1.356895
2.871602
2.840021
-0.202038
2.042734
1.103415
0.513895
-0.143374
1.149609
0.197234
0.751152
-0.078725
2.320665
1.392550
1.834978
0.254608
1.223118
-0.615604
-0.562660
2.718732
2.044531
2.551517
0.796786
0.466532
1.485498
0.607060
1.765161
0.864056
1.034779
2.718235
-0.881811
0.834308
0.094816
0.215087
0.959874
1.198734
0.970277
1.825587
-0.225942
1.529115
1.692285
1.204897
0.780038
1.295322
0.916114
0.604374
1.874298
1.771444
0.286038
0.877440
-0.520241
1.053906
0.264980
1.019190
0.286769
0.537034
0.342480
0.476845
0.853687
1.097515
3.279447
0.513779
2.326677
0.785061
1.167667
1.744808
3.633735
1.491468
1.045157
0.042396
2.457066
1.296400
1.831354
1.018019
2.369925
1.548907
-1.049135
1.140712
-0.853911
1.404091
0.066872
2.036738
1.173554
0.695541
0.894196
1.484646
1.250314
1.988640
0.829791
-0.137002
0.148356
0.219840
0.363193
0.465916
2.491957
1.194649
2.036089
1.656512
1.940356
1.756691
2.523057
2.315701
3.990482
0.915289
-1.154272
0.192461
0.026810
3.741336
1.010181
-0.057095
2.219362
1.003001
0.564584
1.301912
0.229933
-0.499761
-0.264524
1.355302
0.247460
1.567475
0.319793
1.118575
0.729632
1.980751
2.141759
0.705380
2.216334
-0.718784
1.090398
0.155995
0.861845
1.696999
1.394357
-0.084767
1.249065
0.209956
2.506815
1.353704
0.882062
1.588961
0.801492
2.130510
1.886951
1.255880
0.041624
2.111976
0.907337
0.130272
-0.640727
1.371494
-0.239311
-0.076772
1.267161
2.173489
0.804482
0.474364
1.448431
-0.440416
0.268852
2.209599
1.493485
0.334438
1.723831
-0.344192
0.743269
3.435437
0.972274
1.075142
-0.260070
1.676659
2.145273
1.413307
2.320967
1.933902
-0.746460
1.207989
0.902972
0.359459
1.543480
1.510267
0.803281
1.565472
-0.442768
1.924755
1.178389
2.261837
0.913593
1.166314
0.941415
-0.038113
1.059548
2.521338
0.351373
0.144223
2.551690
-0.020779
1.785849
0.364437
2.794959
0.195659
0.404338
1.256148
2.465289
0.425437
0.335289
0.546139
-0.302001
1.517371
0.220744
2.997419
0.879875
1.929251
0.067740
-0.225988
1.916356
1.947634
1.684373
-0.552473
0.214389
1.304369
1.326011
0.454011
2.471745
0.593456
1.578973
1.022353
1.165209
1.215652
1.137503
0.876217
0.486596
1.182229
1.190437
-0.008958
1.541759
0.191357
0.668958
1.347732
1.314355
1.688424
2.205485
1.219310
1.918492
3.998255
0.390434
1.479321
1.584359
0.733887
0.152655
1.152260
-1.071861
0.309989
1.550691
-1.513479
0.331031
1.494024
0.038727
-0.429153
0.802653
0.686517
0.970462
1.862204
1.648962
0.686853
-0.556002
0.839767
-0.561378
2.370825
-0.526092
2.584909
2.490083
0.622429
-1.420914
0.994885
1.434376
1.855838
1.401708
0.831529
0.016871
0.332724
1.389285
-0.529174
0.519824
0.300579
-1.397958
2.119532
2.242929
1.474924
-0.820636
1.925364
0.561472
2.098194
2.221115
2.622228
3.108923
1.571232
-1.198546
0.674487
2.222568
0.471046
2.914190
0.244523
0.665199
1.602248
1.066052
1.815698
1.720032
-0.326142
0.824203
0.489491
0.586358
1.139995
1.680136
-0.320113
2.123889
0.772105
2.074248
1.422395
2.151171
0.018445
0.693121
1.344871
1.403466
0.355651
2.752407
1.932985
1.596754
2.585820
2.288956
3.275556
2.347307
0.743739
2.287585
1.051543
0.717638
1.858502
-0.359298
2.134025
1.850789
0.814079
-0.515951
1.714513
1.661262
0.549416
0.807377
1.709061
0.560072
0.986311
2.283839
0.712616
1.071741
0.800034
0.622268
-0.242666
1.569120
0.026040
0.281398
2.591017
0.951738
1.325462
1.874581
1.578513
2.003190
1.760995
0.086855
0.105479
1.571553
1.520472
0.585595
2.447834
1.202505
1.784440
0.337776
1.191607
0.289522
1.266256
0.210059
0.382563
0.696573
1.796271
1.575932
0.772858
-0.452813
0.860633
0.543024
2.435845
0.710711
-0.225624
1.832868
3.375308
1.530112
2.051834
1.985527
2.423354
-0.024567
0.913813
1.640796
1.497718
3.127874
0.237961
1.202642
2.117886
-0.020059
0.231543
0.811726
1.379473
-0.024699
1.211554
-0.286586
1.097075
0.969268
0.762615
0.800469
2.434838
1.786653
0.531189
1.305166
3.080714
0.977099
0.202675
0.119619
0.464336
2.971543
-0.964187
1.828000
0.305771
-0.812548
1.450437
1.605298
0.278031
2.113800
0.697566
2.608205
-0.109813
2.187895
1.069873
0.917206
0.404836
0.282272
2.618451
0.775500
2.923798
2.392969
0.469455
1.900110
0.573144
1.604384
1.111958
0.046122
1.152210
0.772631
0.950006
0.495556
0.954386
2.282258
2.203090
-0.426266
0.199794
0.229866
0.910703
0.523310
-0.100625
0.361406
3.846727
0.240543
-0.060088
1.519627
1.516309
0.634861
2.962805
-0.947249
-0.054061
1.216751
0.334076
2.123144
-0.687075
2.327847
1.565439
2.662975
-0.138733
0.819465
1.633788
0.728389
-0.973640
1.898891
0.867954
1.652862
1.150307
-0.666728
-0.061741
0.410442
0.634573
2.378037
1.350797
0.247186
-0.573576
0.247647
-0.025699
0.926782
1.726559
1.528106
-0.985054
0.252720
-0.440440
3.569244
0.790300
1.933667
1.789926
0.222569
-1.172721
1.024157
0.641367
1.353322
3.701320
0.267876
0.455047
-0.868365
1.631441
0.862056
-0.603368
0.676041
1.376200
1.931813
0.107736
-0.719957
1.633110
1.125436
1.704027
0.351550
-1.303861
-0.000241
-0.552890
1.844951
-0.534981
-1.161030
0.824218
1.423182
1.026178
1.368289
1.051655
0.863680
2.357713
0.950264
1.882834
-0.196978
0.684395
-0.246755
1.497966
3.430356
1.936340
0.251257
0.933671
2.300791
0.895306
0.575070
1.505670
-0.635140
1.161941
0.717109
0.687012
-0.065959
0.926433
1.420153
0.118388
0.699602
1.411312
1.217007
1.042992
-0.389926
2.120316
1.523627
0.158960
1.016296
-0.227692
0.834455
1.891066
1.561499
0.426298
1.103758
2.459629
1.720357
0.947864
-0.070530
0.798583
1.331637
3.413771
1.320869
1.883757
0.047483
-1.155796
1.879283
1.515965
1.998053
0.287770
-0.069260
0.757314
-0.586990
0.042924
0.613201
-0.115268
0.921714
1.214368
0.903040
0.045694
0.927900
2.350123
3.423039
1.166717
-0.191540
0.855836
0.412133
2.904025
1.908068
1.199178
-0.274179
1.457592
0.617311
0.425375
0.248273
0.362042
3.238351
0.109726
1.365574
-1.666173
-0.556927
0.139440
1.632819
1.925769
0.912327
0.938730
0.368471
2.165416
0.994321
0.866295
-0.140807
0.918125
0.849678
1.603481
1.931462
1.033736
0.274654
2.516560
1.555205
2.008106
1.069465
-0.263421
0.141663
-0.228899
1.097885
2.208875
1.165237
2.615941
2.877339
1.439856
1.085976
-0.935293
1.283530
1.267827
1.153212
3.787409
2.017865
0.499269
2.546072
0.690485
1.402469
2.047211
0.342205
1.230125
-0.126439
0.643295
-0.675042
1.034296
1.353356
0.249916
1.346774
2.288854
1.205049
-0.688358
0.714703
0.569426
-0.891474
1.926183
-0.066759
1.406458
2.382769
1.075210
0.046031
1.328659
0.615736
1.434649
1.282263
0.876950
0.625826
1.142863
1.642988
0.639992
0.386312
1.239437
0.598090
0.220606
1.677611
2.488133
-0.843584
3.133488
0.707415
0.474790
1.788926
0.466242
1.474489
-0.207662
0.164322
1.386229
1.546571
0.975476
0.475724
1.764678
2.971889
0.802485
-0.905586
-0.618288
-0.195498
0.795222
-0.259671
0.517072
0.843415
-0.475845
1.220145
0.194577
1.635559
1.229697
0.617173
1.745946
1.094470
3.442785
1.572182
0.155915
2.861643
1.178278
2.593043
1.582942
1.642419
0.366456
-0.149026
0.549708
-0.201419
1.845581
0.551304
-0.684253
0.767848
-1.488845
1.476642
0.743900
-1.153490
0.238749
1.631407
1.300312
0.928957
0.711894
0.985173
1.323516
0.855780
1.723404
1.421488
0.715654
2.266943
1.013678
-0.570379
0.159749
1.890849
0.324230
1.662639
1.121947
-1.174012
1.054266
0.471169
-0.151275
0.076728
0.514589
1.280159
0.835928
1.546625
2.492148
-0.473759
1.305577
-1.158211
1.260751
0.388834
0.551395
3.097115
1.487474
-0.455070
0.990426
1.049686
0.319343
1.162776
1.762555
1.626344
0.782743
0.977071
0.755757
3.025154
1.047277
-0.099547
-0.214395
0.596219
-0.232746
1.110726
0.384341
0.895413
1.508331
2.884290
1.716342
1.712394
0.735997
0.234604
0.240481
2.256706
1.080576
0.582187
1.841911
-1.937230
2.010868
0.850132
-0.060977
1.617667
-0.298772
2.385298
0.769955
1.988141
-0.429639
1.468710
0.620990
0.759272
1.058052
0.815726
1.214035
2.061406
1.418419
3.031237
1.875158
0.427377
0.214121
1.675647
0.208346
-0.144482
-0.056620
-0.738489
1.920075
0.181115
-0.446659
0.654808
1.342422
0.877628
2.177353
-0.488709
1.683122
1.975256
-0.944796
1.169311
0.821526
1.752461
0.148841
2.361202
1.372319
1.645825
-0.585808
2.082080
0.766851
0.976804
1.541722
-1.114317
0.810653
1.413803
2.480188
1.974784
2.326280
0.828883
0.939203
0.757144
-1.962538
2.496594
-0.842935
-0.190473
1.084311
1.374132
0.896125
1.910852
0.212519
1.694888
0.196641
0.652225
0.593294
1.612425
1.027746
0.387138
0.734115
2.364817
-0.328892
-0.522419
1.705494
0.386830
0.044017
0.254371
1.293256
-0.850462
-0.732513
1.680029
2.068240
2.189144
1.153043
2.661652
0.036727
-0.356123
1.227209
1.517600
-0.078762
1.245625
2.141442
0.015266
0.701766
0.744244
1.484391
-0.032557
-0.063841
1.502772
1.890355
3.064276
