1000
0.843707
1.434456
0.096801
0.943076
1.056770
1.005217
0.262385
1.079787
0.936531
0.447907
0.818329
0.484878
-0.903168
-0.306368
1.183620
0.284189
-0.809449
1.351426
0.472836
-0.991722
-0.129680
0.088110
1.099847
-0.224774
1.727569
1.032572
0.264956
0.762190
-0.366084
1.763718
0.273326
0.618297
0.810651
0.776015
1.460283
-0.348458
1.425180
0.464886
2.230892
2.389097
0.673162
0.225129
0.530155
2.259990
0.637281
1.894159
1.530039
-0.496236
1.077227
1.074568
1.804289
2.577728
0.770936
1.383636
0.598116
0.429011
1.066757
1.051112
1.140961
1.026829
-0.432695
0.040554
0.330806
-0.437488
-0.627142
-0.301117
0.650991
0.087830
0.517843
1.637193
-0.303303
0.123509
1.987751
0.606757
0.305336
0.677798
1.709786
0.634060
1.470657
1.006969
0.635274
-1.815412
-0.665067
2.765759
2.372440
-0.250704
0.719415
0.004929
1.898493
1.360167
0.153727
1.562917
1.542644
2.820912
1.653915
-0.897641
-0.144576
2.083513
-0.055319
3.455811
1.608540
-0.369896
2.429134
0.004385
1.434789
1.175955
0.747213
0.095023
0.788108
1.444337
-0.059227
2.281232
2.132420
1.227512
0.899705
0.527618
0.639714
0.228262
0.428442
0.522654
1.516488
1.537669
-0.191195
0.980389
1.517541
2.026635
3.013804
2.779920
1.892016
1.846996
1.094997
0.443147
1.645299
0.691322
0.587761
1.270746
2.145445
1.078540
1.178749
1.446139
1.535354
1.473514
1.744403
1.555539
1.559981
0.782005
-1.160705
0.519054
1.269751
1.212263
0.024269
2.560955
0.466206
1.596428
0.924403
1.969729
0.702625
1.122220
1.570940
0.331847
0.795487
1.457482
0.897120
1.159810
0.183600
2.128275
2.826352
1.999631
0.770019
1.349538
1.761548
0.801210
-0.298429
1.682591
0.541031
0.523129
1.915358
-1.279831
2.211828
1.253838
1.074917
0.811968
0.853895
2.385860
1.677915
-0.131609
0.654651
2.957999
-0.160034
-0.980499
1.345282
2.220014
-0.571616
1.681593
0.346255
-0.306405
-1.003426
-0.604335
1.083787
0.420836
1.724635
0.586197
1.855622
0.616818
0.557657
-0.250501
1.409768
0.196626
0.973180
0.884547
2.927069
0.248629
1.509585
1.013472
-0.494128
0.226654
0.985732
0.432763
2.796079
1.975600
0.396213
1.159722
1.051430
0.801109
0.572964
1.111583
-0.432132
0.885976
1.672682
1.503422
0.650182
3.854964
-0.550992
-0.599266
0.415154
1.540947
0.801852
0.124981
0.263016
3.142228
3.296579
-0.604615
2.345954
0.960730
1.365282
0.480329
0.070220
1.966505
0.547619
0.069603
0.854525
-1.490984
2.360694
-0.896776
2.333944
0.287786
1.125609
0.257818
2.882919
1.384339
1.283179
-0.732168
0.615635
1.997806
0.379932
1.261640
0.745489
1.495976
1.379294
1.520597
1.471669
1.408386
0.119637
2.250556
0.444140
0.293519
-0.587833
2.389740
2.137247
1.199688
0.119352
0.205252
1.165167
0.696141
1.236300
1.505693
-0.564072
2.103407
0.737934
-0.028175
0.315019
0.312305
1.480915
2.875473
0.072196
0.092899
0.955529
2.040494
0.545936
0.371513
1.912179
2.035047
1.072613
-0.332811
1.282673
3.691791
-0.525361
0.216926
1.163976
0.699123
1.040036
-1.102248
0.886500
0.178376
2.454746
1.272351
2.421765
1.215254
0.897628
0.808870
-0.034040
1.997074
2.190468
-0.595248
-0.119737
1.774329
2.044510
2.681948
0.151236
-0.161070
2.387188
1.103499
0.884042
0.465185
1.369139
1.482200
1.138866
0.373593
0.379734
1.372705
-0.079207
0.256975
1.377153
2.426999
0.159656
1.227360
0.510773
1.296308
0.181501
1.970729
1.926255
0.166158
1.996859
1.188810
1.098901
0.187367
1.072045
1.660981
0.184846
1.527262
1.937817
1.261228
-0.258974
1.980601
1.397523
1.410245
1.725972
1.919683
2.621441
1.631351
1.083317
0.719361
0.883917
0.591551
-0.048058
1.041766
1.187763
1.196543
-0.615224
0.028095
0.916311
1.837848
1.598667
1.667764
1.773519
-1.282564
1.487257
1.427165
-0.336608
2.014423
0.309092
1.210366
-0.753542
0.042838
1.820894
1.185812
1.753594
1.709005
2.435157
1.417188
-0.507933
1.481819
0.316054
2.364521
0.824287
2.091953
2.035724
-0.024441
0.887149
0.303555
2.044800
0.825456
1.681710
2.725582
-0.283152
0.279244
-0.099928
0.470074
1.102652
1.307645
1.474121
0.227800
0.985275
0.885316
1.700404
-0.115371
1.941996
0.640270
1.645375
1.636765
-0.515261
1.748884
1.730456
1.562320
0.653857
0.095592
-0.356492
0.734235
0.106902
0.225121
0.429147
3.002497
1.187036
1.665949
0.752583
-0.096426
0.758017
2.312684
0.584671
0.960329
0.230244
0.871900
1.562083
0.572386
1.053690
0.405773
1.174948
-0.268971
-0.135180
0.880030
-0.158063
-1.268477
-0.968979
0.343075
1.389814
-0.214030
1.279479
1.113033
0.589001
1.927419
-0.140361
1.714072
0.445456
-1.379848
-0.596198
0.786359
1.149510
0.361245
0.960259
0.556329
0.587606
-1.115018
-0.295834
-0.671235
0.911706
-0.797713
2.719148
-0.131760
1.772343
0.770407
1.447179
1.320986
0.953510
0.647927
2.287654
-0.124467
1.905122
0.181681
0.512872
0.508834
-0.326831
-0.874164
0.494285
2.463966
-0.796726
2.221495
1.556338
1.071490
-0.507127
0.181511
1.757771
0.905364
1.567636
0.588122
0.194072
2.592545
-0.417252
0.823687
1.711030
1.903041
-0.764258
-0.658774
0.938473
-0.706248
2.335620
0.183596
0.377975
0.191315
3.496014
0.691392
-0.320970
1.855347
0.757152
1.604184
1.829510
-0.627329
0.904378
0.534291
0.355938
0.187636
0.541486
-0.017979
0.329343
1.443266
0.340455
0.901221
0.841626
0.311771
0.945766
2.914949
0.940716
2.039698
-0.010546
0.305196
-0.144063
1.919745
-1.064501
1.803285
2.134478
2.267967
-0.103261
0.244913
2.410548
0.226236
1.043176
1.123735
2.083942
2.263930
0.836665
0.316785
-0.505407
0.083298
-0.170879
0.133085
1.510022
1.059613
2.172896
0.697593
2.711253
0.268136
0.948786
2.784298
-0.514146
2.546286
1.513564
-0.392942
-1.024549
-0.291353
2.377023
-0.521869
1.483358
1.169637
1.683733
0.203359
0.819303
2.375856
0.845278
0.319525
1.766341
0.732838
1.559490
1.391846
1.880269
1.947436
0.856501
0.303872
0.610464
1.024851
2.285957
-0.147467
0.194253
1.965831
0.927259
2.178790
0.067150
1.449507
0.390360
1.338168
1.610992
1.605813
2.326600
2.950358
2.218533
0.078717
1.658443
1.437127
0.350806
3.261834
1.951575
1.887547
1.750765
0.931868
1.702751
1.702895
2.021818
1.601586
1.285497
1.738751
0.612253
-0.257478
1.628612
0.463742
0.760029
1.618634
0.571838
0.790466
0.840522
1.078657
-0.298368
1.264228
3.604370
0.508742
1.330343
0.857624
-0.142601
2.052915
0.746158
0.486408
0.984088
2.149290
0.523822
-1.403366
0.687388
0.236787
1.745136
0.125209
1.273567
1.067851
0.617328
0.875339
0.644024
1.613544
1.558887
0.871736
1.009966
1.740922
2.050816
0.963246
1.073217
-0.496184
0.367958
-0.514862
1.033282
1.961425
2.462365
0.678675
-0.904998
0.730853
0.722367
2.531814
0.702813
0.565849
2.011944
1.524070
1.582467
0.997915
-0.353674
0.461869
1.218382
-1.178509
-0.246761
0.179369
0.893282
0.731705
1.203032
-0.165059
1.022509
1.572766
0.765429
1.321729
0.487072
0.686621
-0.107687
0.464583
-0.594857
0.703321
1.200852
1.009941
1.676199
0.788057
0.016942
2.340210
1.911058
0.292413
2.161134
0.578732
3.102008
1.789542
1.854129
1.547367
1.743445
1.365394
-1.647894
1.274590
3.669751
0.837021
0.314450
2.233618
1.661251
1.001871
0.625654
0.661682
-0.291189
0.804387
-0.438924
0.329692
1.647777
1.418685
0.587889
1.459894
1.242976
0.866129
0.553530
0.839485
0.744062
0.749595
0.635826
1.944005
1.064029
1.057949
-0.127383
2.039645
-0.237517
2.321150
1.163533
-0.659817
0.392113
0.276237
-0.120445
1.188629
-1.074931
1.217269
1.863179
-0.715714
2.078849
0.051319
2.374158
2.197268
1.150291
1.851789
0.005110
0.830761
0.173432
0.870328
-0.636769
-0.409593
0.148541
1.820870
-1.818917
1.893965
-0.299819
0.283057
0.790658
1.005160
0.537717
1.550431
0.769667
0.396836
1.011830
2.554535
2.379170
0.569378
2.219055
2.779314
2.320266
1.365059
0.995546
-0.223718
-0.479976
0.640427
-0.151031
2.152397
1.722275
2.102291
2.064995
2.636136
1.019691
-0.152278
1.410825
0.687185
2.522777
2.185796
1.528088
0.802929
1.649835
0.433482
-0.340823
2.489869
1.055120
0.862472
0.550892
3.442061
0.263004
0.191280
0.762014
1.255060
1.194616
3.153626
0.513713
0.374856
1.037830
-0.805636
-0.002264
0.424466
1.524776
1.713389
0.623212
-1.375069
1.105633
1.111514
1.036716
1.045449
2.003627
-1.179734
1.306486
1.942770
1.904212
0.920016
1.413036
1.635621
1.680926
0.961671
2.459019
0.441950
-1.303415
0.969641
0.310864
0.711180
0.080493
2.082076
2.739177
0.738823
0.021389
1.861332
1.678323
2.150112
0.367091
1.024458
0.967504
-1.756238
1.366890
0.805641
1.089021
1.871045
-0.662410
1.020279
0.907401
0.817936
1.360663
-0.449108
1.978120
0.177173
1.809065
1.610027
1.557860
1.233606
0.261621
1.290140
3.689065
3.159216
0.964996
-0.143109
2.088586
0.852427
-0.528773
1.747658
1.682271
-0.357159
1.230555
-2.368402
0.723470
1.028854
1.841506
1.600847
-1.337962
0.881573
-0.145487
0.367566
1.153163
1.226987
-0.337361
1.420095
0.602176
0.901348
-0.242915
2.582155
0.053004
-0.839597
0.219165
2.497262
0.487233
1.318216
-0.714247
0.841049
0.986388
2.386765
1.869355
2.066794
2.269818
-1.478481
0.189735
-1.073842
1.686174
0.901881
0.777513
0.711137
1.815086
1.936181
1.360933
1.312621
1.693580
0.785972
1.695461
1.235569
1.459579
1.759932
1.105174
1.718164
2.350544
1.535909
0.243257
1.004554
1.738650
1.294538
0.784715
1.213950
0.009379
1.285515
2.130643
0.090310
2.166883
1.711618
0.264671
-1.460948
1.400985
1.045782
2.089200
0.645319
1.698234
2.936383
-0.123533
2.067000
2.528078
2.857073
3.432861
2.472514
1.572488
-0.520950
0.828107
-0.264264
0.260500
0.030465
1.402624
0.814773
1.193511
1.343232
2.573149
-0.223717
1.263060
0.382355
