1000
0.639975
0.111474
1.803523
0.716762
0.961688
0.455555
-0.674277
3.392738
2.290003
-0.454302
0.861807
1.011015
0.377009
0.028078
0.816604
0.768779
-0.200689
0.509287
-0.308679
1.683824
1.117333
0.591702
2.753746
0.525197
0.065426
-0.331050
0.511507
1.178423
-0.525218
1.720233
1.885401
-1.318267
0.410747
2.716631
-1.166199
-0.422017
0.840829
1.375287
1.169060
1.494083
-0.382093
0.891938
1.265662
0.227916
1.182954
1.104186
2.819964
0.431352
0.657015
-0.404512
0.457280
1.639974
-0.307704
-0.720360
1.717482
-0.116063
0.559245
1.051732
-0.819555
0.959449
1.218938
0.315217
2.125579
1.579284
0.855124
-0.242336
1.355740
2.319092
1.333600
1.360926
-0.103689
1.203564
1.059464
-1.013222
-0.285228
0.867080
1.071370
1.118960
2.145753
0.157612
-0.048066
1.981865
1.178294
0.445359
1.561976
-0.212454
1.177838
-0.719203
0.299892
0.289583
0.197278
-0.659245
-0.659419
-0.113662
0.223084
-0.167323
0.711304
0.429533
1.058921
1.596651
2.219098
0.971318
1.399668
3.398812
-0.195822
1.650097
2.242673
4.016514
1.228001
-0.885850
0.449190
1.414101
2.684283
0.375463
-0.077128
1.493230
0.875762
2.604223
1.197344
0.775337
-1.337490
2.551681
1.594304
-0.577171
2.235769
1.324385
1.050179
-0.073748
1.533635
1.573345
0.966207
1.685971
-0.712353
-0.436360
1.027508
-0.378702
2.402203
0.397397
0.410055
0.844995
1.096006
-0.065762
0.280042
1.513692
0.829266
-0.212151
2.273760
-0.660834
1.050351
1.304903
1.680290
1.629265
1.959323
0.041113
1.131894
2.336173
1.550450
1.920995
0.234540
-0.841804
0.787898
1.251166
0.690823
0.141699
-0.991180
0.660005
3.271891
1.066522
0.403730
2.588805
2.292021
0.822509
0.338460
-0.290364
0.627292
-0.445311
3.035836
1.466132
0.913317
3.463304
0.175244
1.220491
0.638753
2.388402
2.058542
1.679584
0.913527
1.918162
2.018559
1.273678
0.332565
0.756409
2.013421
2.792184
1.599820
0.725842
-1.405964
0.810538
1.489870
1.154178
1.826951
2.188480
1.365358
-0.645464
2.811726
-0.580469
0.755978
-0.509415
1.037461
0.850019
1.743862
1.440997
1.633455
1.848622
0.768784
0.759572
0.902449
-0.777360
3.101376
1.069390
0.096874
2.315903
-0.492528
1.211846
0.520276
2.442222
0.348102
1.463563
0.417798
1.287126
2.865335
1.294061
1.650468
1.458726
-0.167167
1.292449
1.826590
0.803791
3.187824
-1.292640
0.276528
1.069571
1.780429
0.462450
0.961908
-0.181107
2.018321
0.949712
1.600678
2.710773
-0.012715
2.185276
0.497663
1.894915
0.443215
0.664718
1.514741
0.828586
1.971663
-0.523352
0.099033
0.726438
0.929085
1.387487
1.437382
0.733638
0.981004
0.985446
0.451038
2.065252
0.948369
-0.535827
0.452334
1.974690
0.675524
-0.460914
1.727732
0.107430
-0.797793
1.880196
0.697478
0.673524
-0.072755
1.518392
3.134217
0.212657
0.712232
1.719016
-0.753827
-0.176506
1.272973
0.303340
-0.306730
2.383758
1.923107
1.661833
1.830855
-1.523135
0.076910
0.755320
0.191099
-0.018100
0.954548
0.210095
-0.554104
2.225379
0.702817
1.968328
0.718680
-1.105426
1.242518
1.000726
-0.134801
0.607880
1.200479
-0.043179
1.709452
-0.411018
-0.242843
1.117906
-0.053829
2.301935
0.424347
-0.005353
2.114655
2.401058
2.323387
0.763684
0.965333
0.741852
1.474247
1.722744
0.489585
3.337051
1.602749
0.036421
0.971100
1.363103
1.102424
2.035336
0.878881
0.420062
0.438067
0.247762
0.241960
0.270843
0.994654
0.598008
0.831953
0.025100
2.759352
1.180430
1.181884
1.753521
2.652881
0.995984
3.460554
-0.688681
1.672059
2.473982
0.190720
-0.836314
0.087724
1.500580
1.870340
1.737552
1.207894
1.481813
0.660763
1.681298
1.081313
0.199773
0.650536
2.026577
0.202744
0.939376
0.728343
1.800405
0.319717
-0.366195
2.509146
2.030915
2.657498
0.692665
-0.721144
0.437721
-1.296579
0.730297
0.631720
0.147498
-0.616614
-0.014659
1.751870
1.825353
-0.294366
1.244656
0.451955
1.669037
1.920660
2.942171
0.674594
2.190003
1.057388
0.316417
-0.067780
2.106187
1.532811
1.527783
1.753359
-0.130660
1.378075
-0.096427
0.165261
0.107449
0.612537
-0.494968
2.555249
2.262969
1.155422
1.241624
1.955095
1.437130
0.560815
0.496236
1.106566
0.131681
-0.051749
0.765341
1.528277
-1.276540
1.808827
1.303902
0.695376
-0.218001
0.310216
-0.546061
1.217099
1.135163
-0.034184
2.229526
0.183607
-0.962331
0.331796
-0.364888
1.061661
2.110726
1.251710
2.420196
2.063668
1.368897
0.673297
-0.063902
-0.086011
1.665540
1.644074
2.109760
-0.138361
0.865394
2.769196
1.607038
1.619540
0.182829
1.297272
1.153123
0.275364
0.843233
-0.160817
0.598594
0.115654
0.435321
1.279883
0.960949
1.934134
0.687129
1.340206
2.600460
0.039194
-0.319551
0.938109
2.167396
0.418022
1.067898
0.448170
2.207507
1.346728
-1.097989
0.128890
0.845081
0.788090
1.528042
1.647653
1.300022
1.162092
1.363923
-0.784665
2.140751
-0.233306
1.139404
1.193957
1.555187
-0.759117
1.035125
0.110625
0.107257
0.255979
3.377288
2.265064
0.419838
-1.263141
1.693777
0.516421
1.562084
0.460321
1.302315
-0.104155
0.158104
0.704333
-0.259807
1.308780
0.093178
0.747349
0.694791
-1.136190
-0.214914
1.465177
0.876184
0.846219
1.953887
1.063958
0.109683
1.697092
1.572218
1.221886
0.813450
0.413423
1.042037
0.788244
1.488029
1.713610
2.310461
-0.273120
1.440015
1.407312
0.015537
2.302228
0.837506
0.348108
1.840598
0.747774
0.735185
0.666635
0.813665
2.722128
2.614290
-0.028197
3.271321
1.180314
-0.207576
1.598672
3.016109
2.191966
1.947666
0.756771
-0.521034
0.530757
1.637491
0.134213
1.390334
2.743822
0.244311
-0.690279
-0.682966
1.662051
1.446468
-0.665995
1.362741
0.581567
1.194751
1.033233
1.189406
1.430702
1.926669
1.369561
2.218380
-1.107150
1.150984
0.932570
2.234160
-0.776173
2.173159
1.056817
2.328421
1.455266
0.661058
0.545005
-1.072947
-0.001336
-0.495163
2.563951
0.767527
1.456136
2.013842
2.237937
0.995794
0.475336
0.616714
0.163667
3.025978
1.596986
1.349294
0.857968
1.472549
0.062324
1.211320
0.550117
2.021613
-0.059394
0.054747
1.318025
-0.535419
1.442106
0.934534
0.922325
2.090079
0.189569
2.188367
1.591647
2.001871
3.194498
2.239937
2.441966
1.087629
2.863110
0.344917
1.864329
0.773116
0.167641
0.686017
0.465431
0.677765
1.090269
2.367695
0.963054
0.749819
0.473665
1.310265
1.433219
1.512976
-0.102871
1.403411
0.877804
-1.354655
0.106298
1.121019
0.712541
1.090637
2.078692
0.768254
1.306028
-0.927465
0.186303
-1.004639
0.934963
3.499784
-1.631765
0.363087
0.776527
1.828378
-0.624419
1.210216
0.334839
2.363987
0.035810
1.912468
0.989057
0.879963
-0.042593
0.842687
2.635130
1.909102
0.613661
1.717759
2.205078
1.999558
1.926212
1.348468
0.928989
-0.543039
2.306918
2.791904
-0.353874
1.303924
1.457069
2.344507
1.713770
1.768048
2.719737
1.561639
3.409796
1.313022
0.422126
1.208158
2.010932
2.080274
2.585230
0.865226
2.076176
1.094858
1.204174
1.141333
2.325314
0.936410
0.799252
1.126283
-1.023712
1.315637
1.217398
-1.258677
0.164809
-0.658332
1.248038
0.497152
-0.335375
-0.616673
0.556016
2.129470
0.593749
1.248559
0.481574
0.708299
1.025359
-0.569736
0.239548
1.106084
0.770661
2.673095
2.146782
1.699569
0.210797
2.777705
0.604917
-0.065045
-0.012933
1.047293
-0.788985
0.820715
-0.090739
1.293712
-0.379434
0.509426
0.864836
0.165739
-0.372615
0.566074
1.427559
2.467037
3.392110
0.943046
0.162631
2.006185
1.177233
1.478546
-0.724330
1.081717
0.258439
2.088192
2.316697
2.601110
0.118974
1.081294
2.763557
0.100458
-0.437388
2.480918
0.743946
0.630459
2.002697
1.662329
1.197970
1.027343
-0.676789
0.904659
1.517024
1.127580
1.392672
-1.601041
1.580878
1.211160
2.272158
-0.174645
1.590076
1.560851
0.408070
1.378622
1.602071
-0.127100
1.512192
0.956023
1.236349
-0.825633
0.539105
1.058332
0.481239
1.398146
0.817030
-0.062746
0.373654
1.930973
0.395047
1.137287
0.984904
0.664840
0.761947
2.305987
2.011473
-0.417154
0.879151
0.305744
0.170100
-0.621731
0.914921
-0.233563
1.026730
1.888764
0.890025
1.219277
2.089750
3.187310
-1.996194
1.192100
-0.119112
1.264653
2.499522
1.533863
-0.198893
-0.068782
0.567944
0.958809
-0.849993
1.163146
0.415757
-0.462662
0.605029
1.000708
0.862489
3.389835
1.663687
1.966622
1.723077
-0.477699
0.121735
0.233300
0.921901
0.826456
1.258877
0.564387
0.185926
2.564142
1.099120
0.983817
1.209492
-0.099296
1.739750
2.021042
0.390005
0.710611
2.288852
1.245346
1.389704
2.246876
1.002735
0.351518
1.234149
0.345802
1.164106
2.477873
2.012849
1.107577
0.907708
1.208162
-0.528993
0.447403
0.704153
1.486927
0.220758
1.706026
1.247566
0.780933
1.476011
1.893692
0.249690
1.027746
1.892119
0.657543
2.080436
2.442542
1.329036
2.254481
0.589093
-0.182632
0.958711
1.888886
0.105983
2.873017
0.887082
0.287045
2.634146
0.559135
0.948212
3.532719
-0.317456
0.645480
0.189293
1.561554
0.594752
2.322421
0.949127
1.024023
1.134678
0.649713
-0.413489
-0.417437
-0.259145
1.649312
0.811567
0.014834
2.682892
1.325467
0.363554
0.848790
1.286797
1.624149
-1.021481
1.360990
0.156896
0.019039
0.418223
0.321397
1.398626
2.142765
-0.718798
-0.707661
1.303167
2.368765
0.879724
-0.035513
2.051765
1.788910
0.300906
0.408385
2.380103
-0.938501
0.705263
-0.003196
2.992676
0.483784
0.081513
0.763982
0.102307
0.931388
0.518431
1.747917
0.950053
0.398982
1.516376
-1.173637
1.164533
0.290124
0.593979
2.572616
0.064313
1.575172
0.358042
1.547080
0.975784
1.655398
0.838525
-1.298231
2.063384
-0.513604
0.428920
0.573722
1.997232
0.226076
-0.613836
2.982156
0.766205
-0.226256
1.802866
1.620633
0.556185
1.870854
1.691513
1.353363
0.799051
-0.993179
1.718093
0.018817
0.563326
3.262933
