1000
1.925013
1.183181
1.938038
1.976470
2.827511
0.680790
3.852385
2.527599
2.719550
1.723067
0.474123
1.067571
0.917373
-0.810718
-0.829899
2.205407
1.125150
1.701775
1.332046
0.019450
0.508555
0.303325
0.886889
0.583882
1.108685
3.127551
-0.000223
-0.410272
1.686268
1.147425
0.072608
0.903682
-0.190820
2.375024
1.018269
0.586675
1.390074
1.011013
0.396451
2.799406
1.549543
2.215939
0.652460
1.641526
0.676609
0.899167
2.331902
0.883874
1.583997
0.366705
2.009980
2.266638
1.249268
1.484664
-0.598456
0.121380
0.026367
1.382746
-0.184894
-0.511658
-0.448998
-0.007206
1.892890
0.638450
1.891483
1.345133
3.337796
2.298817
1.893973
1.422381
2.204401
0.423085
1.903289
-0.432289
1.914253
0.556435
2.318279
0.376940
0.697196
-0.748482
-0.633183
0.187710
2.419150
2.504056
2.120105
1.124707
0.184690
1.096959
0.412102
-0.622534
1.360575
2.091328
4.106745
3.692871
0.673724
1.461369
3.136604
0.547197
-1.187468
0.606062
1.161039
-0.400926
1.909781
1.281456
0.687722
-0.061163
1.803553
0.693815
0.936615
1.664828
1.938866
0.246845
1.730721
1.425733
1.011026
3.169168
2.529645
1.822670
0.079646
1.784466
2.243689
0.258203
0.574047
1.767072
1.122108
1.699118
0.558880
2.168496
0.781243
-0.107351
1.133287
1.142248
-1.125762
-0.585843
1.628697
2.266756
-0.076140
1.679182
3.207464
0.551724
0.816398
1.302383
1.020606
1.488806
0.940024
0.361070
3.149537
0.302676
1.136942
0.441426
1.567561
1.760758
1.788582
0.484451
1.660041
0.771850
0.087170
0.349681
1.176160
0.179936
0.120023
1.116087
1.454417
0.744417
0.120800
2.582544
0.497190
1.525741
0.218411
0.823569
0.116869
2.776589
0.336389
0.840199
1.834821
0.436759
1.576160
2.887107
0.760258
0.188107
-1.203137
1.081423
-0.574685
1.237005
-0.400912
0.959099
0.162812
0.405061
0.173399
0.043640
1.168210
1.610873
2.560921
0.355964
1.966970
0.358983
0.657111
0.716572
0.055640
0.582251
0.082554
-0.032322
0.454121
1.242604
1.091446
1.244088
0.683548
1.549468
-0.411594
1.088806
0.398667
-0.129248
2.269083
1.929367
-0.192497
0.552595
0.502037
1.806723
0.092289
2.343056
1.645510
1.768483
0.359309
0.979413
-0.098986
0.110111
0.356738
0.112970
2.092456
-0.180153
1.312600
1.239248
0.670023
1.288673
2.518914
0.487724
1.800504
-0.889706
-0.969557
-1.023750
1.344971
2.725820
1.289193
-0.567828
3.183702
1.244848
0.963902
0.117715
0.959752
1.057291
0.402497
2.949926
0.869023
0.390481
0.973670
0.983089
-0.465473
-0.552767
-1.185922
1.409550
1.481852
1.064713
0.665254
-1.621900
1.210081
1.734943
0.887778
3.256780
0.415490
1.616346
0.968467
0.586074
-0.388914
1.793540
0.737483
1.315666
1.936071
2.131560
4.009080
-0.128514
1.520808
1.302102
1.569979
2.114513
0.913871
0.425880
1.377369
2.137862
1.046569
1.017655
1.602943
0.279756
0.487732
-0.572691
0.466137
1.173200
2.016054
1.418058
0.889309
1.962093
1.538155
0.066686
0.149505
1.805343
0.422959
1.524508
1.838077
-0.057123
1.857825
1.327297
0.701700
1.363383
-0.822162
-0.239374
-0.327029
0.330023
-0.440284
-1.880831
0.884137
0.938766
-0.796610
1.553818
0.086821
2.482918
2.246361
0.455839
1.210654
1.925263
1.880868
2.023391
1.863471
0.964085
0.093332
0.134936
2.130343
1.521847
-1.140246
0.872190
-0.396204
-1.076122
-1.296364
1.395627
1.926881
2.121761
0.880135
0.283945
0.630294
1.339187
2.068811
0.121351
2.060312
2.247173
0.698085
0.469340
-1.586700
1.050456
1.461502
-0.562061
1.230975
0.070463
0.753543
0.800797
1.113124
-0.478168
-1.045394
0.450938
1.617846
0.133909
1.126560
0.596441
0.761335
3.109255
0.070898
-0.117187
-0.939193
0.250288
2.687278
0.373585
0.146724
0.248094
0.802163
0.624272
2.737561
-0.606098
0.058548
2.088141
0.832860
1.603735
1.280402
2.139419
0.646181
2.387437
1.963966
1.463792
0.535838
1.165165
1.789287
1.637043
-0.710875
1.875429
-0.169265
0.708735
0.155945
1.807119
0.374522
1.026064
0.113141
0.697940
1.649878
1.044446
-0.045844
0.910129
0.563099
-0.513721
1.843901
1.848552
-0.057115
2.408848
1.945016
1.458145
0.223384
1.133183
2.531054
2.521388
0.055656
-0.120608
0.979558
0.232001
0.316900
1.380263
1.590072
1.319087
0.257362
1.425356
1.635501
0.859370
2.063986
1.254134
2.576377
0.779085
0.939770
2.083431
-0.053398
1.619860
1.718134
1.761706
3.066376
0.119393
2.871448
0.694164
2.975193
1.730564
0.501692
2.648470
1.357187
0.158787
2.420448
0.558101
1.160758
0.395238
0.823307
1.781555
0.410573
1.921024
0.549061
1.031780
1.528093
1.358088
0.597116
0.322147
1.760345
2.289395
1.279632
2.509536
0.109199
1.805227
0.679231
-0.835042
1.847337
1.319531
1.097400
2.028765
-0.566302
1.111928
0.865387
2.280649
-0.233837
0.864466
2.105105
-0.821160
1.830567
0.717423
-0.009784
1.830294
0.879265
0.188724
1.723691
1.823895
0.958099
1.862387
1.592512
0.291659
0.423607
-0.590817
-0.653743
2.159885
1.080774
-0.523570
1.176782
1.149880
1.361973
0.206247
1.946308
1.642319
1.662727
2.111247
0.833127
1.720534
1.570818
0.764542
0.055757
0.055340
0.484565
2.030115
1.012051
1.111094
-0.106265
-0.575730
2.200265
1.297266
1.212565
0.675348
0.043861
0.848252
-0.610108
1.380182
1.874486
0.000694
1.816652
0.437299
2.326117
-0.006110
-0.026776
-2.194788
1.193895
1.339011
1.287690
0.806116
-0.148463
0.422878
-2.461123
2.614042
0.721385
-0.991766
0.717847
3.038272
-1.054858
2.769779
2.707295
0.566614
1.167782
2.167647
1.355351
2.396461
-0.859347
2.550211
0.990549
0.493896
0.899091
1.161798
0.385623
2.061109
0.609856
0.087246
0.471644
-0.452093
1.489308
0.924789
0.555665
0.283217
1.794723
0.966915
1.032691
0.553212
-0.535341
0.719847
2.637370
-0.580751
0.943982
1.148002
0.758866
1.167450
0.343784
0.329582
2.081064
1.856152
1.696131
-0.593947
-0.724621
0.371585
0.193290
1.100780
1.136280
0.340429
1.781094
1.351149
1.290520
1.180320
1.501787
1.666592
1.447079
-0.810036
2.863982
1.057748
0.081576
1.396373
0.236732
1.121161
0.454697
-0.045758
1.835348
-0.437820
2.827391
0.646780
0.437948
1.915989
1.494447
1.154291
1.900281
-0.290903
0.528398
2.067612
0.867692
0.298777
1.284287
0.334309
2.525252
2.793429
0.937142
1.919372
1.888891
-1.675483
0.312624
-0.136621
0.110121
-0.372129
2.003292
0.993781
1.176252
-0.518230
-0.324391
2.439288
-0.717885
-0.318927
-0.611445
-0.031449
-0.231576
1.221715
2.707133
2.138865
0.205875
1.556209
2.461844
1.493884
0.863392
-0.399555
1.056161
-0.413793
0.880717
-0.582196
-0.381916
1.575713
1.728895
2.512048
1.982216
-0.242317
0.485410
-0.165276
2.172544
2.589734
0.044411
2.513514
1.003858
2.028414
3.502664
0.064878
2.325748
-0.723187
-0.405078
3.646505
1.040831
1.314302
0.877422
0.978967
1.862082
1.993433
0.880114
0.572122
1.431341
1.011704
1.682162
0.517360
1.644280
2.968578
0.094986
0.945534
1.062421
0.803198
1.003450
1.209699
1.829203
1.856380
-0.148178
2.868868
1.989308
0.902662
2.002592
1.867859
2.243003
0.586662
2.311048
0.378460
0.740910
1.169563
-0.291102
1.366600
-0.193945
1.339114
0.601912
2.230189
2.201790
1.414493
-0.011630
1.612922
0.689821
1.606820
3.366238
2.288611
1.481500
1.449728
-1.155248
2.200051
2.818387
0.171991
0.118654
0.378365
2.079422
0.351424
-0.082837
0.512535
0.964425
2.214205
0.994783
1.526903
0.834856
0.097335
1.008007
0.571984
0.579679
0.073016
0.543776
-1.195561
0.161824
0.943769
2.231794
-0.142623
1.436653
2.057717
1.044602
0.280714
1.404028
0.157379
-0.265054
-0.450855
1.407148
2.146279
0.928150
0.791595
-0.686687
2.828230
1.264106
1.690205
1.745488
3.325755
1.031546
0.960750
0.737498
1.324142
1.387777
0.851690
1.272507
0.323734
1.729132
0.464078
1.002530
0.146041
1.244106
0.402121
2.887092
0.614058
1.070532
1.043758
1.275014
-0.380583
0.338296
1.593596
0.589988
1.527363
1.165513
0.830446
0.237722
0.032521
0.962298
1.999108
1.467607
0.600677
0.122059
-0.068567
-0.348318
1.205959
1.480751
1.248367
-0.588413
0.149000
2.056915
0.127883
1.839934
-0.421772
2.492690
0.206258
-1.364729
2.414998
0.508075
0.160424
1.701880
1.784034
3.177778
0.912867
1.784598
0.632422
2.626215
2.835267
3.309039
0.757454
0.830473
1.492865
0.826272
1.583286
0.600020
1.357575
-1.001046
-0.480461
2.715206
0.961301
2.019324
1.226555
2.171278
2.740895
0.890228
1.343131
-0.507845
1.468718
1.182552
-0.076010
0.889930
0.846322
-0.311315
0.776473
2.223240
1.456229
1.832052
-0.485420
0.610170
0.360514
-0.289594
1.587482
1.866143
1.272273
2.026104
2.172344
0.552041
0.525837
0.341701
0.786622
0.601538
0.666505
1.262736
-1.178733
-0.403978
0.374555
-0.760680
0.251267
0.505852
0.730536
-0.190261
0.712888
1.977448
1.028146
0.312334
0.520668
1.019914
0.926371
0.049307
0.616029
1.497438
1.544705
1.007913
2.156252
0.579688
-0.323795
-0.474663
0.828173
3.480347
0.463811
0.530660
0.470287
2.985092
-0.869410
1.032407
0.227374
1.057117
-0.374634
-1.434527
-0.073956
1.421406
1.568923
0.916839
1.686055
0.529634
1.279490
0.845800
1.115681
1.948947
1.386431
-0.381494
0.408359
0.070499
1.636157
1.943347
0.234911
-0.161254
0.563379
0.452714
-0.629513
-0.872886
0.769962
0.804211
1.549911
1.276580
-0.231161
2.602796
2.718015
2.945073
1.128281
1.931850
1.920097
-0.832648
-0.233921
1.646875
0.595516
1.412456
0.783687
1.117837
0.811129
1.501686
0.068716
0.132847
-0.059205
1.885762
0.011982
1.882982
0.464557
-0.160422
2.571259
2.531042
0.633777
-0.116570
1.113955
0.865235
0.633899
2.737971
0.613234
1.080877
2.197371
-0.557290
0.441960
1.027161
1.114600
0.487931
0.636244
1.016340
1.920277
1.026794
2.136659
1.389034
2.632969
1.089717
1.372639
1.478462
0.110756
