1000
1.834384
0.335409
0.579976
-0.458035
-0.011741
-0.160555
-0.204050
1.924796
0.376862
1.421154
1.447487
2.840434
2.221908
2.390639
-0.007254
0.562621
1.777195
-0.199851
1.523242
2.221382
0.913000
-0.611793
1.643356
1.407211
0.162335
-0.619612
-0.191621
0.305390
1.770961
1.031493
0.254631
2.310370
-0.735325
0.450542
0.842905
-0.114294
2.215818
0.907606
1.371746
2.599119
-0.271570
0.735850
1.610663
-0.242666
1.290961
0.874948
0.347708
-0.177054
1.422203
1.151300
0.064371
2.169985
0.962079
-0.037257
1.872918
0.218888
2.559161
0.335687
1.776345
0.867592
0.288887
0.322948
-0.758828
1.044818
0.493135
0.233325
1.295320
0.847894
-0.957608
2.458310
1.296495
0.852131
0.352064
1.069043
2.120813
3.102403
1.799374
2.265726
1.335204
0.774518
0.866040
-0.251981
-1.506394
1.893240
0.556915
1.011726
0.833229
-0.242151
1.874826
0.733522
3.804489
-0.227415
-0.943898
0.603420
0.657760
2.694496
2.352499
-0.360379
1.197700
1.647181
3.052867
1.561982
-0.775586
1.160555
2.124321
1.368608
2.577098
2.271692
0.820147
0.864662
-0.703680
-0.748335
1.127144
2.277204
0.976199
0.982515
0.305056
1.811724
1.208048
2.615012
0.459608
-0.028491
-0.338303
0.676642
0.353089
1.379808
0.682110
2.151327
0.610080
0.933181
1.263581
-0.197602
0.959387
1.557803
0.899260
0.514446
0.645825
0.496208
-0.422082
0.951266
1.362923
0.993552
0.525765
1.471043
-0.376272
1.105163
0.123038
-0.036217
0.134430
1.719908
-1.509151
0.185892
2.579924
0.155840
0.476208
1.359469
-0.864849
0.455879
0.845736
0.085066
0.383848
-0.066459
2.186417
1.318112
0.734841
2.160172
0.125548
-0.489097
0.828367
-0.437734
1.573726
1.805823
-1.073011
-0.189772
2.060956
0.958157
0.421632
0.687341
1.540650
2.990416
3.569482
0.800686
1.867458
1.819640
-0.448677
1.030942
0.418632
1.636446
0.780501
0.218681
0.089868
0.534354
0.117123
-1.602312
0.932390
2.881954
0.160709
2.450094
1.120140
0.102871
2.737048
-0.114396
1.033731
-0.476151
3.049820
1.204182
0.063879
0.794329
1.876334
0.534623
-0.854836
1.148059
0.977155
0.910744
3.328621
0.873487
0.696958
1.934534
2.851297
2.694062
1.554922
1.608608
1.191382
0.969678
0.790223
0.697638
0.093389
-0.545822
0.619621
0.967297
0.209566
0.867462
0.651021
2.046319
-0.315423
0.865575
-0.856748
1.224047
1.557399
-0.237534
1.084619
0.447338
0.192427
1.832002
1.046132
0.510093
1.127546
-1.117622
-0.156708
0.320895
1.238882
0.921984
-0.039002
1.636217
1.122533
1.025314
1.125469
1.120625
1.276632
2.258393
1.195883
0.936038
0.940466
1.739218
1.675634
1.103477
-1.114487
0.906679
0.526667
2.634796
1.070736
1.223724
1.092644
2.517962
0.237410
0.835714
1.249908
-0.071681
0.618902
-0.190319
1.405247
0.936223
1.570807
1.858341
-0.092867
2.241328
0.794412
2.788506
1.020580
1.718307
1.972931
0.247778
0.479306
-0.780328
1.039062
1.320039
0.824412
-0.218007
1.199040
0.171160
1.611277
1.314692
1.414642
-0.308202
1.696132
0.288918
0.773455
2.421686
0.938126
1.316551
0.865347
1.203527
1.533749
1.579930
1.064398
0.139031
1.544747
0.209483
0.179884
-0.103547
1.266275
0.869255
-0.155907
1.382563
2.080072
0.164464
0.399848
0.037334
0.582960
1.120375
1.472911
1.414658
2.224529
2.182136
2.351389
0.212998
0.670877
0.613302
2.595889
2.343146
1.256046
-0.312126
1.533505
2.071026
1.614182
0.231640
1.953283
0.317073
0.395933
-0.734446
-0.371797
1.207538
1.686403
1.482771
2.641781
1.350388
0.489455
0.748692
1.107441
-1.278019
0.859737
0.376528
2.255144
0.096197
1.329355
1.223520
2.845151
0.025275
1.233101
0.429689
3.055922
1.258152
1.043797
0.786598
0.004505
1.800255
1.769557
0.879530
1.027670
2.377902
1.215908
0.646739
1.989555
-0.818698
0.245159
2.763325
1.155308
1.481189
1.381355
0.856305
1.746776
1.722455
-0.218410
-0.022516
1.210861
0.865877
1.091368
1.112313
0.999536
1.173379
1.392090
0.375318
1.325023
0.614811
2.786628
0.117533
0.211459
0.975153
-0.605875
3.260529
-0.110265
1.061081
0.477569
0.224943
1.680802
0.717527
0.162471
2.016815
0.280464
0.405326
0.228889
1.538069
1.061648
0.966844
1.369755
1.029042
2.492368
-0.182431
-0.131599
1.669586
2.004990
1.952991
1.633995
1.475434
-0.053747
1.126829
1.307225
1.171321
0.707289
0.309382
1.343483
0.469411
-0.363901
0.741147
0.957136
-0.009235
1.373665
0.127538
0.812005
0.489188
0.421852
-0.088514
1.801941
0.270854
0.795015
-0.662655
0.151643
0.852078
0.699312
-0.378536
0.970644
1.307676
1.901048
1.492576
1.834799
1.069025
0.652996
0.383604
1.594984
0.928778
0.795441
0.690254
1.615482
-0.128721
0.631010
2.502165
0.795017
1.333324
0.894536
1.424729
1.312779
1.257514
-0.139776
0.766297
-0.664494
0.269732
0.194441
2.079720
0.665879
0.251949
-0.133017
2.446249
0.844566
0.822283
1.749576
0.501934
2.972150
0.797326
2.492859
0.861098
-0.555164
1.470406
2.811713
0.669416
1.639002
3.880296
0.933580
1.957533
0.463039
1.052628
1.335799
0.088738
2.093806
0.063767
1.347549
1.226295
2.760474
1.686840
0.422100
1.767891
0.542184
0.333912
1.332909
1.034700
0.450887
-1.287019
1.970102
1.426646
1.135844
0.057778
2.108215
0.480395
2.421178
1.763557
1.059589
3.171503
-0.581729
1.120578
0.464885
1.152496
0.532819
0.548140
0.724754
1.536306
0.462407
1.374657
2.668184
1.553243
0.145149
1.630362
0.078004
2.099086
1.555903
-0.274949
0.993669
2.507251
1.372332
1.196745
-0.458923
1.326501
0.569360
-0.542509
-0.128826
-0.216201
0.117104
1.123952
3.880017
1.064546
1.898717
0.843005
1.666767
0.137541
0.938373
0.545050
2.328155
1.415507
0.884391
0.780486
0.869823
0.699332
4.005942
0.923519
1.780587
-0.009289
-1.000062
2.524356
1.381296
3.887379
1.598789
1.555869
1.220715
-0.220940
0.753284
1.657246
1.225236
1.216123
0.783658
1.108286
1.795245
1.340519
0.994294
0.251411
-0.173371
2.564968
0.878584
0.272061
2.459897
0.479913
1.719774
1.343277
1.097728
-0.412555
-0.524283
-0.103792
0.591725
2.279227
2.311879
0.971787
0.295068
0.906531
0.972016
1.856340
0.879121
1.443901
-0.789114
0.568718
1.979349
-0.581667
1.828544
2.494409
1.578123
0.938663
0.425091
-0.043589
2.636344
1.675530
2.110750
3.222016
1.431199
0.692627
1.864209
0.660779
0.205146
1.506334
0.023350
-0.784443
2.827386
0.439017
2.817992
1.601079
0.734969
0.052990
3.197705
2.017743
0.371305
1.489487
0.593579
-0.714289
3.009299
-0.269222
0.934799
0.463807
1.333718
1.172340
0.910406
-0.717555
0.744016
-0.157735
1.840200
1.193765
0.130725
1.375024
1.506757
2.643887
1.049231
1.734711
0.732279
-0.386772
2.863682
0.106488
-0.452108
0.801766
1.230223
0.359479
2.017033
1.065767
0.364430
1.671756
1.292733
0.766266
-0.028842
1.073400
0.237498
0.390967
1.173705
1.572192
2.745323
1.668690
1.577432
0.263658
2.220647
1.265351
1.451295
1.160378
0.199308
1.831141
-0.278740
2.026093
-0.398849
0.735881
0.389862
0.976815
0.786879
2.429380
0.383770
0.437456
1.220704
1.830202
1.380218
1.204443
1.630453
1.520271
1.738794
0.828845
0.345552
2.205935
0.553892
0.622096
1.650590
1.434679
1.546339
1.641613
1.624122
2.424027
1.506205
2.933993
0.972348
0.504928
0.973495
1.422324
-0.234866
0.362020
0.936308
1.149286
2.526857
0.574736
0.751594
-0.362959
1.643586
0.768779
1.510948
2.082849
1.609544
-0.544946
1.434050
1.397350
1.048854
-0.348468
0.920930
1.430768
2.088873
2.204290
1.333137
1.076519
0.713366
0.697050
0.775043
0.486100
1.348368
-0.123026
1.832353
0.012663
0.010248
1.432940
1.752852
0.598148
0.886851
1.478844
0.881717
-0.486430
1.033707
-0.622819
0.675682
1.640882
1.791648
0.249573
0.516512
-1.689216
1.091318
0.288276
1.566659
1.403379
2.036868
2.333423
1.162980
1.393714
0.931481
1.288295
0.737312
0.607078
-0.352425
-0.095772
1.353973
1.400944
2.163078
0.187835
1.340845
0.488508
0.753160
-0.219210
-0.224006
0.545514
-0.188427
-0.464742
2.705807
0.440544
0.398644
1.622473
0.102605
-0.170187
3.114067
1.662954
1.280768
3.053566
1.769899
0.827823
0.173948
1.914054
0.791958
1.033024
1.063035
0.523730
0.869138
0.999595
1.622410
1.493680
1.355575
-0.185508
0.365931
2.221470
2.292715
0.510623
0.438626
1.840406
1.222885
-0.372518
1.165459
1.243419
1.996471
1.088563
0.047083
3.161797
1.919022
-0.373541
0.077229
1.444154
2.290232
1.889974
0.618401
2.489266
1.626944
-0.335117
0.270482
-1.354157
3.552078
0.650806
1.116900
-0.430313
2.573941
0.451607
1.249160
3.025373
1.336278
1.707179
0.942697
0.336218
-1.232932
-0.015506
1.855574
-0.780789
1.785854
0.490915
0.497306
1.049607
1.401438
-0.480044
0.517113
2.430460
1.366727
2.637852
0.320945
0.536016
2.494924
2.430967
2.865706
0.931641
2.168991
1.511066
-0.665441
0.049806
0.962867
0.906342
1.254876
1.879765
0.721054
1.140679
1.493759
0.048939
0.646234
1.445382
0.297565
1.528030
0.433853
1.473379
1.797747
1.203695
1.192432
1.251103
1.757435
1.458134
1.928648
1.180478
-0.885942
-0.070978
0.495427
2.291918
-0.786675
1.872696
1.292127
1.853589
0.138578
1.910218
1.607616
1.421354
0.033551
1.629178
-1.563558
1.666778
0.922791
2.305251
0.514059
2.169804
-0.467462
2.035241
2.155685
1.530971
0.624292
1.625624
1.961772
0.786759
1.327809
1.817596
0.370094
1.234279
1.789414
0.931564
1.906634
1.001862
-1.617826
2.493093
2.894960
-0.122769
2.138617
0.281471
0.108614
-0.067935
-1.210040
0.800395
2.885994
0.765204
1.262974
-0.274996
1.388805
2.448225
-0.083746
0.980577
0.645122
2.125957
2.717536
0.319237
0.244334
0.845890
2.577930
-1.473523
1.646495
0.927461
0.010043
0.427120
-1.098903
0.165548
1.648575
0.687963
1.989829
0.647094
0.544219
2.133328
-0.741997
0.449306
0.289743
-0.321411
