1000
2.009371
-0.522758
1.788082
0.542553
0.923060
1.223542
0.265057
1.578836
0.690602
-0.499079
0.240715
-1.775620
0.489100
0.571702
-0.477268
0.621554
1.485826
0.757252
-0.231412
1.450080
2.873330
2.690510
3.290024
0.294907
0.365327
0.935576
0.644864
2.578113
0.412028
-0.248975
-0.026640
0.713500
-0.741055
-0.828911
0.306039
1.938388
0.452833
-0.815486
1.982982
3.358802
0.719216
2.354129
0.793605
1.573192
0.145627
2.832863
-0.514402
2.015938
0.355038
1.632574
-0.127094
0.235331
1.335142
0.618139
1.225185
1.057723
1.184484
1.356582
1.161370
-0.737806
1.301832
1.113462
0.892787
2.855131
-1.522009
2.206049
0.792186
1.031091
1.959041
-0.521033
1.101104
1.608664
0.696328
2.320045
-0.033968
3.469536
0.508960
0.740980
2.182087
0.612283
1.625210
1.249751
1.626601
0.932019
0.834865
0.470296
0.916074
-0.735864
0.509828
-0.349605
2.057411
1.999895
1.534584
0.262718
0.629667
0.025398
0.147670
0.740423
1.781472
-0.481844
2.160748
1.334686
1.783740
-1.150196
-0.458975
1.501347
-0.742871
1.189493
0.597681
0.483863
1.949773
1.790174
0.430009
0.428098
2.585190
1.550471
2.030466
1.260533
-0.054176
1.202509
0.208275
1.308873
-0.286412
2.010785
0.994411
0.266779
0.835489
1.911930
1.001842
1.744309
1.983003
0.977504
-0.904889
1.091108
2.782334
0.335654
1.349374
1.546542
1.577419
0.871390
1.613481
1.186842
-0.359622
0.097020
1.165025
1.388357
0.857367
0.910039
2.072095
0.657701
-1.247380
1.806600
0.407009
1.668381
-0.499737
0.231760
1.730101
1.097774
2.368045
0.296825
-0.360344
0.476581
-1.033149
0.491003
1.201479
0.556781
1.395307
2.853712
-0.299914
0.364443
-0.358089
0.988230
0.448739
1.429582
0.043208
-0.068703
-0.753028
2.884574
-0.741883
-0.529513
1.010457
0.210476
-0.270125
0.777513
1.022665
1.531639
0.954441
-0.518496
2.248328
2.707048
1.391941
-0.081285
0.067593
1.380840
1.478666
2.291669
1.398005
1.550406
1.105983
-0.193490
1.060178
0.812125
-1.039998
0.888944
-0.271589
1.404283
-0.010324
0.317897
0.696507
0.483074
0.480648
2.695246
-0.953573
0.261904
1.220343
4.336411
0.829611
0.993821
0.048108
0.496499
1.650673
0.887258
1.113712
1.775031
0.039225
0.881270
1.110134
1.598825
0.155433
1.429571
-0.739976
0.705144
1.579990
2.055213
1.798300
-0.387893
0.027642
0.356633
2.908658
3.093762
0.324323
1.431010
1.118182
0.243834
0.776859
1.524635
2.703931
1.875702
0.778270
0.511066
-0.324448
0.930859
1.380650
0.739125
0.483088
-0.491455
0.105533
1.733814
1.692721
0.214675
2.218594
1.640640
-0.515886
1.360189
0.517368
1.688798
0.760733
2.562490
2.872100
-0.131850
1.541664
1.210882
1.029978
1.208377
0.368763
1.664585
0.774820
1.452466
1.023413
0.811205
-0.215510
-0.202793
0.199453
0.119468
1.316423
0.514399
0.205867
2.596506
0.811914
1.952139
-1.153495
0.626552
1.649055
0.020951
0.784136
1.314823
-0.371651
1.510273
-0.383183
0.894098
1.801402
-0.775405
2.969952
1.616659
2.266654
1.586214
2.767165
0.360296
1.026097
2.281187
2.933634
1.417443
0.228224
-0.382228
1.025856
1.617429
0.630494
0.867825
-0.142968
0.096701
0.735141
1.038515
0.004710
1.627869
1.802855
-0.298607
0.930842
1.984227
0.593297
1.836818
1.325730
0.532471
-0.236059
-0.287060
0.009172
-0.571242
0.381836
1.076954
1.593412
-0.502772
1.324745
-0.163798
1.570449
0.312354
0.724798
-0.444851
1.420740
0.881683
-0.106725
2.347152
0.407790
1.334532
0.606519
1.412435
0.162272
-0.418371
1.950243
2.247124
1.450153
-0.379117
0.886887
-0.584511
1.292881
0.815673
0.979299
2.569193
0.625163
0.954494
-0.179238
2.599853
2.891880
1.777542
3.979303
0.479906
-0.708515
-0.047447
2.871765
-0.354708
0.714814
0.754043
0.517263
0.108669
0.995676
1.939821
1.561551
-0.703048
0.920292
1.100858
2.414068
-0.365464
0.771344
1.667843
0.456847
1.256056
0.088280
1.268601
1.739037
0.970265
0.028277
1.788615
-0.994866
2.914890
2.308061
1.584251
-0.647336
1.486768
1.683575
0.721331
0.753861
2.666812
1.331654
1.190828
1.408360
0.330609
2.421859
2.990722
1.882899
1.242707
-2.038035
0.753219
1.325934
0.525389
-0.909563
1.496093
1.804010
2.443832
2.047115
1.745268
3.154981
0.344579
1.486492
-0.183718
0.423905
-0.027855
1.511538
1.529629
0.788415
0.503899
0.036340
1.576731
-0.084321
2.982544
1.571287
1.519041
1.719479
-0.551233
0.259666
2.391980
0.230456
1.070515
2.555566
1.598940
1.598340
0.948271
2.412467
1.682630
-0.310838
0.396283
-0.636854
1.491885
0.385784
1.799953
0.943313
0.217353
1.208785
1.168971
0.894920
1.569787
0.353256
0.255806
1.832908
2.430754
1.107426
0.356699
1.207304
2.138317
2.036783
1.573770
-0.711876
0.010099
1.594606
2.449101
1.368809
1.520323
-1.044835
0.350910
1.144184
2.137534
0.867719
0.670007
1.687156
0.200358
0.392297
2.241309
1.494674
1.449114
0.149869
0.282735
0.660084
2.657845
1.064793
0.058621
1.718658
1.802017
1.790515
2.193634
-0.588626
1.405755
0.969358
1.760465
0.108631
1.460944
1.050531
0.851088
1.039174
1.441575
1.691782
0.655007
3.106154
0.618705
1.544953
1.564106
0.498783
-0.782806
-0.532936
0.139483
0.465017
1.528753
1.950144
2.215682
-0.748495
1.043588
0.421793
1.052229
1.662553
1.765770
0.793401
0.046549
2.928234
0.409088
1.066655
-0.083305
0.911075
1.801826
0.067345
0.187301
0.071782
0.000036
2.136614
0.436394
-0.272970
1.599565
1.287065
0.434071
-0.282706
2.267920
1.946090
0.370734
1.246734
2.420363
-0.617913
0.827808
0.745702
2.739778
1.279497
0.724654
2.295468
0.470053
1.447492
1.987921
1.519820
-0.314414
0.682974
2.805249
0.153132
2.400525
-0.713510
2.401860
1.888812
2.199500
3.351203
1.924384
1.597995
-1.489323
-0.055618
1.476232
-0.470477
2.128038
0.536699
-0.389707
1.442605
0.365761
0.567668
-0.615099
0.655845
1.082878
0.981912
0.269665
1.015334
0.781600
0.727449
0.099972
0.452354
1.035877
1.443172
-0.024769
1.767300
-0.132275
2.526667
0.063915
0.427935
0.062653
0.339942
-0.735667
1.661505
0.685962
1.559561
1.668128
1.075415
2.256806
2.742251
2.192600
0.481289
-0.244324
1.037175
0.572617
1.378085
1.174057
0.665811
1.649782
2.278636
1.401922
0.632873
0.579856
1.199835
1.442651
0.944957
-0.257400
0.934765
-0.830117
1.448821
-0.251597
1.909009
2.060026
0.431409
0.301934
-1.368937
2.535017
0.955711
2.343713
1.223960
0.368762
1.673733
1.874832
1.635499
2.657015
1.827081
2.072031
-0.579828
1.133243
2.854577
1.819559
1.011956
1.259438
-1.030229
0.396489
1.895809
0.387924
-0.010469
1.024006
2.093711
1.866846
1.440934
2.770364
0.990538
2.214341
0.393006
-0.304571
1.689891
-0.158026
-1.579642
3.031950
0.435078
0.787596
1.027548
0.201804
-0.020208
-1.043322
0.286118
-0.216193
0.940865
1.011082
1.160487
0.536614
-0.589732
0.382525
1.978085
2.125698
1.284700
0.764355
1.489585
2.473908
0.560798
0.064199
3.298831
-0.165763
0.774733
0.887072
-1.121911
0.741931
1.824996
0.940737
-0.131908
1.220408
0.971401
-1.334651
1.382155
2.956687
1.090533
1.532807
0.582176
-0.566213
1.072142
1.717298
-0.587441
1.930529
0.501158
0.667225
1.969259
2.215344
1.861859
1.300993
-0.791190
0.141517
0.639869
-0.549375
-0.320607
-0.092121
0.721133
-0.781818
1.511390
1.254080
-0.077647
1.578862
1.512368
2.610390
-0.290124
2.067270
0.691058
1.270415
2.018585
0.173577
0.169136
0.516715
1.373516
3.385905
-1.484449
1.752352
0.896058
0.223182
2.032037
-0.989243
0.508644
0.955993
1.797144
1.108795
-0.184414
1.661730
1.977334
0.361245
1.110307
0.891755
0.493297
1.460107
1.037002
3.743785
0.438598
-0.150472
-1.470087
2.685372
2.456864
-0.104189
1.413607
1.493028
2.106866
3.242074
2.250358
1.037319
1.324977
0.504654
0.679303
0.611491
0.791894
1.061243
2.545472
2.661528
2.111454
0.952829
2.172005
1.008827
0.983300
0.952133
1.471840
-0.630550
1.538363
0.057296
-0.617174
1.374281
2.522571
1.417760
1.258193
1.470496
-0.749940
1.271285
0.404956
-0.483900
2.341686
0.074280
0.029636
-1.543018
2.303910
0.961179
0.384564
1.594968
1.998420
0.688366
1.488828
-0.196930
0.386518
0.773501
0.242340
0.564709
-1.719609
0.059979
0.298083
0.073397
0.235645
2.119742
-0.649216
1.311033
2.652665
1.795322
-1.023779
0.303540
-0.874176
1.969263
0.660482
2.266396
2.123249
-0.640193
-1.360768
1.626365
1.791500
0.519411
0.653068
2.091919
1.152938
2.291054
1.864580
0.751754
1.576354
1.235887
2.434089
-0.890650
1.854120
-0.138729
0.809147
-0.147398
1.914305
3.075781
-0.179240
1.196358
2.004939
2.066378
0.951608
1.687585
1.331906
-0.577447
0.211270
0.107132
0.048420
0.798764
-0.399728
0.590955
2.020514
-0.246409
0.210205
0.370301
0.971758
-0.352229
2.726997
0.951001
1.991427
2.573920
1.344767
1.893011
0.831507
0.025646
1.118496
1.725767
1.842709
1.364436
2.304881
0.226657
2.443646
1.355461
1.908192
0.206085
1.181536
0.961127
0.127308
-1.872766
0.829660
-0.010921
1.723656
1.281877
1.276674
0.205338
0.749189
0.404650
1.704713
0.523331
-0.953290
1.478109
0.922031
1.434077
0.235121
2.031786
0.862253
1.787608
1.467917
0.343598
0.811360
1.766143
0.231909
1.023962
-0.058470
0.607130
0.760462
0.308861
1.161745
-0.215449
1.003636
1.673970
0.151194
1.726909
0.117562
2.558966
0.014484
1.082616
0.697011
1.755591
0.108761
2.076138
1.885408
-0.747911
1.293252
0.176322
-0.726344
0.412236
0.111103
1.791196
1.208069
-0.381534
0.699171
1.053992
0.455681
0.542061
1.114728
2.462668
0.928942
-0.122702
1.655502
0.079939
1.370591
0.422729
0.014092
0.732076
0.537457
-0.425341
0.127561
-0.644253
0.314585
1.068342
-0.025762
-0.087164
1.793803
0.967542
0.927704
1.920785
0.424922
1.159337
1.798640
1.645894
1.818701
1.275393
-0.369878
0.344789
-0.776780
0.324905
