1000
2.339999
0.193197
1.104137
0.083560
0.348900
-0.886554
0.004038
0.908852
1.411619
1.348229
1.666364
-0.727160
2.147045
-0.079737
0.922330
1.913820
1.339518
1.002655
0.393535
1.341700
0.536682
0.153114
2.528551
-0.894417
0.050777
0.606937
0.724100
1.010269
-0.330760
0.516742
1.920717
0.378611
0.016050
1.673794
0.685224
-0.775043
1.636329
1.244704
-0.188006
-0.364177
2.045744
0.176273
-0.097288
-1.420430
1.361910
-0.063501
2.387417
-0.237835
0.666678
-0.470834
1.758481
1.588453
2.074765
0.960415
1.951479
1.087924
2.084851
0.690643
1.375910
1.459235
-0.032425
0.934169
0.815904
1.123874
-0.229623
0.426652
1.708051
0.449497
-0.098639
0.295949
0.532692
0.416943
0.626852
0.782503
1.507729
0.773663
-0.339498
1.411733
0.983144
2.069836
1.815584
0.559286
1.907513
1.849233
0.064047
2.212427
1.036281
2.819098
1.893321
1.433797
0.097785
0.282736
1.233558
-0.265653
0.455058
0.440831
1.880656
-1.048625
-0.517266
1.913834
0.695582
-1.061362
-0.173055
3.060847
0.907837
1.677645
-0.126008
1.980034
0.072704
0.385606
1.179261
1.584927
0.759695
-0.870873
0.090312
0.429627
1.762642
0.623265
2.756481
2.304753
-0.057520
1.292962
1.341268
1.807984
2.202484
1.061239
1.879850
0.418312
-0.054350
0.299823
1.272572
0.569220
1.948252
1.014016
0.568399
0.293846
1.401788
0.117207
0.931686
1.490875
0.437413
0.612424
0.799877
0.728632
0.164188
1.151409
1.070581
0.132085
0.804462
0.543941
2.363998
1.241388
0.902604
0.513009
1.168798
2.060228
2.393551
0.414556
0.817159
1.183713
1.884453
-0.046722
-0.564721
1.831621
0.053546
2.757733
1.482861
0.657631
2.001463
2.387727
-0.819520
1.985905
0.684357
0.928346
-0.127916
3.372833
1.755808
2.141384
0.620361
2.023537
0.641473
1.008682
0.641240
0.115647
2.062877
-1.374388
1.954577
2.350771
1.795899
0.346375
1.789668
1.057440
-0.499645
-0.044171
1.578374
0.159482
1.724278
-0.246445
2.531923
-0.232042
-0.076792
1.237414
0.398832
0.564177
0.845804
-0.126924
1.521142
1.389562
1.928317
-0.660012
0.712653
-1.852758
2.532291
0.494276
1.577337
0.306013
0.421754
1.443529
0.020150
0.503429
0.909966
0.644606
1.628452
0.818484
2.037113
1.046419
0.790479
-0.707037
1.198617
1.248954
2.724638
-0.246975
-0.210182
-1.976545
2.698744
2.226825
1.089368
-0.141356
1.197572
-0.448848
0.907959
-0.045615
-0.970448
0.934222
0.541903
1.157785
0.753763
-0.611033
0.779610
2.343135
0.977190
1.557858
0.039380
0.929891
-0.413160
1.521074
-0.741436
0.018694
0.575117
0.531274
1.254876
0.657262
2.345764
0.841565
1.860857
0.222698
-0.507475
0.408248
0.662051
1.387630
0.862040
-1.689386
-1.230869
2.220286
1.731070
0.558871
-0.277677
2.123597
1.761877
0.111331
3.177232
2.066534
0.271148
1.217559
1.352761
-1.215735
2.301411
-0.710214
0.679448
0.328138
-0.050032
3.817527
2.600629
0.677879
0.902666
0.917729
2.076863
2.687913
2.116137
1.372513
2.129867
1.180563
3.766610
1.325531
0.435328
1.001967
1.486738
0.109410
1.211519
-0.207534
0.284824
1.936184
2.406716
0.801987
0.394163
-0.746611
0.723448
0.974647
0.931811
-1.469326
1.120914
1.031236
2.114041
1.205673
0.555364
1.284334
-0.410515
2.305095
0.822246
1.303863
-0.390711
0.390492
1.764213
2.154247
0.639641
0.676576
2.831933
-0.135372
0.099303
1.078997
0.692757
1.686921
2.794833
2.885520
2.720679
1.437570
1.428786
1.641986
-0.867135
1.281535
0.304508
1.226036
0.441123
2.133609
0.670220
1.190906
0.326694
1.913539
1.260716
1.069394
1.065330
0.743616
1.781460
0.722102
1.506647
0.381103
0.750987
1.096186
1.750811
0.620009
0.442350
1.508869
1.846056
2.426278
-0.226557
-1.147645
1.033153
0.424472
-0.479572
0.391227
2.185177
-0.228993
0.837025
1.323670
-0.600810
1.732946
-1.657490
1.856179
0.770382
-0.873414
1.439758
2.499058
1.322707
1.519578
1.427585
0.584094
1.873060
2.489448
1.379837
1.938073
1.146981
0.580112
0.556822
1.254915
1.459217
0.304225
0.199697
1.034725
0.882102
1.307230
0.808384
0.436704
0.736087
-1.020600
0.678828
-0.531093
0.248729
1.585842
0.419005
0.236032
-0.276877
2.552013
0.921833
0.215664
-0.391866
0.654114
1.549627
-1.926871
1.556557
1.093397
1.143118
0.206635
0.943315
0.935119
2.422656
0.718262
2.214303
3.255959
1.697331
2.891563
1.787655
0.091644
1.058593
1.184161
0.755872
1.957554
-0.965955
0.992175
2.067867
2.210118
-0.073219
2.137075
2.011551
0.107692
2.273173
2.260827
1.613257
-0.013430
1.332685
-0.006309
0.203624
1.560797
1.941288
1.481521
0.721377
0.461873
-2.510980
0.082441
0.552746
1.005179
1.078752
1.450364
1.524045
0.364157
1.858299
2.154866
1.148988
1.485262
-0.338830
1.044547
0.056445
0.839582
1.564204
2.964386
-0.288860
1.088246
1.439294
0.868760
0.925355
0.490703
2.295433
0.556598
0.953641
3.323181
1.834357
2.329034
0.842009
1.187684
1.376522
0.131096
0.331445
1.182182
1.717656
1.562855
0.199338
2.507913
0.994463
1.652320
1.189807
0.344854
1.375368
0.459045
1.304339
0.741507
2.723971
2.475028
1.443910
2.673896
0.671422
0.654947
-0.770934
0.398335
0.611947
2.976444
0.021413
0.906728
1.464503
1.986300
-0.433673
-0.266982
1.246684
3.795208
2.803593
1.162420
0.937069
0.496157
0.215353
2.039122
0.850433
2.395601
0.075478
-0.300133
0.450014
0.785515
-0.391607
0.356727
1.956737
2.719374
0.330029
0.003235
0.321438
0.628106
2.025160
0.914007
-0.348897
0.911140
0.581612
0.333903
0.992358
0.971637
1.655641
0.846377
2.107510
0.993229
0.460743
-0.036355
3.174145
0.796323
0.187845
-0.348317
2.252480
-0.287178
2.367436
0.422382
1.078837
0.256806
2.357570
2.158608
2.338632
1.958359
-0.436867
0.488248
2.555243
-0.618083
1.368703
1.608362
1.180465
2.614607
0.804228
1.421139
-0.064701
0.678482
1.048138
-0.361951
2.054651
2.618743
1.100065
3.130672
1.234934
2.409895
0.825291
0.685509
1.010721
1.497427
-0.043173
-0.450959
0.789691
0.307960
0.167341
1.743772
1.269105
1.226520
1.469639
1.253710
0.684305
3.459120
1.988617
1.043904
-0.194387
0.718865
0.172660
-1.071639
0.966842
1.614960
1.719904
1.707053
2.211266
1.758917
0.358020
0.605657
-0.248558
1.117349
1.653617
1.177675
0.594957
0.516099
1.620772
1.817863
0.871150
1.331357
3.549788
1.908506
1.239899
0.034418
1.351516
-1.062141
-0.362750
-0.341960
0.287031
1.106587
0.606362
2.055838
0.353215
0.112711
-0.935198
2.629428
1.612915
-0.687702
-0.100884
1.864177
-0.302475
1.143423
1.948756
2.669028
1.268588
4.325441
2.313674
-1.725837
2.406471
2.295788
0.882547
3.444308
1.154876
0.268015
-1.110554
-0.128692
2.153360
1.042984
0.868906
2.004521
1.714789
2.440263
0.606497
0.441894
-0.645826
0.310533
-1.088436
1.888721
0.123863
0.623676
0.915638
1.573365
2.256017
1.876024
0.127143
1.966373
1.804213
1.410424
1.429868
0.009772
0.022333
1.367709
1.802800
-0.250073
0.523324
1.481718
-0.787057
2.061611
-0.104933
1.498506
1.343021
-0.689954
2.376980
0.743228
-0.536542
1.951401
0.805606
-0.040144
1.042801
0.215393
0.431736
0.613671
0.280038
0.679457
-0.008007
1.477471
0.668372
-0.489076
1.964986
1.793266
1.132096
1.827404
0.630278
2.221845
1.122708
2.131693
-0.023418
1.081521
1.353744
0.916918
0.516112
-0.074431
0.582398
3.786559
-1.766339
3.181300
1.818833
-0.607209
0.123082
0.259822
0.798766
1.337439
1.066706
2.122706
1.437054
2.658008
1.220043
1.714394
-0.099608
0.511366
0.963228
0.844928
1.242770
0.437815
1.608805
-1.671713
-0.709541
2.146349
0.702804
2.622255
-1.923665
1.229453
0.720676
-0.148694
1.092734
-0.261932
1.063138
2.671023
1.457110
0.808467
1.098970
-0.451444
3.059133
0.191108
0.612756
1.040188
-0.182963
1.157668
0.047482
1.214210
0.168316
0.666214
1.517505
1.819233
0.673800
0.663095
0.970144
0.155246
0.632937
0.707565
0.544481
0.852855
0.735305
0.987372
1.571147
1.384432
2.557381
0.159326
0.965949
0.945622
1.645731
1.634055
2.558184
1.258667
2.883083
0.937849
0.789722
0.994663
0.755662
0.251723
1.315761
0.027940
0.586302
-1.434654
-1.293470
1.686492
1.729585
2.413340
-0.755290
1.462934
2.144868
1.525541
0.750778
1.210093
0.200538
1.677343
-0.290939
1.761709
0.533303
1.628932
2.025997
0.046637
-0.728374
0.807608
1.971039
0.743818
0.894652
1.794559
2.296210
0.834333
-2.149889
1.044488
1.013081
2.090291
-0.419742
-0.326644
0.724127
1.225776
-0.142977
0.408934
1.730243
0.133360
1.508811
0.733929
0.963308
1.959695
0.908268
0.914447
-0.864881
0.881882
0.860307
1.704486
0.056527
0.231041
1.392624
0.363003
0.754956
2.490564
0.801762
2.039081
2.707547
0.623044
3.375876
0.901536
3.046537
2.661440
1.496026
1.101638
-0.364823
-0.252352
3.541809
2.100155
0.916566
0.783578
0.732930
1.968100
0.571814
1.119869
1.910408
1.350332
1.351642
1.603579
0.066241
1.446848
2.054646
1.896886
0.742701
1.382080
-0.981438
2.117055
0.636686
1.008341
2.775741
1.799549
1.815736
1.326504
1.368527
0.511439
0.480896
1.421196
1.174836
1.070123
2.249289
1.695410
1.314946
1.383144
2.427540
0.126952
1.217556
0.415766
-0.333862
2.435781
1.082120
-0.329133
0.505402
3.328788
0.990738
-0.252303
1.172588
0.446147
0.109940
-0.286090
1.151524
1.485584
3.339562
1.154047
0.024089
0.268499
2.528250
-0.258290
0.982566
0.110005
3.461883
2.824174
2.573394
-0.354391
1.251327
0.794728
1.645694
1.568568
-0.311970
1.674489
1.182793
1.616925
1.763212
-0.608689
1.240716
-0.254852
-0.288061
1.633264
0.779992
1.232781
-1.346987
2.689553
-0.229229
1.397347
0.872689
1.249701
2.762704
1.266440
2.269507
0.141533
0.537069
2.121255
1.747814
-0.827968
-1.161703
0.986056
0.114860
-1.008258
1.473185
0.685475
3.108735
1.435591
0.268410
1.603507
0.162635
1.897239
-0.471405
-0.285795
