1000
2.333312
1.175333
1.230504
-0.107882
2.404750
2.141379
-0.612305
-1.041577
0.915404
-0.706728
2.892769
0.324977
2.922704
3.260818
2.331991
0.088698
2.303989
0.836923
-1.908529
0.094056
1.271804
1.950134
2.170482
1.807024
0.773574
1.277403
0.439071
0.448008
0.681662
0.245565
-0.996301
0.558502
-0.785507
1.924812
0.768933
2.101933
1.239282
0.739820
-0.775774
1.175313
1.917434
-0.413575
0.538254
0.625516
1.617322
-0.108429
1.176380
2.000083
-0.539172
-0.424405
-0.031337
1.439717
-0.321317
-0.769349
1.277698
2.508708
-1.489555
-0.486741
1.569957
1.727416
0.551147
2.148338
0.892085
0.669949
0.528204
-1.423559
2.060634
1.567202
1.107743
1.715861
0.814502
0.625680
0.196033
-0.356480
0.123953
2.118688
1.999752
0.805053
0.889492
0.531919
2.666018
-0.170216
1.833063
-0.025203
1.851578
0.504580
0.480643
0.232490
1.818306
0.574084
1.945389
0.582145
2.181996
-0.605176
0.376767
0.787062
0.099614
2.944592
2.574788
1.175229
-0.344653
1.133899
1.337964
0.901506
-0.584714
1.055134
1.550022
1.293980
0.225331
1.199115
0.508708
0.386250
1.653411
1.565961
2.508690
-0.514837
0.232066
-0.592175
-0.570615
-0.220187
-0.007270
0.497873
3.389309
-1.627267
3.303964
0.614877
-0.960030
0.660795
0.445229
2.112789
0.010224
2.461197
0.378212
0.856929
-0.164679
3.735793
2.288817
2.457033
0.733789
0.909059
1.393885
1.273699
0.502081
2.975408
1.354661
2.190293
2.248785
0.569244
1.474460
1.823394
1.903606
1.171157
0.567927
0.479178
2.743925
2.439284
0.506878
1.890962
0.902310
0.644044
0.112255
1.293395
1.188066
1.352079
1.008375
0.645758
1.286516
0.077078
0.681702
1.467512
-0.020005
1.524358
0.953011
0.049970
1.449316
1.398926
2.325335
2.141011
-1.219139
0.138693
2.321067
2.974394
1.526963
1.857045
0.993031
2.778862
2.780345
0.308877
1.487120
2.071467
0.769171
1.938522
1.929427
2.235545
2.326761
0.767277
0.663943
1.670789
-0.289526
-0.445679
0.095114
-0.452924
-0.090460
-0.328112
0.328876
0.966523
0.101487
0.856625
2.592619
1.240389
2.446395
0.542606
0.739153
0.853726
1.361778
1.029067
0.177476
0.289672
1.114754
-0.340914
0.509086
0.648272
1.738771
1.637324
0.217121
0.309793
0.220865
1.148448
1.285263
2.033105
0.932597
0.727628
1.642277
0.370478
2.270011
0.833817
-0.372577
1.391659
2.249227
0.488479
0.097771
1.271068
0.727491
0.853644
2.265068
2.215340
-0.550802
1.285227
2.462385
1.538971
-1.152911
1.718338
1.455653
1.170368
2.017735
1.394992
2.182413
-1.192998
-0.574984
0.516019
0.609997
1.070827
1.188210
1.363101
1.805075
1.774213
0.445904
1.689819
3.054902
1.273071
0.949254
0.564852
-0.353772
0.162283
-0.086150
0.757056
1.169761
1.296396
-0.442880
0.557374
0.714471
-0.120510
1.230611
1.007385
1.324285
1.894861
3.143064
2.218795
0.448863
0.680176
-0.333615
1.911161
0.984103
0.824744
1.530146
0.082772
2.932603
0.490549
0.177389
2.303743
-0.447159
0.461059
1.531962
0.736996
0.841319
2.190677
1.076661
0.588841
0.931403
0.016386
-1.436376
-0.230944
1.015351
-0.167687
0.491825
1.682473
0.918785
1.248077
1.723383
0.491648
-0.485391
0.831251
0.350201
-0.070302
-0.054863
-0.935061
1.545564
2.286313
-0.620236
0.484343
0.960962
0.976040
0.781002
0.991265
1.800893
0.832600
2.003916
-0.067746
-0.302482
0.226316
2.079685
2.460772
1.844396
1.249300
-1.361140
1.551855
0.510882
2.041007
1.629795
2.476912
-0.099728
0.681331
1.238198
0.796887
2.229829
1.282742
1.638137
1.710958
2.126266
-0.572363
0.064589
0.341417
0.486221
3.079267
1.410061
2.967592
0.639511
0.336821
1.588573
1.203141
1.716013
-0.670425
0.221812
1.016246
1.567730
-0.101996
4.367496
1.834094
1.452682
-0.211657
-1.471705
0.306694
0.696114
1.213640
0.909833
-0.518528
-1.009557
2.466663
1.117799
1.061618
1.844102
-0.220095
2.119566
2.230302
-0.854587
1.804032
0.431707
2.884256
2.020781
2.168457
1.670313
2.151578
1.449690
1.672360
1.148231
0.985904
2.285455
0.868191
1.667219
1.598224
2.038984
1.176737
2.085346
1.297252
0.084121
-0.077673
0.772038
-0.288699
-0.649158
1.479802
0.773511
1.215319
1.657853
1.540396
-0.622266
0.953495
-0.829373
2.370590
-0.705943
1.357008
0.171630
1.230662
0.961339
1.239588
1.508707
2.230947
0.809556
1.269021
-1.009870
0.864803
-0.099297
1.414887
0.777585
1.253209
1.188461
-0.151004
0.669477
2.453163
-0.134097
2.014027
-1.815242
2.514485
2.640839
1.490338
0.402059
2.247320
0.387772
-0.836754
0.742717
0.557364
1.701850
0.751598
-0.121275
0.985666
-0.337877
1.436274
-0.489946
0.602638
-0.142230
1.507310
-0.266453
-0.413821
0.433048
-1.208630
0.602679
1.230567
0.117660
-0.278612
0.107889
1.797213
1.249534
0.720884
1.438760
1.494405
-1.000186
0.166472
-0.973915
2.567252
-0.166108
0.976526
0.685459
1.366874
-0.761914
2.379068
0.544405
1.031642
0.100242
0.929888
-0.787003
0.474131
2.202389
0.198655
0.296616
1.957369
1.990688
0.221814
0.716791
0.497908
1.250154
0.400180
1.681282
0.851899
0.887006
-1.601839
1.976177
0.434987
0.947026
0.295180
0.311925
-1.249420
2.551993
1.172054
1.921299
1.386965
0.252510
1.561201
0.835253
-0.137589
0.741485
0.695085
2.039144
-0.187201
0.352848
2.063086
-0.364879
0.493606
0.069331
1.702150
0.399510
-0.391276
0.841771
1.957325
1.414997
1.229682
-0.244148
1.468281
1.056200
1.358730
0.511672
-0.290478
0.094400
0.369497
1.075958
-1.173321
-0.757654
0.444134
1.248937
0.570319
-0.368005
1.810245
0.508969
2.324348
1.198620
3.631139
-0.176104
2.553773
2.383769
0.744091
0.215799
1.282621
0.254685
1.559776
2.198471
0.695119
0.781576
-0.299630
2.282481
0.736632
0.552616
0.707544
0.955890
0.929679
2.004654
-0.663988
0.428219
-0.958349
1.099014
1.111594
1.408909
1.306854
0.866517
-0.200455
1.573796
0.659065
0.276713
1.313625
2.823653
1.645905
0.794110
1.480584
-2.001473
2.432165
1.790668
1.836647
2.779031
1.660814
2.787319
-0.101825
1.002876
0.544976
0.947320
1.652802
1.699440
-0.080275
2.760628
0.608474
1.275439
0.964355
0.017246
1.247754
1.599042
-0.525910
1.113540
0.993669
-0.127727
0.068405
0.344441
2.030063
0.212982
0.965504
0.988158
-0.371614
2.140608
2.277191
0.578962
0.867306
1.459122
2.356370
2.001681
1.912009
1.075329
0.489234
0.674897
1.355737
0.690108
1.256418
1.909401
1.267838
3.753288
2.129981
2.256551
2.151481
-0.842510
0.159333
-0.214521
0.561522
1.283469
-0.357408
0.392083
-0.364852
-0.182842
1.336298
2.336990
1.200896
0.521448
1.472894
0.938648
0.489574
0.530919
-0.187954
1.308349
0.755155
2.011282
1.163255
1.659665
3.209631
0.331897
0.308268
1.861138
0.982370
1.953865
1.373635
0.468851
0.786613
0.434587
-0.299505
1.656804
0.858269
2.211100
-0.617550
1.650098
1.271720
1.426060
1.694611
0.608669
0.551465
0.970137
0.949806
1.337917
2.241231
1.508757
2.271861
-1.636553
1.606693
2.316794
0.103855
2.010728
1.088968
0.834964
-0.040886
2.352786
2.048191
2.600452
1.401072
2.702766
-0.354599
-0.043625
1.028924
1.871927
0.148285
0.013768
0.695132
0.234755
0.817780
1.655317
-1.357073
1.096810
-1.223999
1.251098
-0.351427
1.024479
1.407418
1.160534
1.491482
2.474733
1.264587
2.707249
0.168444
1.626897
2.017470
1.561722
-0.081848
1.273121
0.731477
1.712786
-0.101881
1.604787
2.468309
1.173209
0.273223
0.720384
1.877973
-0.627673
1.259691
0.010553
0.865923
1.917336
1.542307
2.903230
0.155128
0.748255
0.628073
-0.116618
0.183766
-0.706656
1.196115
0.622567
1.263700
0.385542
1.147368
0.710966
0.918357
0.150286
0.500263
1.666401
1.646828
-0.019459
0.942714
1.105417
0.699551
0.181008
0.119708
0.780771
2.195961
1.442646
0.340817
1.014634
0.698918
1.805394
-0.052895
0.671411
1.314508
2.012242
-0.083625
3.253097
1.574738
0.352870
2.145499
0.025581
1.071258
2.558516
2.614552
-0.486127
2.774899
1.412002
1.750348
-0.018244
1.280539
1.734369
0.279809
-0.005057
0.865123
0.763104
0.983846
1.298909
-0.000440
1.369596
1.277086
2.431452
1.196550
2.146906
-0.645023
1.305092
2.932695
0.574136
0.518723
0.751298
-0.591637
-0.701965
-0.392450
-0.861116
-0.762388
2.023617
1.328095
0.672757
1.204967
1.883569
2.101071
1.204929
1.598376
1.157868
0.628634
-0.411379
-0.808969
2.175063
1.449566
2.125704
0.340311
0.100626
1.255743
-0.049540
0.552982
1.319222
0.271800
2.535259
1.126823
2.253015
0.353691
1.078543
0.058447
0.576204
0.716730
0.420222
0.532086
1.574986
2.106896
0.657549
0.847737
-0.534042
-0.096573
0.041220
2.941723
0.299749
0.614439
-1.330590
1.371886
1.800683
0.739951
-0.642091
1.388209
-1.188907
-0.289319
0.888801
1.681814
0.480710
-0.284659
2.184031
0.305823
-0.506048
1.200496
1.522731
-0.247730
-0.404112
0.875224
0.692058
1.761785
2.360774
1.102101
-1.192383
1.901820
1.143731
2.377774
1.454272
4.475245
0.606821
2.499397
0.410304
0.671247
1.883318
-0.026178
-0.710265
0.303289
1.957658
1.538336
1.146694
1.888577
1.624953
1.556579
1.353072
0.209769
3.065482
1.713851
0.399065
0.871751
1.334378
0.939184
1.094347
0.336798
3.330307
2.226153
0.627241
0.712998
1.018662
1.739023
-0.458410
-0.196964
1.596720
1.225320
-0.514252
0.464070
1.461876
-0.587718
1.685752
1.260236
0.394268
2.955874
-0.084339
1.026790
1.096785
-0.280314
0.980773
1.762482
0.356905
0.515417
1.620086
1.507026
1.782622
0.676258
-1.003046
0.494403
1.091849
1.337234
-1.379543
0.527225
1.322632
0.900131
0.628778
0.186918
-1.438329
-0.601454
1.604264
0.888009
0.181301
-0.051984
1.229951
4.125561
1.544401
2.340855
1.622348
-0.044451
2.540268
1.597625
0.848647
2.525551
0.875025
0.640622
0.912112
0.338091
0.780187
1.885507
0.989097
1.590082
-0.223663
0.820468
1.832333
0.094620
0.714908
2.883458
1.408252
1.173808
