1000
1.062369
0.318295
0.182715
2.061332
0.813959
1.071496
0.738869
2.521713
0.773836
1.194958
1.610646
1.018052
1.619304
0.617307
0.321935
0.672833
1.973030
1.054847
1.594123
-0.328084
2.066689
0.559454
1.906148
0.964174
-0.354974
1.475742
1.020582
-0.518977
0.773830
0.737398
0.410083
-0.364614
0.005012
2.293144
1.483616
-1.403423
0.112233
0.704435
1.235867
-0.288240
1.695418
-0.072241
0.167209
1.396665
1.197659
-1.277593
1.583053
1.829092
0.441015
0.929353
0.128524
1.553463
4.409252
1.256185
1.220654
0.226605
0.255632
-0.234316
-0.095052
1.032982
1.580927
1.426168
0.455843
3.267109
2.011761
1.296334
-0.266124
1.830541
-0.091062
1.231030
2.014719
-0.424452
1.052395
2.887913
1.329025
-0.470718
-0.348108
-1.407736
0.711830
0.137224
1.669256
1.883145
0.788322
1.893904
0.993270
0.585920
0.471914
-0.201656
-0.071516
1.797564
1.977977
1.145838
0.370528
0.947152
1.249007
3.044936
2.061986
1.085856
0.168093
0.945622
1.151353
0.927649
0.698883
2.475772
2.407429
0.940022
0.810635
-0.062612
-0.307464
-0.259575
-0.407873
-0.073589
0.199276
-0.136370
0.468609
0.625003
-0.409276
0.008597
1.008398
0.909692
-0.131197
0.559353
2.133662
0.555307
-1.398813
0.500978
0.111388
1.066776
2.372512
0.451946
2.107638
1.041466
3.389719
0.613986
1.306761
2.119610
-0.498460
3.043265
1.200520
2.309838
1.849375
0.686332
0.172096
3.611741
1.618373
0.030632
-0.361341
-0.005482
0.735131
0.379670
0.104690
-0.412022
2.316103
4.042545
2.171960
-0.304036
0.276751
0.749865
1.129806
0.739436
0.398369
1.477693
2.149797
0.009681
1.331937
0.540728
3.084441
1.184333
-0.843387
1.644683
1.933566
-0.128079
2.054951
-0.030412
-1.087411
2.217321
1.184751
1.234400
1.985375
2.655820
0.169018
1.489304
1.909952
0.690224
0.133157
1.451702
0.313108
-0.162509
2.998133
0.594809
1.357329
1.730623
1.766432
2.735079
1.563772
1.085381
1.822175
1.825475
1.782849
-0.298001
1.670110
2.462339
1.912569
1.924854
0.748395
1.529675
0.957547
0.940327
1.133492
0.284349
0.700036
1.846287
-0.208051
0.556708
0.736850
0.146870
-0.044174
-0.052027
0.638515
-0.352178
1.007327
0.406228
-0.172402
1.326518
2.240622
-0.687492
1.523678
1.294823
0.633190
0.082051
-0.275258
3.198314
-1.121658
2.068597
1.310496
-1.481013
1.042425
1.582259
1.101498
2.597622
-0.016407
1.635317
-0.065596
0.655149
0.310570
0.454904
1.696269
0.680241
0.833872
-0.372184
1.628557
1.123486
1.932516
2.516717
0.816694
0.686085
-0.331602
0.990469
2.178063
1.867136
1.919744
0.802175
-0.038572
1.382749
0.345163
2.372582
0.765637
1.400541
0.355414
0.460928
2.911109
0.411775
-0.526469
-0.190357
1.335077
3.109322
0.857420
0.815767
1.591165
2.539399
0.393108
0.667037
1.289349
0.019148
1.074859
-0.093774
1.380992
-0.211301
1.301927
2.066032
-0.679070
-1.871555
2.329041
0.127306
3.579277
0.609005
2.247560
1.142892
-0.063012
1.377296
-0.931528
-1.351024
0.618950
-0.374287
0.357385
1.895232
0.897271
0.721823
1.705689
2.072115
-0.654153
-0.415165
1.799788
1.844628
1.455686
1.489370
0.552724
1.850508
-0.299235
1.074038
0.759666
0.388758
1.796732
0.581410
2.750377
0.319412
1.310128
0.293807
2.548182
0.622816
2.726107
2.232937
1.114123
1.202324
-0.656001
0.470235
1.248431
1.084794
-1.069162
0.609874
1.280997
-0.176647
1.184289
0.502112
1.692499
0.245767
1.808738
0.784153
2.323694
0.637707
3.629780
1.091408
0.659424
2.674969
1.183057
1.514136
0.643220
-0.969424
0.273500
2.277709
2.039143
0.020574
-0.898429
1.573009
0.029140
2.823329
1.358872
-0.052989
0.615364
-1.250594
-0.051275
0.519737
1.116801
0.353040
2.392951
2.256127
2.036830
0.411912
0.887294
1.682832
-0.003227
0.411780
3.248551
0.730899
0.729579
1.094555
0.974364
1.149765
0.448841
0.636511
0.629470
-0.714301
-0.298046
1.571372
0.277080
2.527299
0.912590
0.628290
-0.802055
2.380965
0.168649
1.942672
-0.420160
-0.064024
0.421787
1.944418
2.553404
0.441523
2.121332
0.881580
1.086841
1.103567
1.499167
1.202542
1.542974
0.326322
0.331008
0.763830
0.752767
0.147510
0.467592
-0.948244
0.850333
-0.059037
-0.349212
1.982483
-0.767742
0.407269
1.074107
1.921650
0.601080
1.951047
1.709967
2.290724
0.403301
0.092209
1.756130
0.527147
0.890185
0.600640
0.198599
0.922833
1.642172
0.661770
1.287252
0.373759
1.736818
0.885587
1.666359
0.509539
1.821845
-0.875199
2.310261
0.896430
1.234183
1.240136
0.455152
2.096919
0.496941
1.504807
0.708998
0.699546
2.997888
1.278339
0.695647
1.652062
-1.702346
0.565431
0.222208
0.826140
1.592479
1.851051
1.609370
0.624834
2.001341
2.144095
1.698372
2.100493
2.071950
0.556462
1.697810
2.340688
1.588141
2.153837
1.314261
2.689997
0.377937
0.763807
1.363085
1.854592
-0.430593
1.652042
1.016745
3.335519
2.877607
1.659630
1.697995
-0.243247
0.743170
-0.602917
0.678459
1.405670
1.468861
0.821720
1.312457
-0.289061
1.073202
0.887666
1.740210
1.204820
1.010650
2.406549
2.017046
1.490792
2.051049
1.595247
1.425148
-0.580763
0.713406
0.381707
-0.514863
0.523952
2.229915
0.827758
0.647578
1.070163
0.717783
-0.050092
1.600520
-0.053480
3.449565
1.778365
0.558349
1.761662
-0.564132
0.203984
2.283160
2.778529
2.276126
-0.030325
2.591697
3.678451
1.999070
0.148178
1.190366
-0.602965
1.139707
2.898847
1.672120
1.193182
1.008076
1.302220
2.005315
1.192601
0.210850
1.387265
1.408789
1.472561
-0.537599
-0.059775
1.490852
3.142585
3.160594
0.875454
-0.384401
0.376339
1.671418
1.239942
0.811358
0.222214
1.216702
1.210908
0.263705
1.819573
2.057867
0.791824
-0.637321
0.624155
1.548313
0.900484
-0.262717
-0.963783
1.172873
2.080881
0.988872
0.569037
-0.642935
0.355091
-0.398193
-0.113133
0.749237
0.587672
0.849577
1.948500
1.740432
1.785687
0.389070
1.344102
0.129922
-0.411692
2.147723
1.333810
-0.044195
-0.220266
1.519187
0.996995
2.377252
1.664730
3.546961
0.739360
-0.142299
-0.368903
1.829978
1.375990
1.637652
0.343935
1.957681
1.663911
0.303528
-1.125701
2.902971
0.675746
1.773713
-0.438241
1.959624
0.284099
-0.269324
1.047025
1.374317
-1.084749
0.694347
0.892495
2.720866
1.045189
0.359277
0.356558
0.431325
2.566763
0.905981
0.346803
1.726282
2.823874
1.412567
1.350976
1.756977
1.387015
0.974095
0.811174
1.291503
0.459074
1.979274
0.381527
0.194159
1.813941
0.002410
0.327554
1.788400
2.114091
-0.065805
1.890814
1.025190
1.350555
2.551254
1.268891
0.743412
0.434748
2.360796
1.730879
0.929226
0.200557
1.746091
2.603376
0.274256
1.039597
1.110421
1.943318
0.108740
2.016529
0.905591
1.901164
2.128106
-0.463571
0.464907
1.719629
1.968851
0.673158
2.313780
2.708049
0.051827
2.062528
0.720156
0.127259
1.244943
1.630038
1.335085
0.231249
2.076567
0.996800
0.616341
1.497387
-0.148312
2.555599
1.719476
0.175783
2.252732
0.238827
0.497473
-1.017341
1.799348
0.760527
0.190638
1.817328
1.826215
3.212303
1.212270
1.023336
2.804085
0.395931
0.875143
0.032523
2.308765
0.796736
0.825276
1.277362
-0.012706
1.739070
2.860289
1.425536
2.447402
1.034125
2.104213
-0.639830
0.778487
2.595378
-0.977096
1.710578
1.825687
3.564378
-0.717732
-0.235538
0.514620
2.843333
1.046313
0.771612
0.070578
2.394820
0.785508
0.990418
2.325043
1.379095
1.240956
1.460680
1.716374
2.126557
2.458928
0.406332
0.458168
0.978747
0.909812
0.027157
1.220927
1.928080
-1.396427
1.204161
0.656062
2.085738
0.636316
1.899516
0.358395
0.848600
0.337453
2.488973
1.734028
1.604005
0.861463
1.258374
0.808150
2.430952
2.496588
-0.828557
2.901206
-0.748333
2.603268
1.327371
2.941185
1.390896
2.004347
0.878010
2.491184
0.680702
0.443269
0.566450
-0.460814
3.105469
-0.369915
1.083005
1.115449
0.237206
1.768944
-0.409301
0.905183
1.168151
1.573064
0.064097
0.212966
-0.255749
1.757072
1.277422
-1.084500
1.517949
0.153148
0.781623
1.154656
0.785865
1.554421
0.217171
1.275339
1.401788
0.680918
0.813559
2.340556
1.083454
-1.441992
0.405252
0.582260
3.081295
-1.218467
0.642323
0.265088
1.119374
0.947065
-0.360048
1.587725
0.940644
2.396410
1.419751
2.184058
1.639122
2.419617
-0.017343
0.399338
1.415832
0.943535
0.914121
0.991403
1.120844
2.095402
1.375088
0.269033
-0.071061
0.645622
1.413284
-0.358995
1.385323
0.414658
0.568146
0.781448
0.107463
0.039119
0.478355
0.844754
3.971256
0.771820
1.795867
1.049153
0.160807
0.453687
1.945973
0.831110
-0.200046
-0.111479
1.398193
0.428046
0.714852
0.739164
2.007720
-0.938681
1.329950
0.834327
0.826712
0.852971
0.834697
1.338229
2.964358
1.294862
1.316534
1.477770
-0.762191
1.913728
1.503621
1.540593
1.760998
1.315382
1.015483
0.394143
1.522088
0.417893
1.208728
1.673168
1.226873
1.229742
0.119537
2.619092
1.516115
1.424297
-0.190622
1.758372
2.726056
1.642772
0.031868
0.735734
0.329030
1.665169
-0.093667
0.197737
1.732981
0.006662
0.737395
1.184147
2.611736
1.024115
1.620238
-0.900467
2.355804
-0.892188
-0.118594
2.763233
2.041067
2.593708
2.744372
2.649247
0.825440
-0.091453
3.129626
1.697519
1.286105
2.139665
1.317962
0.179825
2.005563
2.476274
0.399151
2.128074
2.119204
-0.056068
1.702598
1.711151
0.379838
2.379839
-0.038513
1.256367
1.903642
0.843266
0.702895
0.363681
1.541163
1.930085
1.805171
-0.235180
0.471870
-0.111960
1.801877
0.151735
0.193366
-0.655329
-0.062033
0.005952
-0.648666
0.046197
-0.589407
0.651177
0.675806
0.945480
1.176421
0.148549
-0.124120
0.278899
0.122471
-0.668098
1.459052
3.425601
1.514172
1.909698
0.682674
-0.222901
1.068621
0.622164
0.647384
0.667761
1.048663
0.675645
1.364670
0.702051
2.841397
-0.954427
0.472422
0.491260
0.569722
2.259820
1.196991
