1000
2.594587
1.618235
1.362633
0.847385
1.397480
1.020077
0.387407
0.608486
1.787836
1.133023
3.454766
2.607148
1.177799
0.725412
-1.061351
2.934645
0.862724
1.047928
2.264618
0.866974
-0.447989
1.753146
-0.565435
1.907424
1.313998
0.324897
0.395972
1.459265
0.482879
1.484960
0.495710
-0.132971
1.040177
2.714251
0.825367
1.494651
1.784781
1.328370
0.863949
-0.252957
-0.338159
2.056540
-0.483972
-1.126340
2.527243
2.058008
2.213262
0.317934
2.415651
2.235640
-0.063476
0.580523
1.488028
-1.198901
0.806351
1.054364
0.568823
0.569466
2.816006
1.720075
-0.721987
0.123059
1.288531
0.051756
2.096787
0.472944
0.495221
0.347873
1.402507
2.840316
0.241381
1.051876
0.168732
3.157067
-0.239345
0.940348
0.216293
3.675237
1.866762
0.560297
0.690796
2.786049
-0.718832
-0.594384
0.261847
1.379555
1.656593
1.897635
1.857422
2.122023
1.223189
2.388942
0.077276
-1.087667
-0.980941
-1.212296
-0.535928
0.493704
0.583256
-0.336126
3.079084
0.910784
-0.291071
1.154442
2.115380
1.584762
1.193939
-0.754222
1.004098
1.058860
1.330042
1.833543
1.703353
-0.035606
0.818431
1.673091
0.661945
0.862439
2.590383
0.529251
2.961555
2.637051
1.223838
1.890244
0.207673
-0.317774
2.962392
1.187315
0.730371
0.881867
2.182310
1.312661
1.158747
1.254241
-0.341746
1.637841
0.319240
2.049504
3.313531
1.115060
1.392487
-0.140679
0.655936
1.971669
2.952918
1.439814
0.264360
3.055797
1.191843
1.513331
-0.491035
0.376683
-0.070368
0.306426
1.129447
0.356237
0.383218
2.397777
1.875776
1.632787
2.286579
0.971617
-0.156462
0.508622
-0.089215
0.663752
0.762797
2.367398
-0.243575
0.672991
0.427415
1.901159
2.442008
0.611243
1.464297
0.378991
2.979693
0.374620
1.725512
1.671614
0.966574
0.516710
0.196335
0.801246
2.026657
-0.774226
1.997805
-0.019730
1.231543
0.375644
0.089032
0.456269
0.874527
1.951153
2.610465
-0.011745
-0.221853
2.035406
1.099663
1.684305
2.246695
1.424922
0.758308
2.877616
2.524388
1.562189
0.244779
1.419885
1.160476
1.610839
1.366613
1.858007
1.856680
0.780085
1.487027
0.740158
0.329652
-0.808049
0.691070
2.889419
1.255470
1.589779
0.269402
0.850221
1.686168
1.290081
0.910286
0.577572
0.775138
0.685364
1.949729
0.842789
0.302802
2.112275
0.397123
1.723516
0.854148
0.936817
0.845528
0.935223
-0.096415
0.736511
-0.040105
2.071227
1.645882
0.544642
1.852820
1.226054
1.464635
2.326746
0.443745
1.122286
2.273734
1.009681
0.761718
-0.270799
0.704609
0.842882
0.987508
1.001258
-0.844624
2.258827
2.125057
2.174816
1.183859
-0.728186
1.390497
0.201913
1.685590
0.448682
0.505686
1.495471
0.117052
3.280163
0.647805
-1.380647
1.610807
0.798893
-0.835135
0.888897
2.092117
1.489085
1.505655
0.256532
-0.045430
0.799059
0.484401
1.083399
1.582391
0.752775
-0.224839
-2.832746
2.480222
3.351347
0.220009
2.830047
1.124693
0.002315
0.930627
2.742826
2.833326
-0.387992
0.689154
1.296099
2.003848
0.300651
2.237432
0.156707
0.953831
-0.737296
1.223236
-0.095982
1.626777
1.253671
0.828026
-0.425188
1.423163
1.050173
2.113374
0.896751
0.021563
1.071850
1.716986
2.818132
1.175965
-0.144707
-0.968955
1.054715
2.000368
2.727501
0.381655
1.400842
1.805152
2.071741
1.095861
0.120028
1.771539
0.601753
1.465518
0.246979
0.417525
1.800188
3.094055
0.109992
0.707430
0.115387
3.069466
2.596391
0.441027
1.513294
-0.947440
2.352125
0.806813
1.647532
1.279240
0.244692
2.502589
0.169638
1.672318
2.537783
2.468034
2.027905
2.653221
1.078577
2.522109
0.865923
0.289539
-1.028484
-0.053074
1.322945
-0.762650
-0.581840
-1.694225
0.020300
0.334331
0.359448
0.262614
0.977819
-1.043363
3.189499
2.437948
1.667745
1.810182
-0.238640
0.516312
-0.704647
-0.161210
0.763729
1.842002
0.718405
-0.038554
-0.471800
1.585186
0.540886
0.307044
1.331296
2.740488
1.898214
0.386685
-0.217779
1.688034
1.722751
-0.268911
1.699024
-0.420044
0.939062
1.756298
1.194310
0.355977
-1.256462
0.521824
1.576555
0.555706
2.727900
2.019305
0.263249
1.640732
2.555262
0.974076
2.339549
-0.042227
2.006765
1.772715
0.550583
1.405164
-0.867678
1.982545
1.382639
0.707195
1.048706
0.087363
-0.383116
1.991343
1.743678
1.716404
0.244315
1.502678
1.446678
-0.048107
-0.434545
-0.770869
1.725303
1.224128
0.525217
2.689938
-0.031930
0.444801
0.306055
1.407923
1.322965
-0.026709
1.426992
0.689265
1.276738
1.804347
0.100928
-0.367972
0.545030
0.642231
0.665856
2.394839
2.357964
0.949600
0.548365
2.445727
1.251794
0.742332
1.428532
1.515366
0.671898
-0.207775
1.716122
0.738649
1.320304
0.452671
-1.041840
-0.174686
0.724351
2.384568
0.906638
1.234407
0.898908
0.308520
1.763324
-0.316124
1.273838
0.976370
0.293410
0.368411
2.212186
1.600425
3.093701
-0.280833
0.321883
0.755943
1.399525
-0.270650
0.271067
0.820854
-0.398937
1.084928
0.947325
0.031526
1.299942
0.551126
0.045763
0.765669
-0.079998
1.148874
0.821024
1.826752
0.629626
-0.082846
0.522312
1.630597
2.145716
1.528609
2.788101
1.144877
0.601767
0.724660
-0.017645
1.458082
0.436074
1.894572
0.964002
0.703875
0.429844
0.460831
0.297223
-0.334101
1.471008
0.633548
-0.507550
0.935460
0.368295
1.910518
-0.087828
1.195437
1.306545
0.826319
1.452345
0.628508
1.662925
2.444156
2.223409
-0.083704
1.585245
-0.864204
2.388724
1.492018
0.447375
0.460146
0.068913
0.035200
-0.048019
0.902116
1.052919
2.096377
-0.614928
0.530765
1.368700
0.957353
-0.094091
0.582599
0.924834
1.486547
2.396099
1.246476
0.168899
1.479687
1.199336
1.711351
0.508995
1.059624
1.448101
0.978364
-0.272328
-0.010571
1.161139
0.135291
0.981961
1.100621
1.788214
-0.380527
0.800648
1.834096
1.194609
1.185953
-2.060760
-1.097000
2.325748
-0.676233
1.623179
1.897417
-0.892500
-0.310112
1.298335
1.389673
-0.091795
1.063880
1.077797
-0.456593
1.764853
-0.071332
0.276199
-0.117346
1.483205
-0.315478
1.552618
-0.613105
0.931270
0.583338
1.815228
1.964868
2.071022
-0.007660
0.428073
2.373532
0.678597
0.921820
0.552168
2.557853
0.994856
1.103155
0.986092
0.791355
0.762259
1.567466
0.190761
0.255289
0.283791
-0.700042
0.096577
0.880535
-0.301776
2.969479
0.939941
-0.716561
0.053850
3.714587
2.146016
-0.116364
2.746996
2.400144
1.405800
1.133696
0.340758
0.024916
0.687437
1.057187
1.201742
1.630431
1.094100
1.424814
1.375092
0.815410
-0.094511
0.478146
2.009648
1.643753
1.164050
-1.622389
0.954813
1.376752
0.996253
0.759528
1.549961
2.141261
1.402857
-0.796897
-0.489626
2.852480
0.219123
1.585954
0.190209
1.665055
-1.032441
-0.892309
0.587115
0.102024
1.387219
2.357259
1.653470
1.398421
0.983065
0.772459
0.176744
0.148096
2.586732
2.292905
0.631812
-0.348591
-0.017278
2.082402
0.503312
2.526744
2.511657
2.594899
-0.753410
1.592820
0.777402
1.686525
1.041938
0.331253
1.631833
-0.824277
0.493599
2.095129
1.469502
1.453433
2.280083
1.322017
1.208498
0.581319
1.993971
0.939914
0.277569
0.578635
1.106839
-0.197506
-0.245238
0.563671
2.118147
0.215063
0.452146
0.783147
0.900247
1.108854
1.712055
0.713735
1.806453
-1.112168
0.271781
0.851464
2.233335
0.924565
1.128504
0.942682
1.343879
0.407841
-0.505966
1.414782
0.812112
1.185930
-0.319622
0.775533
1.330649
1.940073
0.846490
1.402111
2.391149
1.114962
1.597083
0.683159
1.323181
1.732656
1.917275
-0.262201
1.148937
-0.738543
0.439390
-1.160402
1.560581
1.728760
-0.214395
1.934843
0.390234
0.374444
0.136429
0.873018
2.262092
1.352039
1.277424
0.647726
1.401355
2.084345
1.998065
1.527520
0.334998
1.178147
1.355800
-1.371118
0.623642
1.429462
0.547045
0.272388
0.429511
2.029619
1.493961
0.085176
1.740874
1.808976
-0.489674
0.637200
0.601099
1.379924
1.205680
1.336412
0.350875
1.238292
1.047354
-0.152698
-0.968970
1.382567
1.293418
1.708813
0.362917
2.227693
2.039916
0.555738
0.197450
1.591082
1.743738
0.116265
2.722836
0.752416
0.789013
1.680519
0.818577
0.661936
1.171001
0.748220
1.023799
1.490151
0.873491
-0.495139
0.634917
1.683193
-0.873956
4.013465
1.272629
2.365574
0.607507
-0.974986
-1.495677
-0.798216
1.505717
-0.719460
2.409807
0.769933
0.671016
1.480353
1.616231
1.744352
1.393971
1.910331
2.211029
0.029753
0.781329
1.326553
0.610416
1.886143
2.432936
1.445735
2.097159
0.395381
2.412515
0.913477
-0.887030
1.484343
2.661171
1.936050
1.693844
2.429526
1.915389
1.080047
0.499319
1.399699
2.325732
-0.336684
2.289186
0.783724
0.248632
1.138304
-0.935014
0.706993
0.774086
0.420728
-0.844490
2.072698
1.748480
-0.553262
1.162232
2.395494
1.619694
0.348797
1.539612
0.924534
1.438291
0.755470
0.692993
0.104698
0.125238
0.007251
-0.143164
-0.424082
0.775666
0.455696
2.625758
0.157740
1.315291
1.375067
1.417356
1.533344
0.183789
2.010415
0.641426
-0.156242
0.803438
-1.106973
1.024468
-0.045928
1.120974
0.229843
-0.741223
-1.868303
0.587953
-0.552867
0.706345
1.824839
-0.215887
2.270698
0.723471
0.467598
1.341128
0.999255
-0.066888
1.006127
2.540278
0.810655
0.880327
0.886622
1.250010
0.653999
0.548506
1.542305
1.665578
0.337091
1.424321
0.000308
0.758236
1.877819
1.569448
-0.655379
-0.897786
1.855039
0.531761
-0.142919
1.149421
1.831183
0.430513
0.243867
-0.605071
1.740279
0.071270
0.590877
0.768304
1.438842
2.270351
1.519713
-0.362754
1.413387
0.485702
0.227346
0.326339
2.445089
2.627904
1.326823
0.143801
2.159902
0.975536
0.356398
0.522346
0.113684
-0.215498
1.097949
-0.217087
1.925827
2.039001
2.512268
0.416746
-0.196572
2.165608
1.801322
1.047537
-0.205522
0.595109
2.601552
1.052550
2.019130
-0.608786
1.014239
0.807207
1.722404
-0.218724
0.547556
0.037734
-0.273872
0.631215
