1000
2.009853
1.384787
0.532801
2.846046
2.437559
0.221819
-0.136637
0.012573
-0.026951
0.754076
1.125261
0.339270
0.736631
0.418454
1.680352
0.916609
-0.313300
1.754238
1.080051
0.575722
0.716119
2.730632
1.044929
-1.896031
1.626602
1.398138
1.249504
1.421105
1.323042
0.052264
-0.604301
-0.707843
2.305140
2.413473
0.920117
1.439439
0.216493
3.374984
0.863270
0.400242
-0.682745
0.480072
1.626004
2.719058
0.794678
-0.581601
-0.677330
2.681536
2.072752
0.822939
-1.326888
1.169108
1.095797
-0.489115
1.779665
1.223534
0.836107
1.065444
1.360559
2.578750
1.095621
0.890640
2.208229
1.966728
2.414641
0.941062
0.756914
2.040169
1.801255
1.451744
0.969212
1.100162
0.995747
-0.012175
2.188770
0.609814
2.317294
-0.362280
-0.797305
0.878353
0.744999
0.410893
1.205812
-1.440306
0.831518
2.230528
2.475488
0.380631
2.375130
-0.035754
-0.012092
2.115427
0.624785
1.777400
-1.193794
0.076725
-0.462216
0.861506
0.181928
3.034436
1.175747
0.453284
2.393546
1.417668
-0.086008
1.425730
1.233272
1.100682
1.357430
2.729679
1.221762
0.975129
2.145608
0.249859
1.169932
-1.160566
1.517281
0.078668
1.299319
0.944016
-0.424991
1.504512
0.033197
0.044472
1.313856
1.487511
1.171981
0.694914
-2.232638
0.746285
0.662041
-0.353764
-0.153951
1.435559
1.253216
0.575030
1.934013
2.685369
1.094479
2.051238
1.220883
1.885934
-0.937213
1.137946
0.296327
0.493953
2.537318
1.453470
2.737908
2.025086
0.407462
1.884741
1.973083
0.576774
0.125175
1.190814
0.567812
0.995845
-0.771903
0.380196
0.740072
1.903634
1.097301
1.445206
1.595594
2.398915
-0.631826
1.377443
2.009221
0.301613
1.079887
0.733244
1.204329
1.542989
0.950246
1.355966
0.640640
1.494287
0.330797
-0.221522
0.871900
1.780454
1.078220
0.565070
0.770290
0.239632
-0.959776
3.104720
0.345082
0.496635
0.712136
1.424514
0.521580
2.145377
2.289833
1.441948
0.249677
0.351687
2.422466
0.129003
2.260917
-0.563645
2.260752
1.387463
1.731293
1.574157
1.214626
0.034900
1.851966
0.304298
-0.774478
0.163744
1.044526
0.246628
0.702801
2.069203
0.709965
0.648746
0.950376
1.265810
1.722354
1.475498
1.278745
0.859394
-0.209941
0.183132
-0.421342
0.936432
1.279793
2.710719
0.038267
0.411525
0.229801
0.273567
-0.055861
1.506730
0.155945
1.631227
-0.512029
-0.536063
0.957915
0.332988
0.101104
0.437756
1.068488
1.209781
1.158120
1.284102
3.249522
-0.003374
2.779190
-1.783460
0.017715
-0.491437
2.117530
3.029040
0.727918
-1.623281
2.449196
0.716085
0.452937
-0.353393
0.670488
2.018820
-0.575372
1.188750
0.958572
0.758036
2.328518
1.396377
0.957735
2.416765
1.011726
1.060160
1.778458
1.392402
1.575712
3.316990
0.473263
1.490184
0.712297
0.658022
1.800270
0.715871
1.518014
1.129857
3.510636
-0.841753
1.090973
0.934822
0.501563
0.621480
1.810440
1.306043
1.929814
0.364505
0.270732
2.124520
1.771728
0.075089
1.212496
-0.366771
1.824882
0.046169
-0.257797
0.769405
0.682601
-0.367660
1.708182
3.417789
-0.550984
-0.020073
0.470449
1.223514
1.179988
1.961148
1.090600
1.073439
0.581761
1.745789
0.751105
1.964089
1.541723
0.373363
1.678978
-0.150781
2.216133
1.412158
0.536325
2.430070
0.530054
0.290440
-1.092365
-0.529479
0.675542
1.885007
2.453529
-0.808654
0.723731
0.329429
1.138385
1.302094
0.608404
2.594922
2.791255
2.081831
0.574149
2.220766
0.412225
2.040804
1.163518
1.390439
-0.820659
0.263914
1.134608
0.146297
1.093418
1.395483
0.388605
-0.780932
0.514765
0.969982
0.989935
1.000660
-0.448604
-0.868612
1.133112
1.072323
2.979569
-0.732567
0.569084
2.329457
2.625998
0.686800
-0.436298
0.811352
0.676909
1.062201
0.090591
0.021780
1.434656
0.023523
0.389271
0.512071
1.892109
2.649306
0.011289
1.018605
0.236986
-0.912834
1.389811
1.990763
2.622381
1.902622
1.867614
0.260268
0.477526
2.013693
2.636674
1.817146
-0.737335
1.800488
0.645854
1.254394
0.218438
3.114288
0.549671
1.828906
0.489340
2.051373
1.845872
-0.674027
0.403859
1.327652
0.763170
2.063751
1.211920
1.441976
1.381659
1.070223
1.826168
-0.730720
1.189729
1.649787
0.080423
0.154663
0.417787
3.212057
0.747464
1.906882
0.055270
1.491147
1.006756
1.334013
1.622153
2.052949
3.409397
-0.141842
1.394921
0.516152
1.024852
0.936750
0.950220
1.104653
1.004709
2.067792
2.331915
1.816053
2.520662
0.521346
0.828005
-0.680549
1.626331
0.771015
1.641975
3.411441
1.108097
1.074380
1.829171
-0.682877
-0.667892
1.026604
2.851120
2.073223
-0.527728
0.514102
-1.055866
1.425130
1.951093
1.415627
0.874135
2.178401
1.831469
0.962530
1.056772
0.964491
2.102950
0.328086
2.335576
0.489445
1.956156
0.786226
2.220020
1.169698
0.907070
-1.142336
2.058838
0.956965
0.112822
-0.402805
2.014319
1.673093
-1.409942
1.939335
0.369757
0.708545
1.797059
1.921764
2.896102
0.947745
-0.138275
2.519873
0.642678
0.967602
0.473876
1.471881
0.105369
0.440164
1.710369
1.449798
-0.067981
-0.361688
2.759747
0.898806
1.570016
0.870724
1.912521
0.843257
1.124183
2.715177
-0.915211
1.833570
0.635479
1.477986
-0.443913
2.310420
1.942282
-0.755838
-0.104335
2.224920
0.325677
1.260401
0.193714
-0.091628
1.116551
3.465903
-0.474699
-0.067897
1.485256
1.299757
0.656135
1.016442
0.616700
-0.229498
0.820303
0.480641
0.972132
0.795155
0.724267
0.371792
2.288268
0.317598
1.428540
1.065507
1.239875
2.488643
-0.178870
0.908476
2.039499
0.959307
-0.055202
0.469711
0.477639
2.235442
1.061740
-0.535832
2.185619
1.443658
3.149824
0.911892
-1.100602
0.256936
0.144453
2.003047
1.039175
1.193410
3.173563
0.842989
1.149683
0.802133
-0.309616
0.933497
-0.071134
0.578262
0.029597
-0.607488
1.076106
1.534001
-0.032009
1.504682
0.903625
0.077999
0.310413
0.612493
1.896367
1.672096
-0.133975
1.216064
1.766368
1.533921
1.141134
-0.411590
0.926981
-0.078154
1.090336
1.640608
0.965264
1.448555
3.743610
0.266440
-0.191733
3.457612
1.941353
0.484087
-0.038692
2.224398
2.469506
0.715995
0.641955
1.272686
0.413025
2.984455
1.198224
0.230685
0.332272
-0.114395
-0.057751
0.618537
1.526912
0.084962
0.813061
1.400379
1.349061
2.517676
-0.052814
0.586043
1.473534
0.874508
0.884092
0.039732
1.023805
1.098128
0.134148
0.594180
-0.905904
2.104067
0.667561
-0.647777
-0.649358
1.873391
-0.057634
1.078184
1.866496
2.167394
1.515019
0.165210
1.372144
1.936923
2.069407
1.430304
-0.160218
0.442566
0.756912
1.240417
0.383271
-0.674807
1.596901
0.710134
1.605813
-0.431677
0.794554
0.299929
0.591346
0.445923
1.483652
-0.403391
0.850842
0.923137
1.214209
1.515610
1.981486
0.277945
1.088616
1.159150
1.404339
1.111271
0.215384
0.506423
0.299844
1.601543
0.387913
0.475815
1.474612
1.414648
0.996380
-0.108954
0.910481
0.990005
0.059470
2.010895
1.338719
2.073661
0.451683
0.063558
1.766204
0.354010
1.432172
1.287363
1.474668
2.194581
0.459108
0.580184
2.178204
1.009242
-1.405623
0.511400
2.812557
-0.218971
-0.404883
2.484307
1.067969
-1.432424
1.557859
2.674295
2.202534
1.004908
1.282851
1.009262
0.240419
1.379488
2.150136
0.949054
-0.046928
0.411806
0.967603
1.651602
0.806158
0.588218
-0.292615
0.464671
-1.385191
0.780646
0.169460
-0.833691
1.738671
0.747664
-0.224705
1.466607
-0.192488
-0.247391
0.879356
1.873263
0.142295
0.480398
0.466655
1.818772
0.061226
1.599937
-0.322973
-0.763740
-1.413036
0.610745
0.140989
1.559580
2.471418
2.558564
0.388338
0.902807
2.161707
2.105626
0.287930
1.157451
2.244737
0.938770
0.809102
1.182763
1.390773
0.556101
1.191929
0.872257
1.678131
1.168219
0.740836
1.552079
-0.553335
0.881652
0.935107
0.842030
-0.617777
0.914604
2.421620
0.950547
1.823134
0.212766
1.875098
-0.922262
1.044790
1.557668
-0.195478
1.290587
0.433860
1.723104
-0.214424
2.504718
1.602324
1.649091
0.079549
0.101545
1.398555
0.266444
0.997114
0.545777
0.764300
1.103516
1.203136
1.919898
1.140303
2.402993
-0.719001
2.110393
0.382912
1.071788
1.461807
1.664523
1.858054
0.228539
1.070868
3.180987
2.503308
1.764530
1.617920
0.633627
1.186369
1.654408
0.863033
0.183909
0.680542
1.346230
3.321528
2.487718
0.102533
0.221687
0.826784
2.594449
1.122313
2.297863
1.261833
1.965228
0.723479
1.006551
1.407798
1.434774
1.951885
1.727226
1.982712
0.969361
0.978455
1.323622
0.111167
0.339204
-1.126991
-0.355692
1.129921
0.023228
0.754591
1.711216
0.988443
2.258162
2.867809
3.387898
0.640418
1.665140
0.890683
0.978124
-0.541868
2.756595
1.236073
0.796355
1.589766
0.032335
-0.405654
1.617539
1.011765
-0.632987
3.238391
-0.236224
0.179026
2.108645
1.236112
1.349011
2.500110
0.797322
2.474427
2.149230
1.506846
-0.833021
0.982108
0.131277
0.449409
2.633518
1.944270
0.489171
1.862382
1.003642
1.378376
0.150294
1.461375
3.142579
1.952118
1.330005
0.134728
1.643516
1.499986
1.339799
1.068526
1.244016
0.323386
2.256741
0.698002
0.796711
1.534150
-0.967119
1.215454
2.194864
1.611375
-0.431990
1.394337
0.442942
1.658726
-0.220216
1.044794
1.937319
2.383178
2.057353
0.906040
1.347318
0.400952
-0.866057
2.984313
1.052591
2.027830
1.031637
1.497339
0.056254
0.785957
0.341517
1.203161
1.558284
-0.508819
2.180532
1.543577
0.435448
-0.131861
0.269659
-0.212320
1.669781
0.966186
0.990383
2.176057
1.437842
0.318698
1.565160
0.453063
0.791882
-0.851474
0.705914
1.900858
-1.777806
1.674808
0.244716
0.905436
1.228769
1.179660
-0.062391
1.444859
-1.188707
0.113756
0.413129
-0.506997
-0.645817
-0.508306
1.046190
1.061437
1.593730
1.530685
1.013581
0.231141
1.098241
0.425657
1.040605
-0.700138
-0.145729
0.803366
1.805967
0.758037
1.415164
1.831850
0.328466
1.845691
1.623555
