1000
1.886338
1.431443
2.797825
2.126021
0.005142
1.322343
2.517467
2.228581
-0.353560
-0.318233
-0.348191
1.049456
2.163809
1.274736
1.449175
-1.401072
-0.816508
1.449725
1.835867
1.099521
0.706264
1.627586
1.228020
1.440018
1.718457
1.828650
1.531623
1.154915
-0.195704
0.501739
-0.467935
0.315278
-0.670563
2.093743
0.725421
1.203179
0.762943
0.994687
0.941305
1.383813
1.199860
0.631980
0.500628
1.217216
1.188050
1.030193
2.730706
0.723998
1.726249
0.595076
0.858225
0.539749
2.364218
-0.304244
3.044717
-0.761429
2.316946
0.665000
-1.658373
0.344416
-0.694826
1.083177
2.196310
1.525706
2.539597
0.655696
0.854074
0.256341
1.622945
0.839457
0.987546
2.452585
0.560825
0.987881
1.510597
0.484888
1.038635
-2.788453
1.841494
0.831596
1.224656
1.805664
1.768383
0.362650
1.144420
1.194560
0.647800
0.687253
0.756071
0.730500
0.839732
1.816021
0.479379
1.069855
-0.056894
2.198398
1.928233
0.865418
1.078887
0.959110
1.723845
1.824896
2.277559
0.355249
-0.916184
-0.411939
1.238273
0.560281
1.778250
1.545084
1.235982
1.129302
0.489106
0.338153
3.047923
2.037508
1.983848
0.765237
1.447085
1.018352
-0.406753
-0.025271
-1.677081
1.111922
3.437858
1.204681
0.884536
0.465188
-0.562858
-0.746080
1.910354
-0.141052
1.290188
1.448312
-0.739043
0.775042
1.711631
-0.132999
0.554729
-0.615413
1.427537
0.477239
1.556146
2.770367
-0.229261
-0.389071
0.592365
0.625253
2.090906
0.351417
0.765932
1.628070
1.378849
0.365174
2.627867
-0.612414
0.330002
1.923827
0.580167
3.202120
0.743314
1.276942
1.507846
1.532049
2.538696
-0.230982
2.023644
3.032463
-0.446310
-0.247239
-0.421354
0.610880
1.292311
0.589170
1.550827
1.235966
1.762284
0.248460
2.148110
2.201105
1.331119
0.825795
1.866211
2.485671
0.470306
0.771923
0.993879
1.187885
-1.876196
0.498054
-0.760855
0.782564
1.150919
1.631676
1.964335
0.200536
-1.281235
2.734734
0.796656
1.218958
3.032191
1.084197
3.193024
1.111544
1.890045
0.912020
-0.058097
-0.066992
0.527435
-0.069100
2.144131
1.271033
3.038429
1.753839
0.335998
1.164064
1.384313
1.891480
0.159748
-0.673110
1.044979
0.689672
1.077057
1.494764
0.854678
1.422404
-0.003835
3.189436
1.296576
2.738886
1.880675
0.635787
1.643433
-0.375965
3.130777
1.755182
2.165658
1.272907
3.121799
-0.151954
1.495433
4.283530
1.787280
0.547929
2.472056
0.732478
-0.117432
1.290261
1.035817
1.256632
2.083669
0.734718
1.486406
-0.944414
0.029050
3.130134
0.828777
1.705729
2.217583
1.114052
1.992468
1.922919
3.019166
0.585699
-0.101131
2.717476
1.475723
1.147173
1.530084
1.013912
1.281199
0.574079
0.364260
0.477347
-0.730040
2.466915
1.157744
2.548537
1.990119
1.340595
-0.260705
1.354716
0.157368
1.257297
0.623560
0.507364
-0.382858
-0.746267
-0.307506
1.057975
1.932100
2.151576
1.344298
1.199314
2.435394
1.140047
0.782550
0.700630
0.519879
0.811291
1.719818
-0.385614
0.895599
0.270016
2.117040
2.314870
3.258399
1.310628
1.274488
1.609878
0.047397
2.394759
1.498058
1.702896
-0.594670
0.360566
1.911407
2.140519
0.503312
0.948678
1.127112
-0.141014
2.715420
-0.174607
0.537146
0.825196
1.227830
2.123361
1.668014
-0.135994
0.595458
2.020398
-0.877748
0.788883
0.712534
1.442042
-0.699159
2.617959
1.122500
0.718671
1.253672
1.767402
0.246955
0.624104
0.168192
0.483654
1.135693
0.944390
0.495346
1.269501
0.560341
0.874699
0.673198
2.445754
0.759320
1.791404
1.415425
0.477391
2.348686
2.873120
-0.188719
2.226950
4.014697
-0.227995
2.424364
0.583138
1.927285
0.792635
-1.367078
0.663855
0.919148
3.291994
-0.184014
-0.838105
1.778497
1.821953
1.440314
1.466953
0.644686
-0.317140
2.364941
-0.518994
0.873775
-0.503092
1.651198
-0.210229
2.307506
-0.338537
2.219587
-2.273028
1.397829
0.804050
0.013622
0.575275
2.484123
2.738196
0.507892
0.763349
-0.276910
3.214236
0.235075
0.905073
1.665726
2.736576
1.402310
1.507533
-0.230587
2.233455
1.570527
0.559556
1.546364
0.819108
-0.077850
0.532065
0.701097
1.132283
1.248504
1.418321
-0.283581
1.109371
2.206473
-1.167950
0.425401
1.201084
0.005453
0.618017
0.909136
1.044439
0.322409
2.510889
0.322632
-0.789259
2.152680
0.423347
0.885026
2.046265
-0.761019
0.398028
1.773500
0.274003
0.018443
0.600921
1.454762
1.430686
0.221436
0.806499
0.560979
0.937897
1.538516
0.124699
1.577330
2.264333
-0.269509
-1.255043
-0.038953
0.293547
1.422173
1.004624
0.651846
0.875705
0.979797
1.510934
1.694181
0.833681
0.176407
0.524173
2.878883
1.225513
1.316969
2.609795
0.945825
0.362446
0.531196
-1.238114
0.766762
0.898683
1.647357
1.482557
0.677319
1.408689
1.349887
-0.346004
-1.260078
1.947757
0.316154
0.542551
0.782880
0.426020
1.451150
2.686775
-0.675250
0.556975
0.939117
-0.724851
1.331599
2.123271
1.035670
1.672872
0.210593
1.171584
0.316577
1.953361
0.909757
-0.022350
1.959011
0.186767
0.412252
0.452526
2.464130
2.068337
2.920822
3.551279
-1.372870
2.433838
3.399656
0.894854
0.316772
1.789501
0.382513
0.975003
1.755280
3.288910
-0.838228
1.090047
0.918887
0.910492
0.448158
-0.118333
1.878007
0.527598
1.755338
0.394106
0.643265
1.155939
0.957333
0.516681
-0.255240
-0.074371
-0.071118
-0.390939
1.136224
0.305237
0.236284
0.467098
0.702744
1.976216
1.209536
-0.214444
0.007922
1.101360
1.049361
3.542696
2.085788
0.724524
-0.085289
1.747622
0.221146
-0.164813
-0.248027
1.519450
2.437874
0.681829
0.217788
1.016466
-0.620781
-1.372466
-0.453520
0.581181
2.193682
0.025819
0.888257
1.531024
0.801830
1.165753
-0.015544
1.832240
1.979035
1.958110
1.579205
2.152469
0.689779
1.193072
1.201370
1.586163
2.085205
-0.062830
1.362664
1.096491
1.261976
-0.628599
-0.159636
2.150260
-0.513169
-0.139525
1.488908
1.916483
0.177614
1.577544
-0.408909
0.809455
1.433452
0.373757
2.339241
0.486675
-0.439850
1.101915
0.286241
0.723211
0.592051
1.591014
0.984909
2.435258
1.997915
1.715952
2.133418
2.633253
2.152686
0.983678
1.363493
1.337357
1.369973
-0.882254
-0.178987
1.518087
1.211594
0.110099
0.619757
0.916604
1.315989
1.386758
0.646530
2.066631
1.706961
0.585175
3.775165
-0.155012
2.148761
1.383894
0.379741
1.428179
1.924407
-1.468242
-0.150027
-0.464576
-1.498847
1.383910
2.096234
1.063256
0.450573
0.847643
0.490188
2.708421
0.138341
1.145394
1.014438
1.599629
-0.076076
-0.094148
1.025696
-0.392089
1.639283
0.708312
0.403710
1.553165
-0.577107
0.944403
2.255246
-0.484384
1.287535
1.982898
1.309795
-0.710567
1.139380
1.975233
1.591822
0.281147
1.392098
0.582070
1.051731
1.566767
-0.238813
2.323996
0.865806
1.513146
-0.295990
1.825886
0.630432
1.658463
2.031598
0.517828
2.021312
-0.106636
1.421368
1.074064
0.730997
0.589101
0.382211
2.214183
-0.073359
1.424700
0.019818
2.178791
-0.139368
2.747792
0.281642
0.627291
1.727045
2.827725
0.029709
2.205348
1.741105
1.344483
-0.379750
2.124846
1.356454
1.747697
0.344253
0.783234
-0.750350
1.508702
0.755341
0.796986
-0.329292
1.769527
2.873287
1.833416
0.243184
0.963692
0.041628
-0.257305
1.133357
0.008443
-0.827111
0.831307
-0.410726
0.232188
1.586135
1.742713
2.458952
0.411004
0.763324
0.198911
0.458922
-0.260970
2.514830
0.952153
2.476372
0.434998
-0.480093
1.678865
-0.609742
-0.918152
1.703015
0.418448
0.690673
1.277889
1.314708
0.619636
0.026734
0.569479
0.673861
0.223265
-0.108514
2.823332
3.135513
1.755684
0.515806
1.018446
1.718972
1.840829
1.567145
1.506075
-0.469597
1.919492
1.572528
1.325559
1.027412
0.468888
-1.894587
1.946733
2.000565
0.447897
0.250896
-0.317986
1.027748
0.770607
1.450769
0.033187
0.479121
1.187843
0.777784
1.856490
0.453504
0.324543
-0.034389
1.590779
1.499051
1.564238
0.566014
2.883568
2.488231
2.355683
-0.650661
0.692608
0.915024
1.619519
2.173291
2.246572
-0.375577
-0.871796
1.974739
1.553782
2.186647
-0.094465
-0.262238
0.219022
0.256625
-0.354220
-0.029804
0.604524
1.850640
0.322207
0.711515
1.005666
0.513537
0.331353
0.178220
2.714368
2.208165
1.596465
-0.066169
0.470728
2.005662
1.768936
-0.077243
0.330700
-0.196340
1.285091
1.057578
-1.140010
0.636331
1.746842
2.287143
2.659937
2.090515
0.792502
1.011199
-0.249833
0.133657
0.127406
1.765535
0.345794
0.339567
-1.318401
-0.140927
-0.542353
1.460182
0.192914
-0.231438
0.978410
1.293691
1.833924
-0.807193
2.116281
1.717383
0.029244
-0.995390
1.974151
-0.105757
-0.650997
2.211852
1.641712
0.054955
0.514006
0.840206
-0.206212
0.918212
0.449655
0.687088
1.192452
0.310620
1.124203
0.050890
-0.309807
0.923517
-0.106923
2.348541
1.779205
0.982778
0.554969
1.919866
0.402135
0.766724
2.131641
1.182807
0.170779
0.355653
2.342287
1.032287
0.179158
2.388936
1.438542
2.430419
0.816268
1.663395
0.536265
1.836209
0.682246
1.234057
1.064049
2.316225
1.456033
-0.536005
1.725859
1.833816
-1.044887
1.229897
-0.368937
1.475213
-0.190884
1.761017
1.696670
0.652077
3.514718
0.457161
-0.092201
0.070133
2.117539
1.969572
0.762990
1.569428
1.719857
0.225956
1.383967
2.380073
0.741393
0.546896
0.123830
0.750513
1.190698
2.374022
0.377985
1.658447
1.564662
0.823281
0.184281
0.585744
0.595169
1.627274
0.686818
1.578683
1.888425
2.186126
0.282648
-0.755876
1.702644
0.336728
-0.304405
1.307541
2.922430
0.335806
1.619486
1.875047
1.685070
-0.105990
2.208017
0.025232
0.684197
-0.968412
0.880935
1.886944
0.522157
-0.586291
0.382505
1.126375
0.028760
2.463063
2.241634
0.626774
0.806330
1.607145
-1.397499
-0.267234
2.498987
1.027856
3.004576
-0.695498
-0.399597
1.399045
0.547987
2.160478
1.323508
2.468338
1.230205
1.517794
0.811148
1.480595
1.081600
2.198602
1.722678
