1000
-0.196767
0.610226
0.404520
1.815301
-0.274289
1.274326
0.472717
1.506996
-0.475308
-0.347738
0.320193
-0.347881
0.056236
1.372385
3.050324
0.306601
0.140286
1.735848
1.267408
1.747563
1.135377
3.111936
0.210990
1.984107
2.188408
1.243768
1.679892
2.059119
1.400023
1.097605
-0.327613
0.849745
-0.169878
-0.472364
-0.348207
1.239716
1.501386
-0.427542
-0.279060
-0.119446
0.301140
0.028150
-0.393952
2.241508
2.052178
1.203007
1.356097
-0.230161
1.050595
-0.413435
1.023594
-0.137784
0.579282
-1.404997
1.033980
0.152185
1.472990
0.509992
0.601806
1.123021
1.726936
-0.001392
2.216917
0.717933
0.967774
2.308894
0.962450
1.124286
0.771889
1.600771
1.228943
0.500008
0.210612
-0.357156
1.221856
0.763237
-0.271557
-1.232207
0.122440
0.173346
1.319690
-0.287032
0.474536
1.657870
0.880352
-0.750302
0.955823
2.205396
0.493426
1.284557
1.382657
0.712775
0.936340
1.546514
0.602231
1.276743
0.126327
0.619263
-0.359819
2.425191
0.493106
0.344790
0.005757
0.762228
-0.033591
0.743021
0.628949
-0.706015
1.502830
0.176998
1.640953
0.765347
0.478067
1.523439
0.894720
2.442097
0.397069
1.033304
-0.118001
-0.460140
0.845432
1.270214
1.813472
1.667945
1.507452
1.361598
1.765425
0.401630
0.624205
1.539823
1.109341
0.390407
3.539737
0.967320
0.953973
0.076792
1.385357
0.252644
2.611315
0.512392
2.112494
-1.882450
1.545919
1.487883
0.385828
1.495442
0.240891
0.640520
-0.156217
2.919530
1.771410
1.665936
0.655478
0.277449
0.182189
0.807822
1.025109
0.639540
0.066217
2.063025
0.244958
0.175458
0.276086
1.296639
0.692064
1.388228
1.038917
0.618775
0.317725
1.507866
0.528107
0.123655
2.134410
1.390927
1.022699
1.238305
0.593665
0.565376
0.526903
-0.041073
0.712377
1.437882
0.222577
0.225999
-0.429594
1.023320
0.128794
-0.365148
1.155779
1.264770
1.384145
-0.039978
1.639492
1.893663
1.083517
2.438993
2.261498
1.250294
2.356782
1.460559
2.925090
0.642195
-0.394546
-0.421036
0.912185
2.026868
0.950715
0.145773
0.578329
1.072351
1.280416
1.037869
0.305725
0.856481
-0.440548
1.625915
1.341430
0.324042
0.360381
2.165761
2.194791
0.662008
-0.519560
0.889893
0.223621
2.692123
0.545450
1.797777
1.085915
1.870183
-1.053114
2.367235
0.253364
0.432322
0.170575
3.028484
0.553693
1.079212
1.198207
3.099622
2.135808
0.628260
1.515230
1.696347
-0.280512
2.039598
0.598078
0.815538
1.605890
0.763712
2.577191
1.419414
1.980285
0.157806
0.386156
2.272831
0.382690
2.494174
2.265947
2.108678
4.031986
2.355502
0.325438
-0.082615
1.979871
3.118733
0.068925
0.854934
1.133197
1.345394
0.170725
1.122565
0.590780
1.439760
0.745259
-0.295289
1.718804
0.295179
-0.966779
0.370367
-0.593792
2.481707
-0.056548
2.201494
0.467343
2.387232
1.809037
2.332770
0.117553
0.411105
1.451616
0.858975
-0.527720
0.610953
0.760794
0.537849
1.072074
1.689826
1.546399
1.566223
1.800174
1.385324
0.235008
-0.302751
0.028383
0.148361
0.278920
1.253689
1.130291
0.130461
-0.945789
0.346254
0.256254
1.821392
1.020556
0.931591
0.077840
-0.267730
-0.106869
3.416702
1.601398
1.754923
1.262042
-0.237802
1.232763
-0.341462
0.865378
2.213693
0.466188
1.315157
1.047359
-0.241955
2.117035
0.261508
1.466046
2.107877
1.236659
1.217764
-1.352814
2.271035
0.369451
0.824156
0.308952
2.504962
0.737226
0.586379
-0.849346
1.007641
1.656384
0.184961
0.318881
1.539571
0.930348
2.057341
2.984268
1.930757
1.703847
0.383173
2.480727
1.384442
1.697318
0.870618
1.791293
-0.047873
2.149282
0.121096
1.054301
2.307251
0.642873
2.102490
1.182163
2.665663
0.894147
0.010911
-0.108888
0.276192
1.792530
2.703156
2.279559
-0.105870
0.630946
0.634361
-0.912317
2.556407
1.964867
0.712151
1.861287
2.066761
2.856506
1.131293
1.167393
0.084408
1.604882
1.659859
1.491970
1.551034
-2.449707
0.035597
-0.048344
1.063125
3.245766
1.528980
0.943205
-1.183536
1.871332
0.012675
2.062126
0.484461
1.446793
0.161325
1.665543
2.382644
1.053433
-0.504137
2.339817
2.754405
2.172252
1.828293
0.059040
-0.184369
1.162745
0.484782
-0.004199
1.609232
0.500426
2.370350
1.003413
0.997532
0.057656
-0.063850
1.211810
2.764405
3.259126
1.803439
0.222669
0.057736
-0.358709
1.615080
0.460405
0.322068
2.219929
3.202366
3.201431
1.635459
-1.699142
3.078646
-0.172084
2.250267
2.347977
0.415738
2.622677
1.700465
0.921402
2.251125
0.906237
0.716232
1.495466
0.704323
1.841548
0.409645
1.820848
1.756766
1.379031
1.417539
1.562228
-0.061777
-0.157942
0.589635
-0.995959
-0.053464
1.640523
0.663347
1.576543
-0.546156
1.221127
2.355431
1.002406
2.271305
1.762771
0.402117
0.633519
0.339651
1.029060
1.174497
-0.670038
0.712413
1.529861
3.324964
1.323163
-0.960186
0.952683
2.194041
1.844733
2.625859
-0.102587
1.983270
1.248384
-1.325797
1.797558
2.263060
0.329046
1.378808
0.300340
2.442916
0.083203
1.584704
1.666458
2.364398
-0.434381
0.204406
0.344925
0.586873
1.286139
-0.388583
-1.255573
1.121917
1.498317
1.048833
1.113442
-0.657215
2.552978
1.209571
1.043849
-0.692249
0.451892
0.308421
0.791671
1.751072
2.198884
3.458059
-0.368890
1.352776
2.020502
-0.210331
0.687942
1.245521
2.316754
-0.207639
-0.178488
0.888089
3.212246
0.951791
1.451529
2.213230
1.526528
1.456149
-0.283403
0.862662
0.826347
3.643150
-0.020770
0.252721
1.779526
-0.239487
-0.158438
0.235836
-0.089459
0.896045
0.685660
1.719342
-0.610498
3.041283
0.408177
2.564741
1.131645
1.666669
-0.061106
1.194845
-0.134198
0.483162
-1.277005
2.724668
-0.108477
2.592112
0.933719
0.244363
1.947970
0.921628
4.451257
0.705996
-0.620528
1.589272
1.453809
0.842379
1.274663
1.732280
2.024593
2.428465
1.462486
2.736854
2.109813
-0.037432
1.077665
2.153945
1.097347
1.021632
-0.050238
-0.326825
-0.611375
1.737010
-0.060936
-0.139781
0.514970
0.132873
0.928169
1.047480
0.039178
3.204481
0.621577
1.481130
2.386083
0.829663
2.586531
2.938266
0.976149
-2.036064
-0.203037
0.592440
-1.228092
1.396129
0.210578
1.122520
0.154458
-0.211463
2.043228
1.551064
2.377708
0.526730
1.001456
2.376833
1.201419
1.500970
2.000843
1.166346
0.846441
0.710384
2.348198
0.803093
0.268761
2.204624
1.611134
1.230317
1.121264
1.011441
0.064908
0.042009
0.126949
0.987078
2.035013
0.790886
0.244938
-0.542657
0.425876
1.386455
1.383782
1.031482
1.559926
0.871212
-0.364346
0.203616
1.773328
1.137773
1.752576
3.318674
-0.341425
-0.219153
0.613767
1.113824
1.799672
2.292297
0.136691
1.663245
1.360380
-0.230264
-0.153756
2.456630
1.498486
-0.347727
1.905851
0.502285
2.190195
-0.158919
-0.422264
1.480038
0.798698
0.600908
1.849688
0.857199
1.314677
1.056046
1.480351
1.328245
-0.068094
1.469888
0.844150
1.560952
-0.057262
2.257563
1.743620
0.425049
-0.214322
-0.105187
0.494096
2.334058
0.857402
-0.253732
0.999854
0.409081
0.076325
0.787766
-0.740691
-0.063756
0.518168
3.258083
3.524991
-0.218407
0.823336
0.476299
1.196729
0.604333
0.284626
0.630296
1.259801
0.738622
2.939426
2.644245
2.930832
0.285988
0.527624
-0.775858
0.418034
1.448396
0.889470
1.371631
-0.615737
2.399287
0.062176
1.742164
1.539000
0.710290
-0.059998
1.499252
1.829136
1.196148
1.385163
1.634581
-0.909053
1.101561
-0.427670
2.003616
-0.424127
1.605231
0.720898
2.909823
2.654560
2.503729
0.297074
1.683077
-0.331573
0.570517
0.576797
0.082983
-0.063128
2.537433
1.252495
0.871551
2.676224
0.811073
2.309124
0.172585
2.418170
-0.823209
1.479134
-0.917526
1.784449
1.198499
2.538210
1.768387
1.573069
2.299653
1.946272
1.649428
0.387283
0.387200
2.183014
0.351873
0.638143
0.647354
0.964510
2.399766
0.665204
1.342522
1.376543
-0.196635
0.069330
0.299847
0.697374
0.599871
1.731290
1.250537
2.658668
0.207498
0.471653
0.604814
1.427238
-0.387775
0.967162
-0.112064
-1.066641
2.439473
1.913472
1.285037
0.013577
0.976365
1.710509
1.528498
2.256641
1.349388
-0.756751
1.147925
2.496993
-0.576756
1.677200
0.914811
2.171415
0.725290
1.726993
2.417417
1.924475
1.030669
0.509990
2.528566
0.091033
0.713027
1.421474
0.081790
2.458989
0.656118
3.147186
1.038306
2.217444
-0.558373
1.603542
1.391356
0.840098
1.500248
-0.694579
0.228004
2.840051
2.948872
0.982023
2.687203
0.636155
1.716567
0.814031
1.624905
-0.354557
1.222007
0.892676
1.842759
0.668061
1.750644
-0.222268
1.780973
0.361948
-1.543833
1.428034
1.175637
1.347940
1.771156
1.569748
1.231896
1.466326
1.626254
2.010868
-0.360924
1.260895
1.572934
-0.157457
2.261721
1.803117
1.099752
1.354967
1.736704
1.820140
2.034500
0.419563
1.671416
-0.696658
-0.073073
0.578568
1.331935
0.297968
1.015241
0.967562
2.974624
1.446571
1.418909
2.185198
0.173259
1.479153
1.026462
1.190264
1.948705
0.141726
-0.409324
3.808285
-0.158402
0.214016
1.700806
2.057164
0.921448
-1.493085
1.922903
1.740688
2.286853
1.383427
0.463279
0.517834
0.817394
3.171262
2.927523
-0.618758
0.654601
0.310077
0.675215
0.289564
0.585675
0.770618
0.216379
0.038086
0.313927
0.398616
1.145251
1.154816
2.444113
1.441178
0.517510
2.686190
0.910816
0.416908
-0.254141
1.280609
1.271023
1.041447
2.284533
0.834932
0.561849
2.243465
1.257803
0.840175
1.635998
0.986375
1.506910
1.202864
2.540712
-0.193275
0.842394
0.779748
1.170167
-0.181784
0.541917
2.906307
1.223970
1.162006
0.436962
0.666909
0.860107
2.272447
1.141170
0.430921
1.503492
-0.494729
-0.407328
1.219174
-0.026055
0.873422
0.173721
4.068511
0.955396
0.403295
1.775936
-1.463682
-0.146186
0.727735
2.203738
2.003098
0.853395
2.110258
1.007637
1.865806
1.944951
1.883606
1.627509
-0.600698
-0.685557
-0.015631
2.142655
1.260920
1.444121
