1000
2.241502
2.083149
-0.643319
0.986442
1.126972
2.368146
1.027048
1.247472
1.237103
1.534107
0.923852
1.022514
-0.492417
2.058182
0.090205
0.780489
0.215302
1.263522
-0.029232
-0.099979
1.522103
1.344732
-0.353080
0.469024
0.377292
0.343410
2.038953
0.576181
0.613666
0.760329
2.604616
0.653298
1.116381
0.563725
1.424454
-0.026495
0.551793
0.991790
1.106983
0.974594
0.283958
-0.079365
1.924731
1.821618
-0.861351
0.343349
1.125225
1.133420
2.733182
0.841368
2.439427
0.063672
1.940899
0.600416
-0.383769
0.520801
0.825485
1.238804
0.012972
2.853163
1.909217
-0.308681
0.615482
-0.040394
2.348928
1.034491
1.476572
1.555608
0.906997
1.433506
1.503750
0.273706
0.980596
1.532056
1.783544
2.188635
0.751857
3.387901
2.970585
0.393200
1.236382
0.938381
-0.882540
3.045934
-0.151379
1.935471
2.455064
1.879713
-1.286579
1.897084
0.237613
0.196549
-0.250654
1.659436
1.462373
0.825898
0.176581
-0.074692
0.023540
1.219875
1.519050
2.856044
2.799212
-0.181590
0.737591
1.214058
0.322167
1.168553
0.210353
1.248796
3.173567
0.060843
1.229482
1.482946
-0.358582
0.981894
1.056774
2.197228
1.310401
1.338298
1.907977
1.934896
2.147619
-0.268571
1.415133
1.540805
-0.385911
0.053393
-0.121754
0.881236
-0.110755
0.667072
0.504029
0.173927
1.232136
-1.527780
0.935462
2.151984
0.988854
1.089742
0.135621
2.545380
0.733782
2.939300
1.623968
0.337126
0.533733
1.729172
1.060790
-1.326866
1.383693
0.117771
0.514985
1.718263
2.424414
1.053829
0.621222
1.634737
1.725205
1.462014
0.604369
0.768544
-0.287121
-0.339629
2.644006
0.194907
0.381468
0.226537
-0.236294
2.678507
0.488699
1.740925
0.297103
1.088142
1.342408
-0.111821
1.572204
-0.943165
-0.157884
0.365800
0.625298
2.758504
0.472143
0.226733
0.645444
1.580363
0.075127
0.234801
0.716766
0.830840
2.217022
0.621505
1.445573
1.562661
0.578496
1.263100
0.160355
0.947003
-0.344576
1.373395
1.066289
-0.226198
1.144659
1.289336
1.671051
1.936465
1.931091
2.035964
0.883098
0.650161
-0.042734
2.465437
2.083434
2.443600
0.480083
2.104193
1.180916
1.183153
0.664936
1.446311
2.848177
1.120751
1.967258
0.324577
1.026559
1.582641
0.582881
1.813320
-0.722538
1.996143
2.543386
2.246263
2.233062
1.021092
2.358692
0.016788
1.103308
1.131093
1.302156
0.370282
1.320412
1.812250
0.401366
-0.167299
2.078440
0.848418
3.911309
1.507511
1.702938
-0.849191
0.405033
-0.275862
1.056142
2.185471
1.925105
0.445585
1.775423
0.563651
-0.648543
1.524178
0.132685
2.990274
0.473319
2.064752
1.388238
1.813920
0.550079
1.194462
2.464818
2.488541
1.020345
0.098189
0.566458
1.243719
1.862421
2.322960
-0.090755
0.873601
1.511645
1.871649
0.770352
0.945628
1.073827
1.649997
2.471115
2.226852
0.874409
0.516027
2.054790
1.255575
1.872683
-0.037181
0.155259
0.897906
0.392046
0.349069
2.029698
1.480389
-0.229179
0.759255
-0.808868
2.017316
0.335173
-0.495361
1.046360
1.625183
2.085284
0.814231
1.097768
1.286862
2.224868
-0.430088
0.244968
1.828055
0.209151
0.954824
1.314687
1.536500
0.279618
1.826687
0.440319
1.267328
2.078752
3.408561
0.980139
1.493525
0.639938
0.689435
-0.605157
-0.208400
0.940643
1.519807
2.693592
1.630059
-1.554096
1.017689
-0.488146
2.351738
1.399025
0.525701
1.688736
1.656086
0.320414
1.705206
0.540092
3.175226
0.729926
-0.246394
0.670873
-0.071902
0.568349
0.536598
1.921271
1.832707
-0.646676
-0.110497
1.254546
0.993739
1.234083
0.629368
0.728527
0.551236
1.792491
-0.221513
2.516954
-0.604780
0.912110
1.977558
1.240801
0.949121
0.261005
0.160177
0.519785
0.898663
0.847780
1.705634
1.267007
0.142969
0.505928
1.214529
2.438059
-0.267767
-0.422741
0.712296
2.480729
0.825483
0.453980
0.621486
2.367097
0.334556
0.098327
-0.065281
0.561600
1.880786
0.830977
1.748392
0.880141
0.529032
1.884840
-0.838468
2.952368
1.605962
-0.766940
2.928844
1.725454
0.779556
1.163879
1.119206
2.669698
1.306587
0.330011
0.251056
3.381332
2.235893
1.108841
0.174268
0.793206
-0.046306
1.976474
0.275836
1.099854
-0.143447
2.372535
-0.208898
-0.914078
-0.790381
1.852208
0.369018
1.283249
1.003823
0.571020
0.822278
1.308192
0.564901
2.654390
1.627245
2.087183
0.816673
1.225983
2.226282
1.355334
1.850962
1.553557
0.466021
1.021106
1.319937
1.690120
0.525038
1.123985
0.780461
1.853372
0.793906
1.615717
0.844961
1.270719
0.586288
-0.023515
0.397410
1.244756
2.158652
1.082943
0.739608
1.987246
0.679955
0.893129
0.849874
3.797893
0.860636
0.160160
1.939003
-0.035208
0.824218
1.905554
0.750447
0.246639
0.631610
1.010883
2.294714
2.530132
0.565779
1.673181
1.778210
1.512309
-0.835661
1.287853
1.309042
2.664652
1.676905
0.053817
0.453599
3.545439
1.790291
1.181752
1.870243
0.417181
1.151548
1.935284
2.400656
0.368289
1.113919
1.989785
1.876483
1.473911
1.233918
1.914721
1.157313
0.137869
1.348508
1.262832
1.511710
-0.352764
-0.601473
-0.109896
0.942450
-0.465935
-0.210798
0.099112
1.083591
1.601128
0.910593
-1.565878
3.821031
0.048500
0.649013
2.040411
-0.734197
1.141338
1.157779
0.496265
2.721163
-0.128018
0.705712
1.683823
0.586700
1.186854
1.647155
0.744128
0.204333
2.951473
1.749144
0.926396
1.450511
1.098299
2.534101
2.342742
1.385106
-0.043379
-1.074958
0.610771
1.173465
2.597818
1.459106
1.677697
0.687153
3.153866
0.715237
2.946720
0.786730
2.412005
2.232132
2.032515
-0.353151
1.041400
0.787902
-0.789463
1.821018
2.205686
0.650802
2.521475
1.405576
0.172857
0.360038
1.178823
0.826536
0.975327
1.677708
0.159296
1.103025
0.712661
2.819630
2.812578
3.044289
2.195362
1.378749
0.685045
1.922208
2.451425
1.253691
2.795240
1.149613
1.049827
0.467026
1.404986
2.517887
0.088545
0.205619
1.796459
2.031389
1.207816
0.757199
-0.609024
0.095717
2.034660
0.756251
2.082595
0.348167
0.277923
0.885622
0.416892
0.555446
0.421715
1.843628
1.737498
2.121089
1.478951
1.715025
0.343926
0.056116
-0.592199
-0.653306
1.389995
0.202381
1.683242
1.309554
1.656560
0.582334
0.143644
1.130457
0.644143
1.635160
0.063976
0.968651
1.676756
0.584419
0.144410
0.831194
1.739845
0.915143
1.771248
1.105886
1.491119
0.380378
0.425302
0.750519
2.043032
1.550158
0.672379
1.338907
0.088235
1.321754
2.012848
0.426132
-0.708930
1.092594
-0.256432
2.095205
2.578546
-0.037011
-0.002339
1.111778
1.774649
1.313015
0.874957
1.565927
0.492231
0.811756
1.113396
2.153684
0.907696
0.851048
0.356945
0.555517
-2.202969
1.408761
1.065193
-1.107983
-1.080506
1.310042
1.788736
0.018292
-0.008560
3.016135
0.975090
-0.695249
0.482496
0.976981
0.961198
1.326189
0.994221
1.108615
2.273274
0.352458
1.119371
0.411205
0.864578
2.139073
0.914382
0.222141
-0.605392
0.776411
1.742583
2.320572
0.297743
-0.472602
1.617922
1.529369
-0.172608
0.701093
1.139290
1.128898
0.988850
1.776947
2.229786
-0.591390
1.086318
1.334438
0.897480
0.029469
2.221102
2.332020
2.069490
1.649099
2.012118
1.936231
1.063577
0.935141
1.409000
0.918291
-0.382949
0.092575
0.736839
0.368715
1.582451
2.249622
0.829267
1.057068
1.530866
1.605456
1.501310
0.188922
0.896950
-0.142956
0.342725
1.450406
1.439376
0.112278
-0.094026
1.131938
0.730674
1.403460
0.818504
1.342889
0.575206
0.945872
0.935169
2.055256
0.503593
0.358147
-0.410269
-0.824126
1.521290
0.400355
0.112027
0.889533
0.974111
0.003936
0.125687
-1.818476
1.131577
-2.140881
-1.462158
0.633969
1.414635
1.648449
1.131482
1.838145
0.357159
-0.694060
1.423575
1.299756
1.834825
-0.084094
1.304290
-1.817377
-0.353019
3.048004
0.243119
0.825882
2.065420
1.330121
0.538293
-0.434922
2.394847
0.915545
0.953661
-0.841882
1.146558
0.138581
0.724530
2.577702
1.021197
2.155427
2.376345
0.006889
0.931054
0.058140
0.948962
0.471805
2.598573
2.992277
-0.114418
0.392525
-1.685122
1.208632
0.323649
0.138536
1.359270
0.896896
1.678959
1.880824
1.283966
0.933900
1.072495
-0.115735
0.720276
0.024438
-0.090867
0.963776
-0.427516
2.223221
-0.186314
0.335040
1.904315
1.219406
2.288500
0.533672
1.067418
-0.677434
1.095950
1.663662
2.565234
1.724284
1.352782
-0.677324
0.363858
1.155270
0.494138
1.749842
0.611257
1.882712
0.642085
1.066693
1.310728
1.431269
1.072761
0.483800
0.901184
-0.447238
1.118327
0.738373
2.285064
-0.271555
0.239408
-0.307400
1.798450
0.356557
0.942839
0.058821
2.925689
1.953410
3.274205
-0.310008
2.287167
1.518343
1.772314
-0.277676
1.404066
2.005245
1.920482
3.069457
0.090311
2.112774
2.938699
-0.382195
0.676178
-0.555898
1.634788
0.077603
-0.121226
0.673330
0.413072
-0.314386
2.503051
0.614645
0.899569
0.793690
0.495493
1.025262
3.349479
0.218733
0.105475
-1.809333
0.572325
-1.362804
-0.313314
2.365951
0.857335
0.222626
0.445430
2.189704
1.071355
0.439110
1.677398
0.935145
1.620138
0.335392
0.902425
2.329578
2.329359
-0.702891
1.369907
-0.090053
2.589015
-0.569551
2.664501
1.192121
0.225908
0.958127
0.855506
0.703625
-0.139333
2.227320
0.783075
1.311754
1.156101
1.338325
0.783602
0.556931
1.027733
1.405964
0.768535
-0.261709
-0.697927
-0.257184
0.231737
0.394136
-0.447592
1.451823
0.924148
0.806179
0.913396
2.660763
2.486455
3.568372
0.705397
0.290830
0.534684
1.202058
1.091224
0.546390
0.338824
0.455308
0.116382
-0.179127
0.343022
-0.913414
3.205380
-0.221387
0.934560
1.456446
-0.509911
2.664986
1.127060
-0.498914
2.028617
0.539242
1.298500
3.167856
0.997957
1.631568
2.321193
3.217207
0.813236
-0.125677
2.326798
3.541009
0.999045
1.160931
2.536417
1.135274
3.194871
0.296095
0.165828
1.679871
0.986347
2.220972
0.136937
0.556272
-0.650109
1.291456
