1000
1.092022
0.405312
1.425143
0.981212
2.284770
0.024747
1.375760
1.250233
0.403751
2.553871
-0.064888
1.347271
1.201019
0.796717
1.606069
1.044181
2.508609
0.484631
1.443775
0.602178
-0.398071
1.252238
2.209789
0.382966
1.158873
2.492246
0.724056
1.160289
1.035536
2.570063
1.343185
1.107973
1.957527
1.013942
3.205439
0.443065
0.224318
0.575512
0.761976
1.209017
0.935281
1.144055
0.592369
1.764800
1.351075
0.153025
-0.162868
0.833740
1.539908
0.317298
0.642217
1.706233
1.388045
1.047917
-0.072027
0.849767
1.030704
-0.212921
1.170306
0.151668
2.162508
-0.550418
0.773536
0.919240
0.521735
-1.117494
1.993680
0.832751
1.684946
0.487287
0.319182
2.720371
0.209619
1.180359
2.726971
0.214603
1.387417
2.586400
0.644011
0.596882
0.847750
0.991770
-0.451639
1.823489
2.792409
2.697991
2.364849
-1.285738
2.223903
1.785911
1.834260
-0.529763
0.923626
1.417193
2.704273
1.132454
-0.097173
1.547193
1.170103
2.217288
0.738752
0.646623
-0.819025
0.819483
1.149389
2.572868
2.554853
0.699740
1.182679
1.717941
2.456091
1.463451
0.375052
1.683242
2.205908
3.212493
3.367426
-0.552169
0.170853
-0.102197
-0.380282
0.754533
1.384089
0.451115
2.088637
1.284345
2.333984
0.407139
2.026363
0.632831
1.259416
1.094834
0.474851
1.469939
-0.048469
-0.316556
2.141094
1.546991
-1.116712
1.116739
1.968713
0.888893
0.835166
1.247872
0.563410
0.916732
-0.267591
1.524332
0.188695
0.913250
1.463683
0.581366
0.991346
0.365118
1.079488
2.474048
1.653843
1.401655
1.831974
1.524538
1.980784
2.440009
0.700974
-0.125206
1.345637
0.531701
0.235868
-0.011806
3.014962
2.051428
2.045234
1.891476
2.443109
1.737269
0.035292
1.384028
1.195146
1.409122
1.772214
1.327487
0.072949
1.683296
-0.753882
1.207729
-0.677015
2.002793
1.348327
1.251594
0.442958
1.422669
0.977343
0.560741
1.532329
0.843694
1.875049
0.235384
1.538932
0.890496
2.062348
1.850312
2.500313
-0.989598
0.633069
0.535862
0.713489
0.353677
1.771350
0.872855
0.892363
1.293523
0.701445
1.972186
0.797448
2.167515
1.564815
0.877706
1.908089
-0.080481
2.173745
0.687023
1.562940
1.369172
2.178105
0.876834
1.523907
-0.609025
0.049810
0.778525
1.916985
1.141367
1.326577
0.658931
0.246709
1.863780
0.615352
1.623471
1.647363
1.473566
1.434807
1.267601
-0.056054
1.622724
-0.747926
1.544004
2.756245
1.011798
1.584303
0.843425
-0.522920
-0.314540
1.191761
0.785834
2.896514
1.061209
1.633619
1.995218
1.397295
0.568081
0.881356
1.954495
-0.933333
1.627136
1.190369
-0.912324
1.851225
0.558429
1.633019
0.446025
1.356966
0.939706
-0.286920
1.507513
0.629622
-0.076875
-0.775075
1.705319
0.151378
1.015554
1.000067
0.387149
2.237176
-0.224793
2.990385
2.964678
0.265794
2.399884
1.458765
0.483825
0.125160
2.776522
1.435494
-0.497895
1.239068
-0.295213
2.720316
-0.727516
0.413183
2.156102
2.032575
1.298668
1.053872
0.086916
2.995848
0.060548
1.366478
-0.365584
-0.024822
2.377371
1.142507
0.545566
-0.518999
2.302201
0.138088
2.375600
1.469555
0.337108
1.546799
0.933775
0.712285
1.136341
2.042772
0.045143
0.089705
0.960736
-1.179469
1.475721
1.345336
-1.027607
0.421262
0.807618
0.115038
1.821311
0.369374
-0.028011
0.956126
0.153794
2.330475
-0.584874
1.588329
3.080731
-1.709694
0.747059
0.819513
0.625890
-1.645519
0.117036
1.869711
0.659320
-0.128173
-0.957269
1.838335
1.301367
-0.393007
1.417877
1.522805
0.294973
1.632823
0.038727
2.002634
2.613747
-0.846449
0.529633
1.864500
-0.949274
-0.318402
1.386766
1.904843
0.757083
1.154570
1.391808
-0.388350
0.035724
2.390057
1.602466
2.020417
-0.204703
2.097752
2.066929
1.390125
0.464132
-0.280626
1.154156
0.470119
0.618679
-0.395995
1.168694
2.011563
1.189452
0.510712
1.009839
0.986439
1.522580
1.614267
0.258006
1.154679
0.315564
1.035851
1.493269
1.637940
1.226235
0.463792
1.158705
0.378370
1.335220
0.918797
0.446784
1.162425
1.069120
0.641472
1.472193
0.768913
1.212541
0.823989
-1.363665
1.680303
0.577962
1.818279
0.910804
1.186703
2.096096
-0.381794
-0.158751
0.935359
0.778126
0.391373
-0.883090
0.433383
0.508578
1.727886
1.165234
0.648530
1.727468
0.222789
0.246596
0.325370
3.895395
1.228764
3.060628
-0.437304
1.121757
-0.479795
1.047247
1.676994
1.865690
1.967626
-0.468658
1.168134
0.933866
1.783451
0.121744
1.963852
1.534382
0.784853
0.511903
0.574837
1.315805
0.554589
0.574470
1.998098
1.871698
-0.031845
1.571787
1.071915
2.663647
0.947686
3.280825
1.014900
1.324059
1.394428
1.800949
1.200056
2.124621
0.051391
0.537372
1.967166
1.072498
0.300704
0.852720
-0.556617
0.833113
1.340147
2.441720
0.469758
0.656278
1.780281
-0.995346
0.781883
1.455335
0.888776
0.755420
-0.613659
0.478375
0.476684
1.222688
-0.867579
0.850798
0.550459
0.375191
0.823448
3.057792
2.384569
1.142671
-0.099888
0.243374
0.003228
-0.062445
0.455922
3.077694
-0.159841
1.285917
0.371350
2.736852
-0.116163
2.565770
0.416455
2.790146
2.512353
2.041735
2.192419
2.080561
-0.079989
0.743635
1.427380
1.378211
1.704668
1.751353
-0.108262
0.301220
1.339226
1.035412
0.301661
1.552248
0.770557
0.945766
0.956720
-0.322481
1.824731
0.689767
0.000821
2.014441
2.004710
1.790326
0.146027
2.741307
1.223377
1.885076
0.839453
0.873076
-0.881160
2.132072
-0.059924
1.174391
1.449189
1.275261
1.865161
2.267627
1.361327
1.418449
0.934005
2.108507
0.927888
1.324434
2.466431
0.924885
0.536098
3.510481
2.145642
1.323050
-0.489807
1.884284
0.061003
0.787593
0.890353
1.934148
0.789537
0.018484
2.643316
3.947845
0.774798
1.444853
2.009476
3.002493
1.406602
1.451233
0.564918
1.083456
-0.730198
1.099871
2.492828
-0.878967
2.006535
-0.398629
2.497071
2.683125
1.708981
0.180930
2.571940
1.060441
0.662777
1.093266
1.471699
2.331927
1.168278
0.952802
0.053226
2.602175
2.233110
1.676129
-0.830413
1.184414
-0.146183
0.113142
1.443283
1.333276
0.491732
0.399540
0.630358
1.149153
0.919549
2.441513
0.818453
0.908096
-0.487401
1.866462
0.467358
0.230541
2.464458
1.165331
2.219920
0.941218
2.630609
1.379391
1.278955
2.194631
0.666551
0.536275
0.847820
1.798159
0.127682
-0.318005
-0.036802
0.877344
1.691694
0.926916
1.634431
0.756966
1.604731
0.342395
1.371795
-0.655285
0.549079
2.824202
0.608414
1.425254
2.139300
1.569160
0.437302
1.559258
1.445487
-0.448508
-0.893316
1.867086
-0.000374
1.647662
2.011119
1.587078
0.711166
-0.105247
0.052083
0.969003
1.420145
1.819297
-0.265533
3.325130
2.912050
0.696801
2.240767
1.211200
0.863901
0.296353
1.040935
0.267634
1.796280
1.364062
0.361861
1.700306
0.241952
1.284732
1.529563
-0.392910
1.002732
2.711444
1.624781
-0.120690
2.109895
1.179331
1.912607
0.212264
-0.313951
2.293387
1.069335
-0.273841
-0.358350
0.583103
1.700822
0.093500
0.516305
1.695593
0.283917
1.991301
0.764538
0.464486
0.946241
3.333904
1.348584
-0.085091
1.994997
0.968800
-0.607479
0.602654
0.977574
0.592732
-1.064060
-0.007534
0.221808
1.726867
-0.315780
1.069493
1.515677
0.637474
2.075289
2.433583
-0.822566
1.554073
1.491003
2.632859
-0.561873
0.993105
-0.056598
-0.284730
0.658858
1.297435
1.046476
-0.325266
0.608343
1.975441
1.195449
2.580432
2.979698
-0.400737
2.420539
-1.271463
3.253073
1.047258
2.233894
1.102955
1.990399
1.618331
1.316048
1.354643
0.789053
2.244616
0.939527
0.488646
1.307673
0.285993
1.939982
-0.381350
1.820628
-0.760611
0.966844
2.100435
1.048730
0.390851
0.207193
0.562235
-0.108780
0.650565
1.501007
1.083671
0.645437
0.910258
-0.242419
-0.072521
1.929391
1.735247
-1.085963
1.540077
0.370817
-0.459568
-0.031318
-0.234554
0.366263
0.868549
-0.533706
0.983636
0.991610
3.033171
1.646080
0.047125
1.092783
2.245123
2.219801
-0.121460
1.703034
0.127020
2.239430
0.473761
2.793763
0.073359
-0.018993
0.995835
0.065071
0.803398
0.761907
1.588317
2.607661
-0.349717
0.802227
2.306671
1.744303
0.431001
0.895446
1.459793
0.953446
1.417694
2.009526
1.099497
0.195863
1.731476
0.827543
0.524658
1.440617
1.137201
1.568452
-1.810308
0.067712
1.073872
1.365736
2.213719
1.935166
1.665735
0.601526
1.490638
2.772971
0.630419
1.589467
2.180158
2.017751
2.703880
1.113263
0.025012
0.195235
1.901659
1.561131
0.025960
0.449259
1.557070
1.828452
-0.367031
0.227418
0.760031
-0.597371
0.308324
0.851906
0.148775
0.175798
-0.007171
0.913086
-0.793897
1.290042
0.031480
0.997328
1.279135
1.542442
1.711471
1.796794
2.206220
1.143187
2.250375
-0.241880
1.544655
2.339329
0.817404
-0.723892
0.962350
-0.271779
1.218852
2.078742
0.563129
2.325951
1.393668
1.515555
0.527948
1.200085
0.562889
1.454608
2.747251
0.797427
0.309762
-0.290966
1.716576
0.798483
2.019080
0.826121
0.772169
1.983725
0.477964
0.212989
2.106436
1.712138
-0.293568
2.462371
0.938071
1.021833
1.147413
-0.356183
2.448855
1.267580
0.020474
0.084216
0.737814
1.553059
1.784802
0.354201
0.082488
1.221673
0.551537
0.125734
0.875492
1.790555
1.602893
-0.182208
2.856539
0.903745
2.248791
1.547172
-0.392032
1.818964
1.473445
-0.147223
1.267937
0.164803
1.361189
2.415624
-0.380597
1.063545
2.064697
1.481793
-0.132890
0.364689
-1.185726
1.119610
1.137537
3.392084
1.714624
-0.427188
0.827923
0.981718
0.327963
-1.976137
1.237786
1.824932
1.019380
0.142351
-1.037409
-0.648358
1.400920
0.587657
2.339298
-1.186166
0.731312
1.002786
1.492073
1.050854
0.021396
1.245972
0.708417
0.425146
-0.122314
0.561117
2.118601
1.666560
2.039715
0.701110
0.554892
2.167721
0.796103
0.498443
1.483713
0.824879
1.703375
0.874442
-0.842543
0.913935
0.359416
2.127242
0.435122
0.254158
-0.031186
