1000
-0.091889
1.164118
0.454449
-0.286258
0.511826
1.125100
0.163537
2.242165
1.212914
0.830741
1.206898
-0.388167
0.775554
3.319731
0.593802
0.987968
2.669563
1.039834
0.591057
1.383142
0.425251
0.557227
0.133525
1.079604
0.179964
2.171803
0.681438
-0.012663
1.137235
1.945589
1.965501
1.235078
1.972787
-0.219451
1.132738
-0.406736
-1.038320
1.200351
1.128275
-0.604423
-0.120060
0.278266
2.908534
1.156638
-0.404133
1.169386
-0.232660
-2.631300
1.202433
0.821390
2.137348
1.601506
-0.369061
0.329848
1.562786
0.734669
0.182898
-0.146312
2.255705
0.077144
0.107527
1.678738
1.870487
2.381373
1.769360
-0.045439
0.914223
-0.203244
3.260992
0.854471
1.281965
1.048979
-0.212858
1.092019
0.620913
0.501422
2.425268
0.080337
1.576541
1.428754
1.172508
0.481441
0.365542
1.210876
1.766349
1.652428
-0.292391
0.101942
1.347590
2.048305
1.750276
-0.231434
1.173321
2.540303
1.445834
2.298687
0.098549
0.698604
0.988833
1.228806
-0.133829
-0.568507
1.452497
-0.876987
2.787325
1.888726
-0.577309
0.080358
0.862169
0.845588
1.635298
1.662623
1.040411
1.464807
0.993290
3.030275
1.814486
0.876261
-0.163226
1.614633
-1.520118
1.336978
2.773139
0.967886
1.595993
1.905770
0.290524
2.283401
0.491672
0.304335
0.265741
1.211444
0.999095
1.160566
1.984755
0.364552
2.166242
1.162190
0.079473
1.492405
2.363108
0.251191
1.346488
0.325219
1.417911
1.134145
0.419050
1.611128
1.194602
0.149366
1.412241
1.500630
2.532005
0.381269
1.623853
1.568759
0.167882
2.972907
0.845232
1.143952
1.032944
1.916454
0.621637
1.977875
1.441555
0.753559
0.750391
1.123192
4.532316
1.077399
1.228172
1.902067
2.344989
1.121267
-0.327475
1.704208
-0.184410
1.979741
0.836230
1.962961
-0.195690
1.522267
1.522534
2.477558
1.462182
0.811073
1.139825
1.650188
1.732590
0.299760
-0.542739
1.322801
0.865765
0.144427
1.747715
1.980177
0.868579
0.244211
0.535762
0.553659
0.100214
-0.725199
1.521460
2.102797
2.467605
1.072941
0.595497
0.566232
0.683654
2.257237
1.776644
0.149812
2.203628
0.404371
0.407357
0.716895
2.590270
0.212491
1.544226
2.123235
-1.115232
0.262278
0.537960
1.174361
0.321533
0.198697
1.747718
1.681822
-0.226327
2.918218
0.031134
0.670590
0.866468
0.451890
-0.686739
0.594848
0.316637
-0.785994
0.333315
0.363613
1.777412
-0.364573
0.502863
1.418430
1.730591
1.582702
0.668734
-0.384414
0.458301
0.184439
1.852607
0.634932
-0.481622
0.992884
0.465178
1.858975
1.061108
1.243874
0.522441
1.787617
1.205522
1.715019
1.172119
1.052871
2.797837
2.309500
0.467988
1.390734
0.394478
0.203084
1.338603
2.755029
-0.231772
2.805476
2.025671
1.910492
0.284260
1.721251
1.959573
1.192970
1.257444
1.601321
2.018784
1.947198
0.207565
2.147401
0.420416
1.885005
0.848243
2.173056
0.236105
1.068545
3.078300
-0.021506
1.763135
1.201448
0.821092
0.623487
0.994629
-0.768504
1.219562
0.216902
2.329190
0.557427
1.863723
0.914330
2.324165
0.050436
1.180321
0.206037
0.790741
1.944770
1.261615
0.565175
1.226443
1.604226
0.739547
2.077103
1.596802
-0.394329
2.195389
0.381992
0.193156
1.389965
1.319742
2.695137
-0.418876
1.044305
1.671306
0.674154
2.632438
1.127727
0.683844
1.592193
1.651507
0.946983
1.980610
-0.038490
1.446274
1.022979
0.084306
1.029327
2.178640
0.155564
1.192376
1.025062
2.110836
1.564415
0.963711
1.763074
-0.502645
2.082719
0.513778
1.015118
1.104204
0.193459
-0.369863
0.418922
1.226083
1.624592
0.805848
1.714763
2.554971
1.005917
0.494497
2.305068
1.308618
0.469805
1.594362
-0.858369
2.464480
1.504489
1.978193
1.185613
1.742956
0.929737
0.517822
0.438429
1.538911
1.796566
1.976210
1.695082
-0.211888
0.909585
3.252722
1.796292
-0.269817
1.307210
2.862616
2.040142
2.574755
2.117674
2.637374
1.695607
0.721189
1.871315
-0.290295
1.595070
0.627570
2.156088
0.753773
2.343106
-0.291654
0.704047
-1.032813
0.377255
0.929702
1.705286
-0.621897
2.342335
0.604122
0.513037
0.581382
1.150823
1.761438
1.490056
1.086158
1.815565
0.631413
-0.054298
0.278330
1.603031
-0.014281
0.268781
0.745127
2.556227
-0.333977
2.909150
-0.092809
0.714414
-1.293685
1.274979
1.276167
2.682139
1.901476
1.639064
1.867449
0.584739
2.161664
0.591939
-0.724426
1.096963
1.652199
1.085333
1.093742
0.502269
-0.016423
0.228034
0.156201
-0.366169
-0.849515
2.596741
1.634168
2.051133
1.473025
0.352954
0.438401
-0.529847
-0.239817
4.450700
0.799332
1.650854
-0.241217
1.474741
0.897998
2.174687
1.286020
0.029523
1.720961
1.755329
-0.528437
1.411056
0.614772
0.759370
0.462177
0.573536
0.520598
1.552298
2.148148
2.334489
0.459768
0.717831
2.652719
-0.351785
-0.096776
1.087494
2.178270
2.122161
0.173193
2.976634
1.977303
1.109189
1.205075
0.401142
0.428504
0.379225
0.209459
0.194173
-0.250190
2.410856
1.276351
1.325893
1.336554
1.371482
1.438858
-0.068575
2.270249
1.405942
0.050799
1.718431
2.587465
0.004199
0.692339
-0.133451
-0.458906
1.550764
1.324978
1.399883
1.896785
0.733098
0.684791
-0.196991
2.339025
1.483863
0.062253
0.881514
1.914710
0.092613
1.505890
-0.518155
0.891391
0.947161
-0.597142
-0.320276
-0.496227
1.220244
1.332740
2.678322
1.920673
1.092737
1.868538
-0.021474
0.095384
0.898440
1.535861
2.019535
0.646693
2.131417
1.784791
1.168994
0.497384
1.090586
0.577881
1.425551
0.695543
2.066291
-0.129824
0.365634
2.553488
-0.704157
0.488032
0.507557
-0.757810
1.181147
0.969194
-0.074596
0.021801
0.290579
-0.777265
1.645344
-0.061937
0.753191
0.899304
0.460947
1.007029
1.058446
1.181091
-0.344410
1.335272
0.947881
0.689758
1.276636
0.178754
-0.355959
0.918485
0.879287
1.907462
0.356997
-0.209663
1.970994
0.359221
0.473425
1.701258
0.864176
-1.568783
0.902668
1.859151
3.231666
-0.230881
1.622942
0.998548
1.372945
2.191719
1.759626
0.429444
1.279346
1.705343
0.634007
2.285365
-0.025412
0.864901
-0.181599
1.695941
0.249997
-1.136545
1.135435
0.964309
0.616901
0.455057
-0.764919
-0.054632
0.678304
1.294467
1.004846
2.380674
0.137243
-0.226429
0.238068
0.373669
2.889162
2.149795
1.553909
1.223039
1.517308
0.451005
0.157058
0.094047
0.695037
1.211539
1.354852
1.970129
1.447353
1.924970
1.980045
0.635967
-0.094903
1.505898
0.713519
1.597799
1.625106
-1.033887
1.348291
-0.070306
0.763611
-0.078349
2.181749
0.061204
2.102128
1.361411
1.450096
1.226606
-0.351985
1.640979
1.464507
1.270643
1.529607
1.833181
1.431233
2.341542
-0.547863
0.652253
1.965319
1.067707
0.598058
0.257399
-0.759974
0.650334
0.123873
1.073967
1.362970
1.062578
0.471860
3.274158
0.959375
-0.167188
1.531192
2.163788
1.671436
2.291676
1.142352
2.486396
1.044872
1.214316
1.528721
0.043938
2.341493
0.955702
-0.760623
0.648957
-0.438482
-1.047859
1.126791
0.682193
0.347890
0.294281
1.064472
2.238000
0.223117
1.108503
-0.001636
0.476699
2.329081
-0.734836
1.438080
1.585230
1.365045
1.166395
1.235222
0.889737
2.392326
1.925343
1.375992
1.034030
0.845060
0.524614
0.799419
1.281709
2.098942
0.720419
2.297968
0.537715
3.035804
2.681968
-0.212062
1.400788
1.067444
-1.426839
1.353929
0.474502
2.457004
0.714509
0.740867
0.577762
0.487135
0.704445
1.270979
0.248294
-1.709703
0.300741
0.651776
2.761891
-0.579231
2.054681
0.703912
2.463630
1.871009
0.960010
0.149112
0.240288
0.972647
2.039789
1.538869
-0.953658
0.598617
1.312078
0.686905
0.222676
1.422987
2.630678
0.438985
-0.115006
1.329518
1.064694
0.385790
1.789876
2.212113
1.823004
0.729533
1.395833
1.786802
0.344127
1.354261
0.227606
1.579706
-0.035430
2.095331
0.836848
0.787311
1.833886
1.686239
0.545304
0.535782
2.126714
-0.110794
0.298995
1.709108
2.269220
-0.527667
1.378809
1.305708
-1.401418
2.243551
2.538576
0.087644
0.782826
1.505913
0.067314
0.927683
2.287510
0.896452
3.244860
3.548540
0.714163
1.028027
2.013443
1.052084
0.553731
1.146673
1.529864
2.260699
2.173359
-0.441249
2.897310
1.219988
1.130786
0.644979
2.625334
0.216411
0.613946
-0.258505
1.961287
1.773384
1.601196
-0.011013
1.731362
-0.218654
0.569660
-0.195210
2.324977
1.088705
0.313050
1.854394
1.362941
0.251355
0.381782
1.223268
2.302029
-0.015657
2.151746
0.003210
0.556890
1.759069
1.111190
0.501645
3.150962
2.036227
3.093154
0.642163
2.356604
1.511975
1.861899
0.885143
-1.140573
-0.531427
1.373924
-0.329184
-0.776121
1.540841
1.649296
0.610493
2.139676
0.605728
1.919094
-0.715554
1.810924
-0.573231
2.356961
1.425373
0.153839
2.099698
1.224725
1.394452
1.839929
-0.849031
2.623730
2.846444
-0.245223
1.371631
-0.021858
1.956999
1.573667
0.286464
2.720237
0.607444
-1.895501
1.674840
-0.330473
2.303980
-0.046927
1.242470
0.804854
0.447223
1.436671
1.944359
2.749004
-2.405796
3.211063
-0.092344
1.196076
1.560879
3.701955
-0.777352
1.428760
-1.591478
-0.817608
2.586971
0.251704
1.312918
0.932500
1.155625
-0.582590
-0.485522
0.245826
0.026425
0.778946
-0.297274
2.374258
0.472393
0.242490
1.381468
-0.810667
2.972174
1.581435
1.582923
-0.147452
2.454235
0.963986
2.537168
2.043941
1.697733
1.395350
0.733948
1.136053
3.161797
0.336964
-0.664905
0.088156
2.518748
0.945081
-0.180764
0.914360
-1.070402
1.385908
0.457324
1.943486
1.337740
-0.464659
-0.242319
2.243210
0.545067
1.530951
1.517760
0.838021
-0.072886
0.844702
-0.950253
1.951671
1.877849
1.059645
-0.578708
0.395600
1.057564
0.304142
2.287934
1.347486
3.918826
-0.022062
-0.976060
-0.716128
0.576255
3.042134
0.296699
0.930907
1.905877
0.843740
1.658884
0.970150
1.871621
2.449487
-1.299249
0.730440
1.181654
0.294368
1.990244
1.526821
-1.103466
-0.208697
1.191767
1.393796
1.349662
