1000
-0.180612
-0.778219
2.541615
0.600701
-0.619451
1.149394
0.790049
0.658560
0.055906
-1.707557
1.289665
2.257206
0.852035
-0.268704
0.737999
1.975207
2.619698
0.237960
0.070071
1.570574
2.033236
1.015236
-0.608247
1.105009
-0.786079
3.149406
-0.385656
2.652736
1.367148
1.102420
0.363609
0.168045
1.145195
3.017583
1.352927
2.720439
0.756213
1.387577
1.060974
1.713200
2.849508
0.085332
2.103048
0.562476
1.290952
1.015377
0.317088
1.728723
1.311337
2.066767
-0.051392
1.909425
0.952511
-0.107678
2.235526
1.072269
1.992290
1.276047
2.275784
0.784538
0.067999
3.076461
1.078956
1.885045
0.840404
2.779526
0.732042
1.123233
1.342230
0.747490
0.186564
2.643131
1.637511
0.105651
0.700628
0.184751
1.399526
0.876936
-0.162201
-0.101408
-0.286847
1.405304
0.100768
1.497392
1.053409
-0.234318
1.986071
0.838303
2.260935
-0.228022
-0.404124
2.048765
1.576704
-0.531989
0.635147
0.163212
-0.241743
1.616754
0.009154
1.192970
0.797251
0.738766
0.121769
0.030204
3.318638
1.072179
2.272415
0.618270
0.884417
-0.528202
2.368691
1.219917
1.094203
0.242849
1.101708
1.454056
1.938019
1.298849
0.520090
4.176749
3.222397
0.343520
-0.574151
1.656686
1.517896
1.876483
0.957348
1.559574
2.578044
1.908978
0.138123
1.958907
0.463302
-0.676507
2.139692
2.216602
1.276884
-0.994611
1.019437
0.697160
0.922483
0.881897
0.183192
-0.123540
2.688553
-0.643673
-0.091126
0.635080
1.076834
-0.019016
2.510059
0.447930
0.317802
1.970521
2.318290
2.210728
-0.266874
0.088324
1.006070
1.177930
0.375823
-0.652674
2.722731
2.473320
0.237039
0.450301
0.476431
0.565072
-0.305804
0.034167
2.178501
1.141386
0.543016
-1.192203
0.713659
0.876378
1.909666
0.999371
0.005920
1.478567
-0.705742
0.856532
1.723971
2.393199
1.904296
-0.315131
0.008534
0.549305
0.504123
-0.819560
0.155962
2.116600
-0.669392
1.085887
0.013221
1.525637
1.010915
-1.207391
1.496650
0.235105
2.078639
1.415296
0.560913
-0.726090
1.379111
-1.561079
1.635739
1.099622
2.883186
1.727482
2.064269
2.482385
-1.022100
0.280548
1.782182
3.079639
0.185841
0.845516
2.097966
1.565358
0.099139
0.579065
2.020280
0.626556
0.852640
0.292395
0.643599
0.383017
1.252087
1.299687
-0.353360
0.923353
2.047499
-0.959881
0.101464
1.639391
2.122057
1.278712
1.739434
1.294131
0.497610
0.728093
-0.383524
1.518846
1.829565
0.682108
1.212969
-0.150418
0.396452
2.167178
1.324021
0.262826
-1.475982
0.359429
0.740775
-0.404564
-0.226071
1.653524
2.459217
1.259480
0.907705
0.237288
1.432855
3.135835
2.350044
-0.029417
0.120986
-2.089011
-0.032531
1.587127
1.464989
-1.295574
-0.062442
1.705334
1.700556
1.356788
-0.726532
-0.719437
0.467194
2.531124
-0.540745
0.652248
1.550850
0.342855
-0.676728
2.215061
1.881948
-0.926004
-0.035021
1.067234
0.659113
-0.315524
2.764325
2.285544
2.771886
1.576169
0.320943
0.629107
0.174395
1.795810
1.926164
0.301735
2.042289
0.748215
1.294840
1.593239
0.622978
-0.212749
1.910657
0.997828
1.754205
1.660664
0.730822
1.199705
1.087191
0.104455
-0.336184
0.301529
0.872214
-0.776678
-2.090974
1.750568
1.846580
0.389293
0.080677
2.575520
1.389169
0.498999
0.413336
1.586191
3.313265
0.748344
2.122454
-0.316246
0.104654
0.229206
1.398106
2.932282
-0.450021
2.333513
0.710580
1.260981
1.468791
0.884799
0.804320
1.442562
-0.012907
0.517749
-1.615704
1.643437
1.485154
2.123390
2.196077
1.499576
1.381422
1.303027
-0.617359
1.578803
0.958283
1.009653
1.694259
0.575301
1.442842
2.967647
1.052456
2.852377
-0.747030
-0.361623
0.196058
0.532951
1.760218
1.791645
0.690395
0.189071
-0.440359
2.055014
-1.382953
0.807283
1.383538
1.483504
0.093267
3.281847
0.807256
-0.438994
2.324869
1.587608
0.298800
1.724144
1.977037
-0.463756
2.174569
2.457385
2.351703
0.852220
0.462347
-1.182154
1.286540
2.013255
-0.198052
2.507500
2.663252
0.159955
2.013847
0.867269
0.045034
2.676836
-0.317204
3.582237
2.308549
-0.382484
-0.107191
1.140023
-0.530853
2.852508
0.146048
2.081104
0.985739
1.322058
1.921362
1.785849
1.259366
1.569053
1.577384
2.290107
-0.844853
0.167570
0.495245
-0.554911
2.128413
2.063372
1.048036
2.622877
0.177026
0.886524
-1.468223
2.133365
0.264464
0.330512
2.477593
1.865838
1.943379
1.081975
1.400357
0.162570
1.134323
0.285674
1.475210
1.057146
0.252726
-1.274877
0.709272
-1.082985
0.510367
0.795067
3.621406
2.199549
0.699471
0.777283
0.191012
2.567092
-0.192009
0.875390
1.737258
-0.154822
2.101065
1.040055
1.716809
0.794062
0.124494
2.219416
1.059576
-0.082597
2.136074
2.529568
2.049271
0.948971
1.030472
0.460573
-0.241035
0.662993
1.031592
0.837714
2.988762
1.563437
2.577498
2.332663
2.090104
1.577756
2.168153
1.071334
0.928477
1.872473
1.172314
1.546215
1.433797
0.260449
0.632684
2.459708
2.554971
0.461278
1.142972
2.700146
-0.015528
0.386079
2.103846
1.599734
0.724904
-0.785627
0.344309
1.712734
-0.485846
2.358820
0.636785
-0.641468
1.193983
1.867017
1.525335
1.527614
1.098092
1.187187
0.429073
-0.476109
1.193853
1.228295
0.752220
2.293288
1.602797
-0.126653
0.958224
1.979644
-0.344851
0.728505
2.623460
1.895888
1.474255
1.628350
1.213266
-0.941071
2.145574
1.413681
0.738947
2.823112
0.297214
2.669458
-0.638840
0.947139
1.187403
0.395391
0.263838
1.159940
0.619437
0.992298
1.771414
0.433128
1.466693
1.671563
2.009403
0.295903
2.503943
1.904583
0.378313
2.354658
-0.624240
1.624224
-1.444946
1.732621
-0.434938
0.261201
0.956270
1.927096
0.942101
-0.325030
-0.089334
0.520775
-1.616307
3.538616
1.757757
1.497768
0.311449
1.603304
-0.753948
0.042766
1.566978
1.235353
2.252053
1.959102
-0.109566
-0.938491
0.575486
-0.286569
0.261350
2.637046
2.115716
1.847137
0.117116
1.912603
2.651079
1.295010
1.834822
0.402195
0.611117
1.840255
2.368180
2.215517
0.526571
0.229862
0.850470
0.836506
-1.435759
-0.302065
2.764286
1.590190
0.396376
0.590953
1.784010
-1.195512
1.195383
1.784309
0.272092
0.014649
1.011761
3.820226
0.305993
0.571291
1.255271
2.182720
0.312777
0.276548
0.282560
1.117660
0.286080
1.060187
2.046733
1.573568
1.402787
1.479786
-0.131434
1.330552
0.513052
1.571465
1.450018
0.187401
-1.081995
0.143218
0.230762
2.008952
1.302994
-0.115377
2.193145
0.206789
1.518728
0.152935
2.441043
0.324236
1.930836
0.617498
1.728192
-0.813795
1.462181
-0.136846
1.603586
2.333013
1.718707
1.512453
1.673350
-0.659281
1.463751
0.514415
0.771187
0.954654
2.018637
0.543405
-0.907906
1.834983
1.108418
1.975291
2.541436
-0.565295
0.170903
1.948069
1.664343
1.676170
0.477849
2.410066
0.667248
0.932235
1.201816
1.461289
2.259266
2.526820
0.240398
0.284564
0.960582
0.196842
-0.185744
0.152707
0.621398
0.016373
1.288466
-0.969410
1.828318
0.122690
1.404471
1.586943
1.069892
1.138265
0.193720
-0.102677
0.932389
1.680419
-0.015298
0.919642
1.446585
1.980070
0.556697
0.223248
3.248596
0.189834
1.429769
2.393296
0.501847
1.426432
-0.857528
-0.151574
0.281949
0.316223
1.509290
-0.012249
0.814508
-0.372481
-0.231533
1.412338
1.427727
1.220242
1.567866
1.687277
0.068196
2.403426
2.620548
2.447489
1.993641
0.307125
-0.943616
1.664368
2.116689
0.571437
0.265991
0.378091
1.881909
1.313361
1.040166
0.385386
1.223543
-1.333201
0.477772
1.206394
0.012186
0.644542
2.385296
1.191047
-1.110368
2.314884
0.967213
1.034378
-0.064894
1.415472
-0.012207
2.079192
0.405794
0.794591
0.254134
1.267962
0.801738
-0.189312
0.500991
3.006774
1.147013
-0.439140
1.790496
0.418035
1.080995
1.156737
-0.183858
-0.020586
2.859003
1.493323
2.317839
0.878101
2.007362
3.088026
1.497778
0.215348
0.086892
-0.971473
0.641051
-0.238794
-0.376838
3.469123
1.123245
1.816540
0.643001
0.344327
0.804587
2.323660
1.391535
-0.613580
0.129676
0.128094
1.328487
-0.758011
0.224143
2.432219
0.721622
2.276390
1.147902
2.761472
1.549717
1.321089
3.131951
-0.008301
0.831399
-0.464944
1.995575
2.126763
2.380433
-0.978053
0.741614
1.973012
2.005590
1.687321
0.084562
0.530762
1.514491
1.530364
0.030468
0.023815
3.055614
2.941998
1.490196
2.429704
1.388732
-0.535513
2.135429
1.115715
1.022155
3.009958
1.866374
3.727121
1.412330
-0.318827
1.961852
1.169260
0.202831
1.972975
1.573718
4.066935
1.601613
0.487298
2.123453
0.006404
2.293300
2.400687
0.341300
1.863924
0.180007
-0.251630
1.526097
0.603812
2.152827
-0.118963
0.580743
1.913172
0.215540
0.222364
0.915057
-0.879126
1.585077
1.815036
-0.291277
-0.460138
1.812903
1.232330
1.580127
0.027050
2.085914
0.764244
2.231905
1.708077
1.151092
-0.047754
1.342902
0.821376
1.749660
1.032143
0.426587
-0.871163
0.293607
0.055598
1.297877
1.845144
2.343812
1.244999
0.186638
-0.111929
0.897063
1.477224
2.372327
0.118718
0.054165
1.574848
1.711719
-1.016188
-1.251815
1.010380
1.096861
-0.009069
0.478114
1.084185
0.794380
2.127019
-0.490508
1.391035
0.473337
-0.870244
2.607781
1.412831
0.587875
-0.646559
-1.359350
1.511368
0.765287
-0.187536
1.216620
0.373431
0.208355
1.251506
1.013695
1.477661
0.508678
1.378833
1.651126
1.470765
4.225067
0.750522
1.842608
1.840757
-0.369150
0.064024
1.766588
0.579283
-1.857071
0.554102
1.215459
0.292221
2.049168
0.873798
1.733188
-0.161981
0.978124
0.298773
-0.277994
1.132419
1.315030
0.224506
0.566476
2.572531
2.388393
1.627127
1.482638
0.403169
1.788757
1.915053
-0.015412
2.770625
1.280796
0.375637
1.068927
2.002568
1.115258
0.838681
-0.139184
1.159736
0.047907
-0.194991
0.632087
2.711554
1.806487
2.818702
0.882767
0.573666
1.223422
-0.255251
2.639073
-0.155970
1.401591
1.583934
1.287023
3.155716
-0.108309
1.407542
