1000
3.148945
1.372111
3.443725
-0.398542
2.271243
1.492499
1.038695
1.079783
1.942974
0.676643
1.585610
2.189731
1.177238
-0.658053
0.699197
1.734334
-1.277472
2.135344
-0.635249
1.124454
1.486309
3.223476
1.622004
0.795129
1.303673
1.948571
2.891534
0.551170
3.274839
0.702270
-0.228448
-0.249132
2.880544
1.376799
-0.367686
0.825556
0.169647
0.550097
-0.806604
0.410594
2.122674
0.903892
0.726421
1.510482
1.299476
0.477846
-0.380108
2.141168
0.730997
-2.003732
1.935653
1.576655
0.366638
1.453822
0.800051
2.111700
1.224920
1.262319
0.225132
-0.235281
0.778573
0.382467
1.913569
1.538496
2.921438
-0.096097
1.842277
1.182086
1.077618
-1.383747
0.992094
1.966753
1.257594
0.693478
1.767539
1.857577
-0.001325
2.572370
0.521175
3.405436
0.937878
1.724791
1.597761
2.231472
0.685564
0.257203
-0.084101
0.990057
1.557591
0.884478
0.172574
0.867520
-0.250398
0.623375
4.357882
3.230853
-0.846260
3.345776
1.461747
1.989989
2.173331
0.845742
1.621427
2.420856
1.923651
0.982591
1.207539
-0.120653
1.388662
1.387015
1.473126
-1.578792
1.464747
-0.636700
0.301865
1.542704
2.220640
1.456662
0.006269
-0.212244
1.180156
0.395264
0.553345
1.044690
-0.076241
0.962834
0.615322
1.573511
0.999711
0.218543
0.757376
0.916355
1.142992
1.408833
0.646557
-0.538618
0.186357
2.301090
1.967878
1.065442
1.575917
0.470350
0.040235
1.411491
0.198915
1.216606
-0.512698
1.110767
2.112522
-0.229992
1.627880
-0.635792
-0.522654
1.850104
1.656754
0.872304
-0.061762
2.446488
1.209701
0.704633
0.370394
1.690575
2.377966
0.829184
-0.600261
2.385253
1.180098
0.999324
0.662040
2.463369
-0.174575
-0.019248
-0.172192
1.134731
0.823837
1.496314
0.795759
1.983248
0.591606
1.105180
0.300801
0.612620
-0.286548
2.670276
1.791055
0.840209
1.311934
0.909050
1.440989
0.292827
1.049254
3.399764
1.674985
0.200931
0.418601
1.609722
2.902955
0.584171
1.612023
0.230945
1.044989
-0.027069
2.084888
0.732010
0.679862
0.985475
-0.477929
-0.680496
1.444135
2.113121
1.118358
2.716282
0.587338
0.176998
0.461116
2.752539
0.129436
2.516543
1.427534
1.198131
0.963742
1.344354
0.270163
1.007231
1.215642
1.245645
0.317042
2.397986
0.195138
0.088937
0.537677
-0.046820
-0.111134
0.235782
1.563441
-0.595869
1.857985
2.283013
1.805659
0.313260
-0.180600
2.084365
0.278412
1.202455
-0.396744
1.520363
1.427017
1.421468
1.080432
4.006800
1.004017
2.034746
-0.084597
0.601371
1.504930
0.953022
0.339925
1.262556
-0.589091
-0.347881
2.241855
1.322330
1.622928
-0.047203
1.729976
0.181569
1.221938
0.360749
1.368667
0.928784
-0.565371
0.037745
3.079628
0.605411
0.074973
-0.086408
2.132116
2.078878
0.094839
3.553097
1.185419
3.118595
-0.965450
2.511555
2.091483
-0.303599
-0.151989
0.644302
0.763520
2.116712
0.805571
0.446440
1.523544
0.653689
1.264292
-0.530585
0.870595
1.926225
2.108985
1.724836
2.474778
1.198764
0.367234
2.073823
1.351406
-0.260831
0.211422
1.488453
1.272898
0.580526
-0.129791
2.747805
1.184848
1.536557
0.545615
1.112257
2.700119
-0.030107
2.880421
0.495694
2.057929
2.509455
1.453069
1.202999
0.889058
0.960479
0.454283
2.222848
1.012422
2.182053
0.240271
2.037342
1.980221
-0.032313
0.439177
-0.885444
1.218629
0.546885
0.239246
1.745010
0.845971
1.073860
-0.889121
2.186987
0.159085
1.465285
1.089483
1.678791
1.343877
0.339303
1.531321
0.776474
0.936241
2.454862
-1.310547
0.579282
0.050537
2.028382
0.286861
0.889272
2.389898
0.775895
1.072308
3.067937
1.235607
0.552964
1.105753
1.594319
-0.084799
0.061214
-0.354226
0.734657
1.362130
2.379178
0.597517
1.584943
-0.332383
1.214360
1.850163
1.487637
0.017873
0.352500
-0.403757
2.616769
0.763582
-1.716328
-0.378003
3.193727
2.120728
0.523074
0.037058
0.084655
0.114838
0.375050
-0.557151
0.576728
0.670663
0.367866
1.517906
-0.962302
-0.145152
1.045976
0.130046
-0.829306
-0.150066
2.593120
0.441215
0.007345
0.744752
-0.407682
-0.407673
0.357745
0.703767
1.114947
0.979873
1.466976
1.113482
2.011762
0.439556
1.710703
0.842774
2.670183
0.431875
1.491559
-0.341888
1.426513
0.825384
1.475457
0.120289
-0.570936
1.291310
-0.485764
1.423025
0.891925
1.012577
1.724134
1.103869
1.277468
-0.720890
1.218452
0.855101
2.194573
0.553754
1.428520
1.750585
-0.340497
2.809357
0.183605
0.452785
1.393822
3.087901
1.043659
0.849268
2.007808
1.500252
-0.213956
1.199514
0.878877
1.055358
1.210817
1.540809
1.901395
1.200661
1.752162
1.543936
-1.761060
-0.058261
-0.658387
0.002550
0.309630
1.075914
0.028733
-0.056176
0.911020
1.464225
0.074435
-0.054070
2.424666
1.466320
-0.846697
1.611425
0.968666
2.950891
1.294985
0.476445
2.310364
0.689297
0.154133
0.316745
0.689258
3.444580
0.906639
1.209979
0.730773
3.457365
2.075256
2.391313
0.637897
0.507792
1.695871
0.356746
-0.650180
0.794772
-0.894691
1.024130
1.299479
1.195677
2.483807
2.461798
0.511175
0.499604
0.548026
3.242897
0.321339
1.575261
1.000517
0.509352
1.217488
1.104062
1.196958
2.508329
1.582727
1.050800
1.051169
0.669307
0.628775
0.430157
1.109509
2.359482
-0.640756
-0.233181
2.330734
1.155181
-0.501077
-0.393448
2.179335
-2.017657
1.528888
0.607712
0.862238
0.720113
-0.146386
0.223067
2.406936
0.891575
0.400692
0.232825
1.243790
2.461277
-0.465060
1.238767
1.557548
0.720377
0.412671
0.309529
-0.913457
0.271532
1.191239
0.509605
2.266409
2.131154
0.134358
2.195022
0.642261
-0.466960
0.660550
2.250299
0.439307
0.992930
1.258192
2.164680
1.813403
2.704987
1.677836
3.545331
0.881507
0.851133
2.052087
2.324745
0.272134
-0.864027
-0.758444
2.122401
0.948403
0.098583
0.272572
1.782745
0.704025
1.285178
-0.583826
0.976325
0.896354
0.949823
0.266924
-0.410947
0.203298
1.022929
0.331539
1.308726
0.074239
1.119168
1.713482
0.633831
3.660377
3.263917
1.701406
1.632451
1.764329
0.573031
0.742688
0.278145
1.604144
0.010508
0.609307
0.425667
1.952704
0.990225
-0.027973
2.209810
1.590827
0.357343
0.202749
2.515950
0.276963
1.137209
1.509173
1.082825
1.650167
-0.149731
1.773241
-0.302073
0.301484
2.435247
0.387736
2.746465
-0.974291
0.867660
0.966415
-0.005860
0.015311
-0.227468
1.245981
3.146939
0.258162
0.390229
1.022130
0.885544
0.304537
-0.118807
1.366543
2.404831
1.116819
1.851903
2.596628
-1.392670
0.271997
0.392928
-0.350648
0.711941
1.461276
1.953259
1.804875
-0.632174
0.727592
0.615147
2.276916
3.413733
1.612253
2.603020
0.521232
1.089351
0.242017
1.711543
1.087805
1.262349
2.502630
2.282357
1.537822
-0.728625
-0.090961
1.986121
-0.361485
-0.122493
1.046066
0.378059
3.471542
1.085102
1.491585
1.158745
1.067749
2.473222
2.945488
1.744652
-0.706784
2.143456
1.633010
0.048138
-0.266975
0.237321
1.870352
-0.462347
1.303612
1.666540
-0.334055
0.293798
1.300200
1.877970
1.059869
1.189320
0.687003
-0.671211
2.723521
-0.233507
-0.524829
1.550204
1.733038
0.656121
-0.728086
-0.080294
1.963283
0.719497
2.466965
0.717462
2.496531
-0.467954
0.370576
1.672313
1.294817
0.355455
1.165669
2.259510
1.170577
1.329137
1.236111
1.067702
0.353179
1.162489
0.540220
-0.173499
-0.288326
1.336878
2.010520
1.067568
-0.237723
0.772601
-0.376000
0.767441
0.166702
1.977244
1.105492
1.486335
1.561692
0.434489
0.772995
2.543880
0.867372
0.269981
1.493714
0.148960
1.258375
1.836261
2.103918
0.478805
-0.386750
0.717825
0.421419
0.799180
1.939632
2.415004
0.551191
0.277300
2.065598
0.861263
0.909388
0.460300
1.357964
1.540333
0.290217
0.245189
1.393728
0.373173
1.214188
0.421917
0.242965
2.868302
-0.186280
-0.147033
1.602166
1.913557
1.748541
0.424578
-0.085429
1.540811
0.783650
-0.199565
1.086270
1.528254
1.091055
1.513819
0.608002
1.499935
1.336924
1.210196
1.680825
0.333602
1.997233
0.219547
2.528893
1.380401
2.305746
1.216873
-0.018076
-0.118692
-1.224643
-0.468755
2.498848
0.565170
0.494045
2.600386
1.213540
0.668882
2.565309
2.220769
0.560490
1.018775
0.524131
-0.531751
-0.004695
1.654484
2.002322
-1.282649
1.613064
0.267107
-0.197682
0.881013
1.530422
2.083061
1.058015
1.734951
0.048216
1.283303
-0.542314
2.617697
-0.236271
0.097957
0.952378
0.116010
0.287658
-1.670263
-0.118730
2.048856
0.626052
1.982670
0.995226
-0.421800
1.191746
0.895909
-0.761680
-0.059532
0.302108
0.743323
-0.321482
0.907802
2.686729
2.198563
0.340051
1.648847
0.191065
1.585159
0.252818
0.475459
0.233485
3.036565
-0.452239
-0.378551
0.525041
0.555376
1.797555
2.354870
-0.108375
0.863256
2.339610
0.674170
0.564382
2.228617
0.823777
0.007393
-0.136397
1.302799
0.709914
0.834595
-0.381505
1.987044
0.576134
-0.611598
1.139057
-0.237631
2.145013
1.099334
1.673975
-0.082963
1.539109
0.530038
1.148315
2.184002
1.991034
0.499832
0.693558
1.324787
0.536887
0.541454
3.077087
1.159740
0.265338
0.010496
1.153104
0.666218
1.650415
1.576524
1.358991
1.512035
2.178278
0.173994
-0.111013
1.998450
-0.153420
2.133325
0.918069
0.032292
0.781666
1.488250
2.605673
-1.520680
0.909191
0.392473
1.570738
0.145388
1.208698
0.604994
0.187138
1.792452
-0.496449
3.234951
0.269945
0.876996
1.628128
0.949858
0.268008
2.345063
0.504930
-0.840024
1.024784
0.993516
0.501254
1.872024
0.498944
1.627161
0.926758
2.236691
0.071088
0.859550
3.233224
-0.107833
2.155397
1.356276
1.402671
-0.393146
1.972782
0.109554
0.090862
1.467845
1.833140
-1.300227
1.983768
-0.196074
0.276830
3.705200
2.424869
2.104895
0.392318
0.156705
0.435995
-0.424414
0.662633
2.460756
1.884773
0.115948
1.595659
-0.479043
2.338750
2.225190
-0.463707
1.251592
1.287400
1.221210
1.930550
0.666272
0.893550
1.730124
-0.715684
