1000
0.634393
0.224952
1.937208
0.160958
3.272512
1.137752
2.861879
0.582038
1.617553
1.458730
1.948204
1.174743
-0.699061
0.801947
0.980181
-0.220024
0.856011
1.868085
1.520114
1.651488
1.724585
0.955459
2.441506
2.319189
2.092986
0.840577
-0.054091
0.950310
1.136482
-0.567803
-0.891237
1.890233
-0.973685
0.157974
0.386338
1.307776
2.396250
0.366367
3.331460
1.643413
1.150757
0.306416
0.750656
-0.166606
0.920683
1.522701
-0.534923
1.500014
1.016668
1.712312
-0.505953
-0.024189
0.501405
0.857371
0.061297
0.920668
0.960057
1.398956
1.156194
1.929967
0.875433
1.696265
0.120825
-0.060986
2.675462
4.694066
3.327903
2.010393
1.516430
1.704413
1.067995
0.562838
1.031456
1.675426
2.075953
3.200270
1.383484
1.247706
2.477046
0.965572
0.742138
0.546640
-1.396782
0.848143
3.115203
1.181994
-0.201561
1.830058
1.488295
1.355882
0.942889
1.643606
1.181717
0.050676
1.806851
1.265930
1.328633
-0.845350
-1.246865
2.087436
1.143104
1.114642
-0.087465
0.563397
1.881969
2.698004
1.133195
2.799060
0.540980
-1.865795
1.435550
2.515860
0.275394
1.628616
0.976618
2.455875
2.209528
0.292843
0.378306
0.160349
1.062706
-0.432548
3.537237
-0.323348
1.774686
1.828745
0.337393
0.481841
0.501840
2.182469
1.762698
2.269210
1.394580
2.220107
1.970615
1.452376
0.682621
1.212577
0.817124
0.814853
4.085997
0.207935
0.594508
0.809974
0.855317
2.815298
2.655722
0.550924
1.479573
2.921658
0.766822
0.667600
2.437187
-0.557247
3.181491
0.100201
1.679379
1.884335
0.637278
1.121181
-0.011003
1.938306
0.504101
-0.819194
1.600147
1.222838
1.051199
1.719098
0.251871
2.185053
1.042580
0.577747
1.524698
2.110656
0.328594
-0.775038
1.226842
0.876602
1.378040
0.316521
0.282593
1.111325
-0.132001
-0.114654
1.867792
0.347203
3.116904
0.748815
0.373141
2.220955
1.881320
0.512489
1.509881
2.161194
2.196873
1.464339
1.703814
-0.192563
0.070168
0.571893
-0.333034
0.954502
-0.824691
1.172080
0.670888
-0.874473
2.762444
0.552268
0.178908
1.124598
0.494428
0.557355
2.667201
0.055742
-0.232020
0.939891
2.344070
1.063096
0.375550
-0.205777
1.496403
0.061916
0.747238
1.205917
1.678746
1.654451
-1.049646
-0.041142
0.339444
-0.082213
1.870037
0.955602
1.895719
1.669425
-0.153684
2.127800
2.133086
0.717597
1.167254
2.745494
-0.563872
1.482342
0.868690
2.648226
0.390547
0.367101
0.276141
2.423498
-0.450865
1.260267
2.890275
0.714587
0.400880
1.190950
0.952427
-0.934611
-0.817026
1.488111
0.006142
-0.205400
0.256012
1.048235
2.311651
-0.248317
1.711618
2.568534
1.369376
0.606841
2.358361
1.002904
1.409911
1.287350
0.546610
1.893123
1.160615
1.159195
-0.231266
1.855429
-0.034703
-0.033502
2.624888
-0.798196
0.186267
-0.528756
0.354769
1.536836
1.614296
-0.231971
1.721699
1.737058
2.240973
2.952567
1.093056
2.142493
1.999450
1.452128
0.818796
1.448351
0.311979
1.583829
0.947270
1.386510
3.264123
0.438437
-1.137506
2.215398
0.753432
1.296293
-0.445086
1.481327
1.056718
0.585068
1.182125
-0.657165
-0.030131
-0.268527
2.035564
2.097368
3.136418
0.438168
0.059342
-0.384101
2.171348
-0.325343
0.042303
0.771105
-0.109648
1.238202
0.739997
1.579806
0.954799
1.560452
1.403006
1.892318
1.806050
2.272618
1.131485
2.455473
0.043144
2.309479
-1.087664
1.720423
-0.752181
2.710350
2.331961
1.498932
2.788090
0.442020
1.765335
2.263993
2.318107
1.607172
0.635046
1.419990
1.555466
0.621311
-0.131114
0.975327
0.288516
-1.178433
1.725195
1.919250
3.022182
-0.025532
0.530359
-0.071133
2.358572
-0.361916
-0.777119
0.838347
1.074547
0.446544
0.385789
0.343509
-0.001844
-0.032322
2.044344
0.165484
2.048854
0.217142
0.593685
0.023212
-1.214789
1.134881
-0.051358
1.535728
0.847070
0.412597
3.183978
1.936704
-0.003731
1.255014
1.127830
0.515292
1.558922
0.989861
1.117170
0.479694
-0.306692
1.983738
1.941170
0.686998
2.755336
1.128820
0.791598
1.227098
0.474807
1.513781
0.556874
1.906719
-1.764629
1.266452
0.290791
1.419053
0.581208
1.716125
1.701086
0.931863
-0.408938
0.886944
-0.835004
-0.092395
1.463136
3.396505
1.091247
0.051458
-0.297531
1.921049
1.959232
2.355645
0.420185
1.702196
1.598873
1.875119
1.475743
0.834439
0.536776
1.660753
-0.061746
1.077477
0.218263
1.133698
1.360911
1.655968
1.428109
-0.035125
1.525260
1.625186
-0.807000
0.611674
0.349048
1.036147
0.222466
2.153299
1.871964
-0.044255
0.608410
2.133215
4.589454
1.282721
1.585200
0.544969
1.499254
1.100601
1.346267
-0.248811
0.133171
-0.075997
1.360557
-0.420640
-0.267741
2.163206
1.111773
1.305664
1.759299
0.422477
-0.037561
2.070009
-0.337821
1.158294
1.183636
1.328347
-1.018432
1.385999
-0.254392
1.668778
-0.397793
3.047149
1.796624
0.480770
-0.806051
1.880402
2.826255
1.479665
0.050824
1.029816
0.277302
1.538456
0.856097
0.102807
-0.103172
1.592478
0.664804
1.849010
0.721122
-0.243035
-0.018513
-1.250115
-0.027778
1.341819
1.266939
0.279275
1.725035
1.621723
2.922307
-0.364686
1.349387
-1.289655
-0.589393
1.501040
0.764945
1.944181
1.500093
1.537737
0.835481
1.496305
0.850387
0.371439
1.333519
0.954644
2.343977
0.076220
0.457053
-0.947782
-0.517818
0.767129
2.955385
1.431045
2.846673
-0.329528
0.809779
0.979414
1.388153
0.534796
0.866288
2.394138
0.032736
-0.068025
0.960997
-0.769050
1.959449
-0.530802
0.935295
1.357111
1.053668
-0.058807
2.204016
2.758366
0.112960
2.044498
1.646089
-1.004300
2.750890
1.618090
0.419853
0.906250
-0.304445
0.989630
1.138114
1.762845
-0.578204
2.377876
-0.237758
0.607350
-0.444132
0.676461
0.382928
0.739180
2.292102
0.160126
1.719990
-0.304251
0.486621
0.297376
-0.559418
0.879732
1.566987
0.664202
1.715813
-0.819635
1.455882
0.948092
-1.151059
2.697179
0.881418
1.559024
2.205471
-0.025742
1.883970
0.547520
1.529864
3.159383
0.252006
0.446888
0.102051
0.921789
0.099755
-0.156663
0.411402
1.939715
1.380092
1.829145
-0.708444
-0.401942
1.901738
2.449442
1.333125
0.803778
2.041910
1.099624
-0.650818
0.968181
0.232267
1.011021
1.246111
0.963797
0.495250
0.241857
1.367729
2.064023
2.580701
0.759684
2.701208
2.182206
1.540269
0.435738
0.543177
-0.819540
2.588882
1.305538
0.326004
1.565706
0.310399
-0.143830
2.568353
0.178139
1.076239
-0.430466
1.056977
-0.262452
-0.754695
0.823683
0.929993
0.221078
0.274609
-1.095726
0.994536
-0.425146
-0.367129
0.123710
1.625229
0.734245
2.550152
-0.272290
-0.704276
-0.443836
0.772428
0.717503
0.758060
1.179872
2.011741
0.893073
0.379160
1.275327
0.234724
-0.539759
1.236970
-0.596901
1.445959
1.606184
0.646693
0.700147
2.707240
2.174551
1.682723
0.368309
0.635186
1.432165
1.792510
-0.057100
1.566841
0.863774
1.961625
1.253627
1.972140
-0.213728
3.724157
0.594777
-0.648912
1.137085
1.112610
0.168996
1.063534
1.732825
1.095951
1.377800
1.443642
-0.001201
2.030207
1.107296
0.177584
0.874126
0.432887
0.566080
1.763296
1.178874
0.510892
1.943471
-0.050888
1.924834
2.928392
2.738940
0.814895
2.116931
0.521730
0.759745
0.095352
1.714180
1.841610
-1.115230
3.368866
-0.553026
1.258103
2.519085
1.098833
0.862655
1.387569
2.006193
-0.111269
1.112320
1.093342
1.083030
1.825619
3.316338
1.081756
-0.304213
0.761042
2.040720
0.027268
0.962799
-0.163834
2.834002
-1.683106
0.834248
1.667499
1.657283
0.158190
0.384255
1.150906
0.520377
1.690590
1.138298
0.558387
1.229785
0.501024
0.877735
0.740755
1.239706
0.581923
0.913286
1.796889
0.129726
0.549323
0.348235
-0.121899
-1.006215
1.060324
0.069782
0.661864
2.460224
-2.147826
0.782678
1.405812
2.245151
0.631339
3.254155
1.383813
0.485178
0.945538
2.245503
1.352853
2.432243
3.077438
2.985939
0.474433
2.799605
1.872134
0.866581
2.092657
1.564829
0.959781
1.281783
1.639522
1.096799
-0.587727
0.903166
1.818971
-1.230972
1.340687
1.795146
0.709550
-0.138340
1.213517
2.243835
0.498366
0.484988
-0.035221
0.403846
1.885237
1.003387
0.923391
-1.316441
0.814693
0.427816
1.216499
1.868274
1.434742
1.282340
0.398328
2.029879
-0.275558
0.737551
0.563175
1.138189
1.269701
0.483829
0.192509
0.531609
0.207784
1.883290
0.109386
-0.318811
1.651548
1.498386
2.811659
-0.141075
0.333702
-0.303723
1.041149
1.522528
0.789714
0.095644
0.687493
1.270656
1.668983
-0.070018
1.444424
2.696880
1.473797
2.564084
1.960956
2.875355
1.512995
1.635251
1.829756
-0.148686
0.001997
0.292347
0.903150
0.882279
3.064253
1.424202
0.389022
-0.708080
0.388425
0.156593
1.555059
1.760991
1.418625
2.553869
0.726542
2.206650
0.363981
2.203957
1.467827
1.270458
1.372609
1.199693
3.729958
0.422037
2.017525
2.891082
1.660100
0.118744
0.355732
0.310161
0.462408
3.293639
0.217414
0.493539
-0.104096
3.060188
0.035356
1.507417
1.809048
0.642439
1.879092
-0.165617
1.587924
2.545591
1.804486
1.086860
-0.327562
-1.262387
1.078411
3.416572
0.147505
1.124403
0.757498
2.135228
-1.020162
1.740199
1.444040
2.876521
1.371460
1.826859
2.504937
0.493079
-0.617268
0.068154
1.961688
1.007172
1.859906
1.719529
0.538795
2.539855
-1.367622
-0.720735
0.155676
-0.014106
1.323773
0.862317
4.698862
1.948448
1.710356
0.016377
-0.831600
1.424100
0.978526
0.482758
-0.208617
3.773776
0.950155
2.534049
0.448693
0.524670
0.076231
0.411482
1.634496
1.301828
2.064143
2.101370
1.066974
0.735796
1.867112
0.286053
1.196616
0.047288
1.380210
1.860855
-1.681929
0.989797
2.615236
0.440522
0.487776
1.086085
0.366044
0.748161
-0.215713
0.558760
1.848345
0.326768
2.890905
-0.176206
1.207980
1.212859
-1.717040
1.717353
-0.582192
2.234361
-0.005655
1.474211
1.036513
0.303751
0.556071
0.808664
0.322245
2.705087
1.412577
0.838648
