1000
0.394795
1.403718
2.067952
1.961412
3.222877
0.816813
0.351695
0.252416
0.327179
2.000637
1.846321
1.595388
0.643113
1.141796
1.367150
1.063800
0.463512
2.083828
2.535726
1.731918
0.484379
-0.471303
1.299710
0.665147
-0.462878
1.556578
0.961454
0.900035
1.835335
1.284513
1.733045
1.440902
1.708234
0.957644
1.096418
3.079927
0.153490
0.284647
0.377222
1.315001
-0.096354
-0.193240
0.262359
1.505765
1.353076
1.496902
1.940642
0.241109
2.208735
0.780737
2.893711
1.127807
0.153307
2.237930
1.129808
1.346849
1.789208
1.929658
1.522953
0.811791
0.320182
1.825196
1.204133
-0.672067
-0.535298
1.852668
0.711826
1.204802
1.178470
1.581778
1.233310
2.178715
2.169724
1.098627
-0.012834
2.394125
1.416411
5.127825
0.314432
-1.128697
-1.907482
1.274563
1.507689
1.019205
0.513384
-0.486734
2.956317
1.499052
1.319164
0.507150
-0.300101
-0.018824
0.627324
-1.479462
1.733942
1.624709
2.360857
0.198376
-0.541366
0.858294
0.843093
-0.938802
1.528763
2.436138
2.023611
1.305369
1.870788
0.775533
2.054770
0.143779
2.524172
2.442661
1.816128
1.005265
2.290340
0.423403
1.967661
0.560960
1.098518
0.925733
1.809117
-0.280980
-0.269960
-0.606954
0.136185
-1.227998
-0.267605
2.042020
-0.203680
1.875086
1.220766
1.340302
0.507591
-0.053195
0.396773
2.214605
0.786348
1.376238
1.926394
-0.630367
-0.192122
0.217256
1.327613
0.195087
1.520572
2.253184
0.567861
0.949230
-0.697265
2.347939
0.910867
1.624564
0.977467
0.512012
0.814606
0.337702
-0.833548
1.345392
1.084232
-0.054358
0.581774
1.540640
1.231044
0.499485
0.638212
1.107698
0.771440
-2.464651
0.388650
1.616501
1.868249
1.155512
1.300572
1.347755
1.064523
0.367040
0.052738
2.605942
-0.309246
0.825856
-1.057893
1.065413
1.641840
-0.750890
-0.428725
1.262244
3.144122
-0.141532
1.160204
3.413434
1.445189
-0.018951
2.050383
0.472458
1.918282
1.131663
0.827848
1.620839
1.082567
-0.393220
0.515412
0.554125
0.080363
0.320499
2.341255
0.861823
0.449782
-0.063341
0.458830
1.210702
1.753139
0.045524
0.527465
1.014800
0.943259
0.530557
0.498231
1.954174
-0.587569
0.066118
-1.072811
0.523893
3.065620
-0.049164
-0.389415
0.037931
1.346700
2.278286
1.451383
1.096827
0.763073
0.951311
0.348977
-0.679058
0.666779
0.503627
0.897203
1.451540
1.758987
0.133843
1.653536
2.383424
1.427116
2.208624
1.087512
2.494164
1.692441
0.015178
0.986888
1.584575
2.032665
1.472222
0.623447
1.254887
1.034051
2.760301
1.117163
0.514758
-0.458139
2.912646
0.919616
1.512468
1.100377
0.951635
1.716800
1.559666
1.472939
-0.036461
-0.473507
1.758059
2.545072
2.273852
1.234588
0.401982
1.314088
0.835475
1.643215
0.980114
0.832225
0.603136
0.857658
-0.331467
-0.483365
0.101523
3.015708
3.068180
1.472654
-0.745941
1.430063
-0.476315
0.450371
0.281708
0.106739
-0.226004
0.614627
0.485882
1.879394
0.002836
3.430681
2.222877
1.251837
0.856831
1.760364
2.248145
0.019119
1.407162
0.392439
2.266450
0.154465
1.626916
2.321492
1.557140
0.340978
-0.859770
-0.568843
2.297910
2.915192
0.569058
-0.021082
0.548695
0.332193
1.077176
1.091137
0.297945
2.831572
0.879666
2.099120
0.172924
0.455068
-0.709702
-0.013618
1.577217
0.795638
0.971528
1.038092
-0.429166
-0.306228
1.080136
0.381897
2.478662
3.509647
2.527240
2.717822
0.851522
-0.346348
0.959243
1.408622
0.771662
0.397544
1.120031
1.864886
-0.649750
-0.062359
-0.252260
2.569250
2.946781
0.774794
2.634338
1.211874
1.021421
0.183796
-0.703719
0.653162
2.175422
-0.239877
1.806870
1.472966
1.855271
0.006984
1.588994
1.911687
0.889431
-0.120126
0.983120
-0.117677
1.071265
1.357911
-0.770176
1.123514
1.446221
-0.588717
1.715363
0.972403
2.379240
1.278217
-0.062029
1.536418
0.308522
0.905334
0.922414
0.158848
1.846060
0.680083
1.643352
0.086225
0.583259
0.000242
2.089348
0.489169
0.586810
0.621416
0.226478
1.440404
1.580401
0.680974
1.254018
0.049525
0.454981
2.233853
0.616000
1.617540
0.738287
0.264934
0.711833
0.373180
-0.365511
0.365145
0.606003
1.399438
2.765444
2.509481
0.940061
1.007502
0.048691
1.503012
-0.083416
1.732128
0.286035
0.818457
0.363093
-0.411495
-0.960731
0.499714
3.472205
1.265348
0.372238
0.502948
1.471738
0.505193
1.652165
1.478756
-1.238674
1.285672
-0.733549
1.767194
0.606836
1.670540
-0.327554
0.000730
-0.777030
1.915377
-0.446943
0.823963
1.355389
0.968855
0.205678
0.469463
-0.981960
0.731383
1.331464
0.858661
1.619142
0.947970
0.332347
0.068822
1.131515
-0.157955
2.943763
0.666981
0.934183
2.686909
-0.989428
1.185416
1.708914
0.153585
2.728667
-0.133597
0.966938
1.398285
0.513068
0.194013
1.983978
0.134915
0.740016
2.631032
-0.442098
0.617772
-0.104090
0.380496
0.976882
1.252065
0.244512
0.125071
1.482415
0.552754
0.003719
2.161103
2.098599
1.399322
0.040403
0.618249
1.216096
0.898967
0.111184
0.228619
-0.720268
0.535611
1.682172
1.389703
3.590448
-0.798080
0.834353
1.149921
3.364623
-0.736668
0.921433
0.640335
1.072538
1.700325
-0.070111
0.685421
-0.026174
3.287450
0.127367
1.819141
0.482022
1.385937
0.675725
0.301790
1.276726
1.594160
2.460698
2.214786
2.023617
-0.222662
0.315543
0.718596
0.694883
0.629123
1.448968
0.626713
0.567192
2.591128
0.697582
2.253988
0.715747
0.547169
0.160986
1.594963
1.046232
0.340209
0.191548
2.808288
2.285140
-0.258188
0.928703
1.674206
1.414960
0.682964
2.524572
2.097407
2.048704
2.787290
1.385251
0.808659
0.423975
0.536423
0.393570
-0.925875
1.209752
1.480618
0.127793
2.441222
-0.900836
0.086870
2.391995
1.692656
1.412341
1.999450
1.460285
1.074962
1.812136
1.850611
0.901382
-0.409715
0.797094
1.150032
0.478014
2.319494
0.590544
2.428503
1.359270
0.874060
1.495288
0.627336
1.151548
-0.306290
0.489162
-0.058036
3.883790
0.059900
-0.316660
2.868800
2.016497
1.187153
0.715674
-0.487715
1.857554
0.069382
2.740317
1.921516
0.398855
1.142561
-1.768799
0.572567
-0.583065
0.717505
-0.915631
-0.109109
0.702820
1.081167
1.596746
3.018624
2.394050
0.656827
0.151350
0.844163
1.820878
1.330202
0.524047
0.084995
-0.207872
0.825297
-0.406666
0.003057
1.558368
1.444994
0.048233
-0.550942
0.528549
0.222964
0.504829
1.255838
3.315924
1.046096
2.471876
2.915129
-0.664187
-0.153205
-0.494249
1.519416
1.152229
-0.141911
1.902689
-0.255014
1.945979
0.664842
-0.270569
-0.195506
1.454528
2.146026
-0.345715
1.909764
1.803205
4.168939
0.700709
1.311140
1.851163
1.822592
0.084725
1.859487
0.641585
1.728813
3.949140
-0.034274
1.293594
-0.247337
1.429429
1.850550
3.822969
1.975445
1.145059
1.581991
1.557657
-0.139656
2.951505
1.333166
1.708354
-0.878861
1.908332
1.059057
1.326476
-0.070522
0.792622
-0.999778
0.565224
0.390856
2.047047
1.630332
0.678971
0.468688
0.169557
0.778109
2.110154
1.101941
0.074442
2.230867
-0.155851
2.063428
1.272400
0.372547
-0.988054
0.817456
0.357832
1.523040
1.530135
0.594954
-0.209269
1.472947
0.950988
0.876310
1.024076
0.348702
0.202682
1.496904
-0.778769
0.495070
0.025496
-1.382855
-0.001598
0.628384
0.254120
0.982216
1.440787
0.777003
1.666417
0.459848
2.715898
-0.056667
1.409653
0.527390
0.680435
-0.346225
-0.520829
0.977705
2.414730
0.437820
1.726224
1.919268
0.768985
-0.028367
0.017858
0.270146
-0.030115
-0.260582
0.313872
0.679251
0.929354
1.260786
1.010714
2.281113
2.322250
1.387930
1.714510
2.945418
1.167810
1.952945
2.552785
0.841330
0.472165
-0.433232
2.344134
1.615209
0.461124
-0.490915
1.473959
1.478612
2.195476
1.366174
2.672739
2.478319
2.085416
0.140002
2.035219
-0.262086
3.147499
0.353429
1.184972
1.639069
0.315009
0.313581
1.173902
0.785990
0.569120
2.423971
1.905960
-0.499539
1.056933
1.615184
-0.594196
1.363100
3.108108
0.116496
-0.141305
0.702377
0.938672
2.152898
1.237194
-1.590880
1.565984
0.436756
0.968595
1.669091
-1.075112
-1.037406
-0.906849
0.236155
2.653850
1.351223
0.563734
1.528480
-0.087674
0.844868
-0.587204
2.025818
0.708549
1.364767
0.370327
-0.460683
1.607240
1.339156
1.235992
0.826678
-0.310021
1.343376
-1.275177
0.420908
1.602906
0.545450
0.367958
-0.977017
1.964485
-0.011961
2.154401
2.002275
1.077773
1.621272
2.518223
1.844111
-1.726357
0.434761
1.752759
2.263492
1.107061
2.274819
2.280788
1.173419
2.146043
1.507593
0.699659
-0.256325
-1.575223
1.048451
0.919771
1.109880
2.777601
0.868230
1.806810
0.444220
-0.134765
-0.973693
1.914452
0.321346
0.902137
-0.119551
0.147397
1.316009
0.099872
1.148075
0.752343
0.289235
0.459885
2.180023
0.473400
0.988799
0.882545
1.518492
2.117856
1.718370
1.488990
-0.137843
0.308609
1.621175
0.050462
1.461193
1.328562
0.262232
0.990668
0.799603
-0.448891
-0.644076
1.731535
1.941536
1.384687
2.590045
1.818605
0.606726
2.009630
0.545506
0.638145
-0.917754
0.924727
0.851787
0.085719
1.331313
0.882535
1.890550
0.328435
-0.234905
0.172482
2.558247
1.116959
1.846521
1.364606
-0.470744
0.526079
2.122602
0.280411
2.716903
2.184012
0.948923
1.964955
1.124189
0.166141
1.032516
0.201086
0.509319
2.592363
2.134620
0.082124
0.695181
1.960078
1.327053
0.288398
0.720833
0.497915
0.400471
-0.724732
1.233464
1.838968
1.057164
2.095717
1.186955
-0.698444
1.853942
1.436400
1.135088
2.199172
0.766136
1.012487
0.932360
0.114975
1.330322
1.836159
1.889901
2.673042
-0.315697
0.670552
0.203472
-0.367782
1.085776
0.732483
0.616169
0.807965
-0.934818
1.704609
0.775200
0.700477
0.982454
0.270620
2.267633
1.230063
0.662029
1.701066
1.108958
1.452271
0.003417
2.680019
2.441155
-0.249428
0.235443
-0.110990
1.210874
0.399986
1.315248
0.746543
0.871197
1.431777
1.378043
0.510922
