1000
2.689016
1.897855
1.443366
2.185567
-0.019716
0.727086
2.079180
1.389675
-0.317158
2.334045
1.714052
2.071731
1.057357
0.864097
1.168896
2.426379
-0.743765
0.231867
1.426489
-0.106212
1.244161
2.115200
0.797193
1.047965
0.182594
0.875376
1.720933
-0.430209
1.787399
0.563542
0.558406
2.082685
0.788956
-1.745724
-0.045373
2.300917
0.090071
1.682250
0.802616
0.870973
1.415037
0.524701
1.145172
0.693083
-0.052676
2.580959
0.323735
2.133260
0.457194
0.701025
-0.079789
1.098607
0.657976
1.617366
-0.060285
0.252034
0.053593
1.270389
2.077323
1.342799
0.572859
0.715255
-0.596333
1.381292
0.633017
1.300266
0.290090
0.648539
2.174583
0.895843
0.490277
1.104747
-0.434739
1.159538
2.729619
2.741845
2.642029
2.259301
-0.737948
0.540613
0.839169
-0.209508
0.131320
0.750741
0.130804
1.256843
2.141351
-0.231415
-0.729567
-0.046144
0.416962
0.511566
1.543051
-0.232740
1.525845
2.248415
1.664205
0.650206
-0.374670
1.328865
1.894560
0.519459
0.198802
0.951668
1.001238
1.235767
-0.543850
3.155187
2.583229
2.319295
2.203483
2.265144
1.753123
2.796599
1.015158
0.751977
1.422190
2.438050
1.557851
2.765841
1.155465
2.164897
0.233149
-0.099290
2.111608
0.589838
0.756143
0.248008
1.901636
0.245240
1.784424
0.807563
2.026697
0.317529
1.526094
3.402085
0.097203
1.258235
0.525433
0.384681
0.443534
2.206188
1.835739
1.575299
0.893692
-0.166213
1.915474
2.527793
1.331290
0.024514
-0.430297
-0.223964
1.532121
1.173838
2.651773
3.232021
0.113364
1.325842
1.060155
1.588812
1.251988
1.745625
0.420750
-0.167070
1.869043
-0.137067
-0.183039
1.306390
1.980851
0.680966
1.274150
0.457760
2.019977
1.403539
0.336640
0.978159
0.939310
-0.245052
-0.031406
0.157910
0.956630
0.428224
1.690035
0.429102
2.740134
0.662549
0.713755
1.871239
0.603928
3.100737
1.446238
1.921105
0.860548
1.473599
0.790412
0.701536
0.133547
0.122599
1.627443
-0.872381
0.441552
1.507553
-1.655687
2.495903
0.992181
1.455531
-0.217502
-0.214787
1.152297
0.253297
0.286108
1.236707
1.520802
-0.049131
0.622545
2.017718
-0.107545
0.198563
0.227774
1.205325
1.381625
2.290059
2.691151
1.149648
0.689296
1.316888
1.741054
1.023334
1.392971
1.103419
0.094543
0.438113
0.081438
1.528966
2.761572
-0.844145
0.724636
-0.001628
0.110751
2.052971
-0.527624
-0.253160
1.490161
2.269199
-1.190983
1.257329
2.542517
-0.946101
0.778402
1.199957
1.162549
2.725975
0.999078
1.173012
0.133301
0.514202
1.367381
1.428115
0.544339
1.348707
0.870585
0.273782
0.863295
1.476902
-0.225956
-1.142139
0.733797
0.776148
1.881428
0.743659
0.558623
1.542542
1.401511
2.615844
1.294380
0.512470
1.235605
0.862577
1.293346
1.213192
1.526053
1.221562
0.456568
0.493547
2.253818
1.216514
1.839863
2.018420
1.727052
1.468135
0.903322
2.457099
2.238862
-0.454963
2.322921
1.801216
1.188684
-0.898008
1.051731
1.451751
1.727027
0.990537
1.125482
2.133909
0.262944
1.599658
0.648984
-0.123641
2.021939
1.258584
1.021806
2.564693
0.296869
-0.021755
2.850221
2.613171
0.566596
-0.929291
-0.979790
0.029266
0.868061
3.174791
2.410581
1.064070
1.087394
0.666960
1.192717
1.512099
4.000244
2.130471
-1.115083
0.554454
0.300595
0.488311
2.916919
1.836611
0.164864
0.917691
1.834829
0.959953
0.655762
0.793382
1.528460
-0.519957
1.303733
1.973103
2.316077
1.468370
1.330760
1.636117
0.268804
-0.050866
1.285208
1.438781
2.235884
1.010570
1.768864
1.713122
2.093611
1.582240
1.465597
-0.298343
0.059694
2.118997
2.708103
0.297659
0.987976
1.298761
0.857437
0.997208
-0.886888
1.044102
0.973867
-0.922711
-1.265729
1.051150
0.556072
0.335913
1.539871
0.467813
1.118145
1.203280
1.546077
1.741056
0.400490
0.630552
1.265680
2.002384
-0.998010
1.113711
-0.331734
-0.316578
1.460413
0.544222
3.428988
0.682646
0.011392
2.025108
2.374941
3.129276
0.854365
1.563508
0.757691
1.332946
1.143077
0.328277
2.276554
-0.338945
-0.875651
0.944592
0.764668
0.050948
1.425062
1.791655
1.801001
1.885646
-1.636542
1.577092
0.656862
1.583365
1.435661
0.949320
1.495503
1.825863
0.381556
1.695944
1.740481
0.399017
-0.208879
0.035294
2.957541
0.872832
1.125023
3.525099
-1.484320
1.507317
0.249123
0.473916
2.092350
2.375410
2.893939
0.680488
1.233335
0.985692
0.129335
1.964095
0.163491
0.735518
0.875349
1.054653
1.588330
1.392143
-0.734223
1.306518
1.380446
-0.549829
2.664283
1.637795
1.145576
1.633430
2.514064
1.519629
-0.386418
3.198329
1.510175
1.545008
0.454539
1.292416
0.494102
-0.540814
0.809106
1.054980
0.822580
1.838506
1.082131
0.813277
2.667417
0.451008
1.607292
-0.219954
0.384170
0.892555
1.449967
0.599048
1.822672
0.791040
0.669825
-0.248366
1.820982
-0.110669
2.281286
0.880865
0.697718
0.164108
1.525658
0.050595
0.888992
1.349813
0.848170
-0.976331
1.052641
1.761411
1.740065
0.443718
-0.514955
2.477476
-0.301233
1.202480
0.588204
2.140947
1.083775
-0.511367
-0.515454
1.141807
1.113090
0.639407
0.576141
1.518332
1.913100
0.069500
-0.249634
0.772136
0.364299
1.361849
-1.005898
1.124938
2.263173
-2.085915
0.429366
1.307899
1.204929
0.308828
1.315725
1.972404
-0.021291
0.958084
0.645986
2.093648
-0.457777
-0.173911
1.652510
-1.011454
1.344928
-1.292008
1.250756
0.732375
1.599202
1.958004
1.058957
0.912535
1.362646
0.418588
0.798328
0.061722
2.066765
-0.633877
2.019156
-0.798704
1.359339
1.068986
2.438155
1.233986
2.309982
0.158487
-0.280397
3.187682
1.414071
1.099003
2.531840
0.436430
1.382909
0.563263
2.571100
0.685608
0.644932
1.808604
2.137713
0.840772
3.127585
2.294216
0.806806
0.817232
0.751665
2.388008
1.711106
1.991076
0.687726
0.744502
1.442682
-0.319699
1.195226
1.287688
0.244415
1.288861
2.973689
-0.064056
3.136535
0.930052
0.312541
-0.401693
1.165900
0.451546
2.174740
0.225398
1.489616
-0.254967
0.287793
0.999461
3.213695
0.990141
0.964570
0.110778
1.788503
2.127654
1.293143
-0.453031
-0.193856
0.942364
2.243512
0.929053
0.626002
0.884601
-0.073581
1.328426
1.102745
0.774950
2.455305
1.510162
0.962504
1.935368
0.236999
0.790246
2.674942
1.437053
1.634043
0.981807
0.768141
1.069055
2.613313
0.929142
-0.084321
0.844590
-0.894259
1.001705
1.223881
1.988360
1.039718
0.615918
-0.524993
-0.677717
2.158643
0.378916
1.946974
1.236519
2.369936
0.782103
2.731479
0.649192
1.518593
1.003350
2.153197
0.652907
-0.012095
1.029827
-0.045681
1.077537
0.140929
1.043278
1.508134
2.690970
1.047014
-0.808533
0.620755
0.461490
0.870209
2.197845
1.992419
-0.501033
0.042928
-0.538041
1.052914
-0.706381
1.933838
0.488309
1.571726
1.342984
1.131950
1.616094
2.071469
1.746176
0.652660
0.567542
0.680850
1.277854
1.559181
1.429662
-0.338356
0.229295
0.708479
0.658259
2.503292
1.299085
0.547807
0.284591
2.963938
1.061704
2.272393
1.033704
2.962000
1.668480
0.629934
0.778836
1.115554
2.146498
1.962950
0.270534
0.520029
0.704799
0.875060
0.416730
0.685734
1.273631
0.046029
-0.188529
0.930131
0.591405
2.749134
1.076663
-0.590218
2.156126
0.442613
1.606054
1.083694
1.262796
2.536850
2.166206
1.750173
0.435093
1.038542
1.076669
0.242579
2.114401
2.230782
0.518673
2.074631
1.275603
0.339689
0.026743
2.636697
0.784590
2.365602
1.152865
1.172041
-0.019804
0.751230
0.723409
-0.072610
-0.697297
0.065292
2.500371
0.482273
1.640929
2.056189
0.845929
1.756895
1.437043
0.295168
0.529724
1.732421
1.867798
0.536094
-0.024671
2.112119
1.278845
2.131852
-0.079364
2.928673
0.933683
-0.230029
0.554294
1.311946
2.413263
0.489529
1.511569
-0.210016
0.920038
0.988136
1.702733
2.311680
1.071075
0.080787
0.821231
0.394536
1.341241
1.181408
1.465082
0.922627
1.218720
0.188407
-0.113039
0.672909
-0.653740
0.582931
-0.348110
2.357323
0.674003
0.218275
1.164215
-0.176266
2.669335
1.577068
3.535755
2.445943
-0.701696
0.478216
1.585672
0.388475
1.795773
1.128422
1.018549
2.052792
0.806244
1.004717
1.552499
1.301564
0.543662
1.127298
-0.240403
2.148586
0.304867
1.383539
1.124174
0.810207
0.454579
0.647057
1.140928
1.390296
0.504380
0.961966
1.178920
-0.815076
0.895882
1.840795
1.475707
-0.550679
0.939529
1.607693
-1.170840
0.067759
0.572488
0.462000
1.965784
0.299740
1.444223
1.581266
1.024265
0.767856
0.801454
2.927747
2.370319
1.755231
-0.489863
1.602801
1.031307
1.632773
3.128541
-0.263016
1.995560
1.546888
0.904337
1.508809
1.061369
1.142548
0.257049
0.523448
0.550793
0.772465
0.064305
1.093186
1.258873
-1.023504
2.732266
0.656461
0.926374
1.679534
2.212994
1.335959
0.764453
1.811800
1.235215
1.667160
1.687985
0.156800
1.379049
2.485728
0.477303
0.838482
3.048691
-1.119760
1.998701
1.066339
0.656075
1.642625
0.525993
0.979834
1.898582
-0.093584
0.307392
0.535565
-0.309334
0.178800
-0.314983
2.382796
2.409845
2.211698
0.130960
1.736453
0.420208
-0.410043
1.766957
1.462240
1.450401
1.319111
0.659024
0.502086
2.234630
1.394487
0.075348
1.293374
0.821292
0.315257
1.427180
2.285787
1.199589
1.748847
1.934232
2.102931
0.765564
2.612505
1.604424
0.820686
1.088434
1.555624
0.497528
-0.394899
1.597023
2.339832
0.257532
-0.172244
0.748209
0.927129
1.221481
2.382942
1.334959
-0.241665
0.557156
-0.353999
2.032926
1.273550
1.175196
0.315965
2.010627
0.640243
0.062657
1.346070
0.743332
2.168900
0.190409
1.951094
0.449039
0.613209
1.955988
-0.405475
1.986129
1.825360
-0.263200
2.122786
1.553938
1.604240
0.015396
2.131515
3.334469
1.286050
0.730721
1.424976
-0.050457
1.257717
-0.613274
0.654630
0.595277
0.484756
0.099784
-0.126880
2.003673
0.056905
0.340734
-0.141072
1.373458
-0.502281
2.325823
