1000
3.115382
1.022073
-0.274851
0.749295
1.405750
0.638551
2.342233
1.617936
2.617844
1.458254
1.076997
1.088344
1.056676
2.188462
0.900346
-0.090071
1.644710
0.342488
0.213468
3.167905
-0.387752
0.490768
3.184796
-0.371903
1.150048
1.780488
0.183598
1.400809
2.380463
2.277543
1.749113
0.824832
1.279150
0.126603
0.554490
1.927967
1.744796
1.085092
2.241873
0.898644
1.510108
0.904416
0.415144
0.499195
1.056572
2.278237
1.977491
1.525252
0.626019
0.625827
1.447317
-0.113907
0.629656
2.065966
1.021613
0.949975
0.465850
1.878766
0.804641
-0.135151
1.335022
0.700556
0.557061
2.274046
1.651274
0.719515
0.427984
2.227072
0.412892
0.604924
0.406926
2.228405
1.810861
-0.358452
-0.498009
-0.044145
2.306277
-0.000482
-0.504401
-0.684060
1.335096
0.600984
-0.162890
0.005043
1.049718
0.641017
0.549540
2.173604
1.273503
1.168020
0.716501
2.231150
-0.015264
0.634634
2.801268
1.420441
-0.184584
1.727534
1.031091
1.485746
0.359290
2.930836
0.234230
1.824963
1.611214
1.909325
0.657381
0.541443
0.085392
1.903200
0.214507
1.147477
0.821090
0.813782
1.771817
-0.224453
-0.399798
1.082530
0.912712
1.418472
-0.474381
1.401816
0.992250
0.454356
0.969233
2.202446
2.533796
2.518717
1.112113
0.846355
-0.067278
2.511077
-0.261088
2.242608
0.923764
0.113947
0.097892
0.593987
0.567356
0.827599
1.408838
0.339998
-0.677356
1.877149
3.189617
0.536264
0.317516
-0.168316
-0.316118
1.143272
1.507605
0.368496
1.319542
0.383873
3.758893
0.313006
0.049406
0.838484
0.250146
0.049094
0.737416
0.906667
-0.857684
-1.172919
1.604751
0.825010
1.170472
0.801080
2.054281
1.591260
-1.612251
-0.152093
1.450824
1.387850
0.161898
0.584912
-0.608431
1.033722
0.359056
1.553182
1.143499
2.768929
2.536904
-0.107318
0.848336
1.051160
0.512064
1.528748
2.962157
1.430913
0.120244
0.437583
0.459031
0.318891
0.985672
1.860299
1.216897
-0.584591
-0.034694
0.469132
-0.381989
1.973446
2.088501
1.071361
0.564447
0.658825
-0.182856
0.491483
0.210743
1.302194
-1.575763
0.753209
0.300016
1.634370
0.974248
2.020356
1.584390
0.295589
1.768249
0.455778
0.115857
0.056554
2.174026
1.380520
1.264796
1.753552
1.791190
-0.160375
0.339739
2.438114
1.167519
1.618908
0.095326
0.947878
0.654875
1.744754
0.403087
1.687566
1.649433
-0.277967
-0.409712
-0.134106
-0.867183
0.642422
0.116024
3.563450
-0.128746
1.141169
0.244469
1.099958
1.814722
2.201437
0.156689
-0.385407
-1.802094
1.129266
1.763775
1.152174
-0.467593
2.236697
0.737968
0.713898
1.951467
2.291944
-0.564479
-0.271881
2.183469
-0.240600
1.430244
0.539877
-1.485316
1.087773
-0.648956
1.950380
1.258386
3.739746
0.447686
1.352176
1.665413
2.085055
1.103860
-0.198563
0.264793
-0.212123
1.800035
-0.112623
-0.679375
1.552041
0.838176
-0.071210
-1.010718
0.268530
0.952599
1.456181
0.093668
3.023631
0.201492
1.825014
0.012546
1.874076
0.500450
-0.208546
0.086422
-0.352914
0.472222
0.341685
1.175115
0.070720
0.033801
2.349156
1.449031
0.288663
1.767614
1.317478
-0.270495
1.120860
1.773804
2.283264
0.821464
1.684654
0.240612
1.732551
2.038987
1.496781
1.797848
-0.372302
0.027051
1.511269
1.909338
-0.426214
2.452488
-0.187858
-0.605885
0.419808
0.608799
-0.768811
-0.179088
0.869870
3.436273
0.848980
0.544890
1.562233
2.193384
1.584035
-0.162720
1.940935
2.676203
0.258466
1.238234
0.468271
1.382747
2.034438
0.623403
0.844422
0.671067
2.166136
1.099795
0.513147
0.371173
0.781595
1.844004
0.094141
1.412126
2.392201
1.249565
1.145101
0.250626
-0.537209
0.673758
2.657808
1.538527
0.939148
0.054866
1.180775
1.396974
0.100239
2.727984
0.525291
-2.114061
1.145292
0.950564
-0.777417
1.854503
0.677518
1.166750
1.789308
0.689002
0.996786
-0.286258
1.277278
2.037913
2.474114
0.990027
2.227687
-0.418782
-0.201137
1.906754
1.803437
0.851297
3.555688
-0.295960
1.930626
1.174187
2.324011
3.480075
0.011404
1.938344
2.108664
0.985540
0.558099
0.484414
-1.507525
2.573875
-0.238330
-0.394731
0.586553
0.704138
1.732049
-0.028819
0.747440
-0.449290
-0.019473
1.369477
2.068472
1.242510
0.787972
0.574784
1.458573
0.814376
-0.612863
1.364906
1.487155
0.404011
1.328199
0.579316
0.518606
1.166842
0.090476
0.729589
0.716347
2.041210
1.238685
0.144170
0.901578
-0.300860
1.621397
-1.122060
1.877983
1.421623
2.455370
1.313649
2.186125
1.459984
2.319991
0.088728
-0.097460
1.785372
0.819954
2.557170
1.102634
1.071604
0.190707
-0.320776
3.115603
-0.527864
0.353993
-0.225858
0.533891
0.958117
0.468023
2.533678
1.424554
1.648535
1.616887
1.845264
1.021470
-0.432561
0.053017
1.504512
0.280469
2.137749
0.471128
2.568591
-1.946514
1.729524
1.762040
1.379868
2.711867
-0.089036
2.257509
2.092991
-0.035803
1.387434
1.662598
1.835157
0.107631
0.514945
0.217294
0.015901
0.544842
-0.060187
2.029961
-0.601631
-0.016749
1.488461
0.504980
2.936244
1.408048
1.531514
1.478563
1.411464
0.703169
3.007724
1.495501
1.770333
1.259809
1.584273
1.668196
2.039422
0.621686
-1.046425
0.528543
0.559497
2.007276
0.097281
1.181477
-0.050566
0.625979
0.928394
0.896035
1.172103
0.123132
0.604876
1.159409
0.894238
0.119242
0.488751
1.906439
-0.023915
1.234913
1.917083
2.850456
1.516031
0.643879
0.663675
-0.581505
-0.574750
1.017899
2.626191
2.805265
1.585517
2.168144
1.787343
2.800346
1.363767
0.637039
1.131928
3.254873
1.328515
1.847488
0.158419
1.117312
-0.140390
1.208829
0.363492
2.202346
2.383850
3.842697
1.139457
0.279380
2.477731
0.341808
-0.407039
1.027465
1.825331
0.924903
1.912102
-0.294028
1.114158
0.801288
2.499544
2.315254
2.398370
0.975345
0.942458
1.876599
0.706035
1.634456
1.213980
1.647484
0.139331
0.044885
-1.494779
-0.400594
0.684182
1.394741
1.593417
0.414568
2.209085
2.459942
1.132516
1.131112
-0.015553
1.191241
3.036387
1.518387
1.699122
0.393886
1.440058
1.970170
-1.352831
1.979776
2.117410
2.617125
1.775623
1.997123
1.389415
3.585317
-0.000514
1.501768
1.893792
1.847482
-1.150362
2.342052
2.017250
1.326517
-0.191270
-0.035542
1.122396
-0.390946
1.443174
1.668465
0.913222
-0.651405
1.124272
0.587444
-1.336858
0.762975
2.839765
0.777441
1.351547
2.189652
0.324570
-0.812111
0.380183
1.906084
0.342697
3.020077
0.024097
-0.228031
0.767817
1.324813
2.040367
-1.199866
0.457577
2.298037
0.651980
1.498913
1.414066
1.031386
2.402239
0.799431
0.082864
0.274405
1.238647
0.542403
1.409279
2.925990
2.252132
0.908360
0.958642
0.881637
1.268309
0.364059
1.403198
1.101047
-0.278661
0.994126
0.349637
-0.193581
2.804066
1.385473
0.623006
0.013684
0.755240
1.607006
-0.347450
0.675202
1.154517
0.218159
2.986836
0.226745
0.913521
-0.450790
1.714193
2.248884
0.891041
0.516745
0.097782
1.019882
1.031710
1.457255
0.565086
-0.325211
0.447188
3.392571
0.225109
0.948044
1.144484
1.108253
1.621240
1.938091
0.407182
3.084460
1.737095
1.621975
-0.469616
2.350478
0.365208
0.274780
-0.527224
0.773496
0.023301
2.994248
0.715134
0.295206
1.411657
1.320406
0.457221
3.122262
1.083323
2.032114
0.985212
1.126419
-0.585916
0.117629
1.433520
0.970670
0.871498
-0.742839
2.113714
1.379203
1.345438
2.017859
2.924693
1.539415
1.043350
1.753259
1.714386
1.518268
-1.520958
2.027595
-0.360538
1.526361
0.998089
2.547464
0.013839
2.613178
0.888437
0.217395
2.283045
-0.054763
0.913783
2.021837
-0.439761
0.807365
2.299469
0.485939
-0.198321
2.431425
1.017368
0.913248
2.197975
1.987547
0.825162
2.597208
1.666434
0.004008
1.910884
0.419328
-0.688823
1.979539
1.068516
-0.514823
1.087661
1.343488
1.233010
0.754012
-1.258062
2.972582
-0.201481
0.966504
1.958836
1.669618
1.034705
0.628364
1.916235
3.232425
0.896965
0.939899
0.679661
1.277011
0.702273
0.871911
0.299498
1.181015
1.130970
3.545281
0.088540
3.201334
0.704745
0.966364
-2.227727
1.198031
0.605228
1.961321
-0.064677
2.220905
3.052250
2.120486
0.041685
2.072953
1.557296
1.472843
-0.390699
0.535058
2.762953
2.931576
1.630254
1.046554
1.333081
1.110148
0.703280
-0.169892
1.876174
0.629199
2.080828
0.807350
1.047596
2.629372
1.638715
0.809735
0.715158
0.327510
-1.296339
1.757162
1.361072
2.328511
0.980122
1.784130
1.034077
1.117492
-0.868443
0.218232
0.228037
2.102529
0.337491
1.731463
0.742438
-0.319131
3.188200
-0.073209
1.945849
1.013174
1.085841
1.103967
0.872716
-0.200906
0.700862
1.068090
0.942625
0.643555
1.617209
0.808925
1.478405
4.350135
0.318855
3.236265
-0.320805
0.900008
0.089496
0.486249
1.690104
1.246047
-0.864872
1.016899
-0.360096
-0.017313
-0.289384
1.228189
1.382605
2.196608
0.707335
1.109735
-0.268567
0.039477
0.640130
0.725801
3.189741
0.212517
1.314035
-1.053309
-1.024345
0.548825
1.602578
0.875382
1.659325
-0.107649
2.872949
0.272163
0.551563
2.194903
0.977866
0.339429
0.943442
0.928977
0.891986
1.074099
1.352412
2.111707
-2.550845
1.945598
-0.090241
1.773567
2.147031
0.729491
1.838874
2.340454
0.816606
-1.197986
1.642172
1.395432
0.158029
0.643820
0.136837
0.460017
1.414597
0.687613
2.625066
2.361924
-0.667778
-0.441411
2.187318
1.083752
0.039808
0.504693
-0.833202
-0.285003
2.591508
-0.676907
1.639676
1.825799
1.243100
0.850376
0.713390
1.701849
0.886826
2.642672
1.042486
0.735516
1.102015
0.161156
2.557356
-1.768161
0.739806
1.814610
0.490136
0.817243
-0.266944
0.594280
0.322895
1.680230
1.302362
2.567856
1.523212
0.132360
1.583397
1.595384
0.717984
-0.107191
0.729413
0.580139
0.818164
1.068837
0.239801
-1.653901
0.850197
0.448704
1.127203
2.165069
2.387693
2.730895
2.108007
0.899434
1.423964
1.759318
2.161340
1.228114
1.065743
1.687557
