1000
-0.534348
1.310533
1.683017
0.616206
1.598943
0.164209
3.226330
0.343312
-0.137677
1.900595
1.664909
0.811612
1.186256
1.453919
1.670730
0.458475
1.059609
0.636786
-0.247439
1.943799
0.611277
3.341411
1.464134
-0.667339
0.371912
1.652292
0.026285
2.226969
2.194209
1.393195
2.476342
0.292549
1.445351
0.557510
0.720673
1.642765
3.856861
0.212790
2.218348
1.180173
0.520208
1.092856
0.316562
3.073601
0.944283
0.229062
1.502005
0.756932
1.129720
-0.312689
-0.623726
0.323801
0.416999
1.460988
0.300616
0.118755
2.142640
1.078777
1.014173
1.125557
0.951999
2.801768
1.499940
1.273824
0.381385
0.220908
0.405768
0.808993
-1.044510
0.714027
-0.585102
-0.286120
1.965916
0.600196
2.029603
1.999256
1.201567
1.206615
1.186138
0.996405
2.045821
-0.277368
0.885493
1.279977
2.134855
-0.076249
0.551567
1.453269
1.022501
0.830690
-0.562369
0.136544
1.924125
0.569414
0.349262
0.597664
-0.495966
1.202010
1.005127
1.579296
1.220819
1.038462
-0.905111
0.517335
2.525155
-0.396867
0.526644
-0.165548
0.740539
1.796698
0.243146
1.697452
1.939798
-0.056274
0.189605
1.253129
1.126508
2.453841
1.788286
0.342978
0.951883
0.762558
1.913615
3.826045
-0.304697
1.402062
1.871909
1.202539
1.692655
-1.003502
0.683972
0.040368
1.515545
0.697258
-0.175573
0.940430
1.308467
1.177110
2.252248
1.322107
2.392748
0.346836
1.888300
1.703667
2.559179
0.032157
0.924250
1.509546
-0.565455
1.553992
3.320577
0.639437
1.849866
1.263409
1.196901
-0.189618
1.168943
1.985444
2.291212
1.282631
1.693529
3.396289
1.263835
1.653205
2.295882
1.036143
2.789840
-0.169878
0.614479
0.535939
1.713192
1.749265
1.851638
0.660241
-1.503769
1.357648
1.274227
-0.205704
-0.091564
0.925189
0.671541
0.921195
-0.111117
1.680096
0.923715
0.901171
1.517057
1.645459
1.481173
1.255886
0.542946
0.008332
0.788512
2.163058
2.734187
1.298034
0.366028
1.424184
0.365834
0.941298
-0.201011
0.705517
1.451888
-0.563609
0.062726
0.466184
-0.205093
2.752626
1.692986
-0.345428
1.722589
-0.180384
0.799047
1.297397
1.833026
2.566124
1.461677
1.640859
1.023334
-0.288523
2.997401
0.573267
0.108858
3.059362
0.846263
-0.252012
0.509016
0.018007
1.116868
1.837458
1.718377
0.709592
1.500976
1.790217
2.552079
0.087163
1.968730
1.539059
-0.618993
1.702988
0.776093
-0.611506
1.664070
0.747983
3.186706
0.935120
0.477947
0.739435
1.681546
0.695799
1.867879
1.965915
1.329018
2.082849
1.210599
0.509201
1.606564
1.213762
-0.325865
0.081376
1.926334
1.104542
0.716188
0.521398
1.152145
2.095885
1.127597
0.888850
0.680021
0.698515
2.087207
1.214513
1.266832
1.122075
3.186471
1.799989
-0.506667
1.450737
-0.298560
-0.460746
2.264556
0.142322
0.979359
0.510684
0.257284
0.541548
2.698667
1.676581
0.463923
2.174049
0.630107
1.900002
0.865048
2.401068
1.262910
1.196305
0.857603
1.088077
1.097528
2.152514
-0.374582
1.652957
0.549638
2.100005
1.825509
1.012971
0.525340
2.037471
1.002143
0.324701
-0.183708
0.716052
0.225344
0.623749
1.988818
0.737150
0.221351
1.964192
2.063597
0.430417
0.606001
0.548339
0.530918
1.484865
1.863440
1.026788
1.248137
0.534854
1.711489
0.455746
1.931525
0.083781
2.115134
2.021814
1.167879
0.277491
-0.892241
1.943166
2.974650
0.510406
0.075335
0.635785
1.733926
1.007624
0.873127
-0.410326
0.481697
2.574882
0.147377
0.007829
2.117124
0.636248
-0.131551
0.419628
1.352664
-0.133950
-1.091380
2.465655
1.160146
1.229514
0.440364
0.349208
0.787050
2.411634
0.849847
0.824483
2.289136
-0.207479
3.245715
1.642314
-1.276272
1.914221
1.642046
0.343020
1.608241
0.877747
0.727681
2.778019
2.437055
-0.014194
0.227835
1.988336
-0.139199
0.887843
-0.948449
0.079151
1.048067
2.207947
-0.758958
1.053571
2.037912
-0.108796
-1.332749
1.493644
1.071529
1.012846
1.777097
-0.640213
0.893491
1.050669
-0.340297
1.004344
2.226812
1.225213
0.819768
0.780793
-0.234283
0.934175
0.832546
0.649970
3.328067
0.769738
1.195597
1.330945
-0.210115
2.806384
0.167134
0.640084
0.808874
0.143713
2.844988
1.276772
0.896986
-0.330106
0.323921
0.621294
0.894793
0.817034
-0.823542
2.461518
-0.225551
1.272374
-0.318489
1.831167
2.023398
1.310732
0.905321
0.144207
0.839467
-0.486439
1.129717
0.840269
1.035166
1.516155
1.733084
-0.932506
1.950529
1.091627
1.514549
1.071340
1.269859
1.912849
1.510950
0.655227
1.090775
1.545449
0.104279
-0.305650
1.498780
0.256846
0.843074
0.451732
0.640543
1.897916
0.672159
2.807182
0.372737
0.815274
2.307755
3.536793
0.752195
1.382252
2.164244
2.210219
-0.711656
0.403567
0.826839
0.549156
0.193225
1.925780
-1.505194
0.724194
1.731061
1.099443
2.384731
-0.494458
3.676453
1.762124
1.921810
2.547027
0.063695
1.299918
2.141207
1.731109
3.224177
1.168927
1.777783
0.548236
2.060616
-1.175132
-1.320696
0.425808
0.739593
0.214503
2.134225
0.117484
1.149406
1.049310
-0.790372
-0.852420
1.000194
1.294568
1.248550
-0.114751
0.715761
0.910006
1.217166
0.730893
3.864762
0.368331
0.725248
3.226979
1.428791
2.197175
-0.713510
0.285649
0.212160
-0.477058
3.106518
-0.574002
0.232569
0.134972
1.124878
2.231551
1.015804
1.109910
2.789276
0.276888
2.515851
0.284356
1.575354
1.870083
1.289844
2.107209
1.766979
0.791272
1.587364
0.180084
1.365161
1.563516
-0.159793
0.835412
2.968996
0.440284
1.053985
1.813003
0.799634
2.023971
0.879772
-0.876050
1.305437
1.974093
1.569544
1.672126
2.168825
-0.074284
2.477393
1.635738
1.195811
-0.442410
1.850052
2.141484
2.641081
-0.216167
0.092625
2.497038
1.452134
0.545199
2.206302
2.897503
2.910133
1.641190
-1.072833
0.202185
0.936683
1.320326
0.662503
-0.894320
-0.832563
0.166221
0.675179
0.576970
0.793824
1.835586
2.267333
2.311541
1.416962
-0.126668
1.490470
0.792427
1.920781
1.655125
1.548831
0.728406
0.913459
1.761064
-1.054728
1.998732
1.375235
2.084853
1.846586
0.952617
1.777082
3.628470
1.143647
0.783887
1.278354
0.135834
2.284539
1.556526
1.357951
0.910451
0.139736
0.269873
-0.516581
1.455393
0.627419
1.109647
0.548766
1.359255
1.220558
-1.037769
1.103799
0.909828
2.249689
0.494918
0.946451
0.308815
1.005826
2.664498
1.195581
2.050517
2.353509
1.919942
1.245003
0.880350
2.410914
0.588913
2.759832
0.969554
1.202168
2.075111
1.756431
0.825354
-0.308216
1.579392
0.672510
0.494424
1.030609
0.944875
1.604245
2.861871
1.589587
-0.349665
1.131893
0.693629
-0.116883
0.529238
-0.290102
1.120222
1.801913
1.200223
0.187191
0.669815
0.914746
-0.462044
1.436045
-0.207787
1.247221
0.447731
1.403901
1.986088
0.934411
1.819545
1.694870
0.185129
2.546047
0.325329
2.072507
0.640063
1.222052
1.652747
-0.070793
0.139959
0.251940
1.963580
0.824014
1.253600
0.759294
0.582280
1.139228
1.936635
1.430490
1.248832
0.322818
2.870662
1.365298
-0.569928
2.043779
0.579211
0.576414
0.963654
1.281293
1.839464
0.152469
1.361617
0.051129
0.969850
0.790683
1.527464
1.160589
0.129908
1.098999
0.472818
1.688165
-0.587358
-0.817031
0.284364
1.202360
0.859949
1.236565
1.689476
0.502872
1.429282
-0.084541
0.452087
0.979973
-0.470876
-0.145867
1.350645
0.234196
1.762254
-0.428952
1.359706
0.609919
0.319624
0.782487
0.893112
2.620476
1.360790
0.862033
-0.586796
1.143050
1.741800
-0.192134
0.134974
0.499417
0.608376
0.855682
1.257228
0.207989
1.118960
-0.692756
2.249861
0.323779
2.151583
0.712236
2.834907
1.751792
2.274797
3.030846
2.368565
3.641115
0.026558
0.068419
1.148311
3.266148
0.208863
0.943247
-2.132159
1.980653
-0.762068
0.813408
-0.408697
1.401018
1.023222
0.148355
1.244161
-0.314845
-0.794839
1.492148
1.346099
2.870692
1.755535
0.524484
-0.587637
2.087659
2.473897
1.018061
-0.180074
0.236412
0.114766
1.897776
1.738830
0.295344
2.266330
0.289712
-1.274328
0.368453
1.988468
0.270441
2.737540
0.874278
0.175002
0.583775
0.442169
3.168984
0.237484
2.329019
0.005833
-0.339208
1.376676
-0.073179
1.766379
0.009068
0.365891
-0.342871
0.703936
-0.039274
1.665500
0.443119
0.677695
-0.008799
0.563335
0.428200
1.545658
0.812278
1.391940
0.246503
1.585533
0.502389
0.869976
1.013331
0.437358
1.864753
0.380511
2.056190
0.805052
-0.366620
0.704924
0.759792
-0.446282
2.326810
1.145306
0.541964
1.830535
0.244413
2.129604
1.807250
1.236773
0.978876
0.134412
1.202978
1.977667
2.952767
0.456943
3.042922
2.166395
1.954407
0.228243
1.113111
-0.039056
1.472734
1.339225
1.230711
1.340011
-0.236795
0.881625
0.213961
2.044158
0.641865
-0.359302
-0.692550
-0.198085
1.720594
1.172935
-0.447191
0.069045
1.380374
2.618649
1.005030
2.609141
1.403523
-0.882936
1.748997
-0.738690
1.551287
-0.021497
4.107442
0.101746
1.324654
2.079496
0.781358
2.659599
0.153450
0.706809
1.139963
2.766178
2.425070
0.365731
0.042237
0.859862
0.368482
-1.261279
1.858295
1.141563
1.462591
0.798790
0.562234
1.156292
0.057030
0.699921
0.543831
0.332459
0.980555
0.889778
0.213706
2.465146
2.133050
2.335696
0.963740
1.604990
1.626422
0.147408
-0.266856
0.833302
1.181202
0.563467
0.127220
1.921238
1.414934
0.152771
1.500164
-0.345861
1.043230
-1.403930
1.445064
1.882038
1.387309
0.812833
-0.379612
0.317966
-0.905991
0.059909
0.098432
-1.674990
-1.385626
1.201021
0.476560
2.078570
0.089597
1.302302
3.176037
1.156165
1.165477
3.031731
1.221246
0.583564
1.115975
0.377552
-0.554613
-0.599720
2.043644
0.600017
-0.194079
0.834541
0.814068
2.136853
1.311302
2.157917
0.087527
0.779527
-1.992530
-0.348190
0.927341
1.003716
0.491432
0.660856
0.962373
0.268907
0.959673
0.062241
2.087668
-0.342508
0.699658
0.458615
0.209283
0.577598
2.096588
1.039993
