1000
0.955531
2.046899
0.711453
1.500617
1.485330
2.077026
-0.959824
0.055731
0.035289
1.413727
-0.067502
1.994239
1.921387
0.735765
0.297040
-0.816087
1.470716
0.421567
1.449253
-0.418723
0.909035
1.577579
1.346507
2.565409
1.310540
1.004254
1.677228
2.424431
1.467834
1.172489
0.795206
1.415592
0.851055
0.340416
3.446406
0.725811
2.627058
1.406754
1.541141
0.775057
2.457868
1.987501
-0.722110
1.764558
1.431929
0.039517
0.503437
2.712963
0.107622
1.402665
-0.467816
0.956923
1.752555
-0.076896
0.912140
1.431301
0.263917
1.873318
-0.326065
3.092387
2.623390
-0.009211
1.852901
1.768094
-0.322151
3.326995
1.164200
-0.254077
0.403138
1.566808
0.406152
1.213644
0.985668
2.046720
1.531293
0.701808
2.653890
0.953156
-0.378753
-0.104237
0.342241
1.184684
-0.033407
0.764779
0.357494
-0.350797
2.616591
0.295816
0.119554
2.705737
1.782728
1.374202
-1.483658
-0.464203
1.523199
1.622936
1.524199
1.604724
1.439830
0.372966
0.135511
0.941128
2.308462
0.693124
3.917637
1.634628
0.765439
0.835865
1.185605
0.891441
0.795154
0.667024
2.585603
0.053047
0.681257
2.852033
2.431436
1.818524
0.411733
1.812922
0.952159
1.291441
2.418274
1.126266
0.672008
2.505535
1.458989
1.084179
0.454057
0.841186
1.094477
0.557974
1.175980
0.823455
0.533525
0.029788
0.591380
0.664405
1.164389
-0.201029
2.143511
0.490210
0.396412
1.751952
0.999655
0.729520
0.645073
1.583311
0.681848
2.006589
-0.026433
0.021101
1.217940
1.811414
2.504504
2.520744
3.038671
1.502786
1.960354
1.620163
0.926543
1.203503
1.760490
1.275139
-0.552286
1.714332
2.263363
0.596213
0.999497
2.036745
1.323791
-0.504351
2.290028
1.473534
-0.203460
1.754016
0.806313
1.215371
0.872205
2.672783
2.044090
0.393581
1.202131
-0.221100
1.114388
0.495051
0.909259
0.523872
-1.028536
-0.662399
2.466782
0.526832
0.669384
1.846509
2.028182
2.457943
-0.871367
1.220029
0.803625
1.498874
0.953619
2.437736
1.697370
0.752443
1.652672
1.706501
0.556196
0.565888
-0.787012
0.422037
3.543341
1.617339
0.854644
1.098911
1.424685
1.726086
-0.058036
-0.310307
1.168523
1.843545
0.914484
0.703749
1.665569
0.790999
1.791520
1.314893
0.236683
1.161982
0.645024
0.651499
0.611192
0.858216
0.213850
-0.908395
2.390058
0.332486
0.355908
1.074180
-0.408593
0.409058
-0.229819
0.678788
0.347297
3.697382
3.069255
0.430784
-0.326894
1.234215
1.575770
2.690141
1.367316
2.987989
0.650429
-1.354986
0.831411
0.670072
1.336813
1.957034
2.342062
1.903917
1.172585
0.891110
1.359960
-0.004268
0.935135
1.610265
0.135649
1.283566
-0.400713
1.185767
1.398454
1.392431
0.446332
0.267981
1.661594
0.005442
0.786092
1.533124
0.770911
1.006650
2.447785
1.332076
1.045043
1.050247
1.399359
-0.558906
2.094511
-0.239534
2.168215
1.072744
-0.042426
0.403524
2.404305
0.467916
0.066276
1.713952
0.267318
0.720966
-1.577923
0.904439
1.071657
3.287326
1.269334
0.703988
0.687543
1.376993
-0.823378
0.492092
0.127377
1.276954
0.786376
3.403344
0.100640
0.898597
1.355176
0.658626
1.443518
0.444863
-0.891718
0.838601
-0.140271
-0.416443
1.122726
0.880908
0.119352
0.755073
1.951534
1.230440
0.182270
0.491716
2.339738
2.056485
-0.621686
-0.364319
1.741082
0.675895
1.443320
-0.167458
-0.330613
1.382439
0.530710
1.890747
1.581587
1.350153
-0.380285
0.788370
0.228875
1.421058
0.637454
-0.622871
1.874703
1.119454
1.570260
1.610052
1.852314
1.728598
1.570713
0.844645
1.852624
1.070921
1.877231
-0.377328
-1.272785
0.513402
0.793404
-0.168038
1.960015
1.423987
1.104391
1.683491
0.479152
2.705069
0.829295
1.200028
2.061404
3.115294
0.772153
1.073599
0.631257
1.222263
0.363102
0.625908
0.967971
1.430890
0.132504
2.129188
2.241834
-0.288409
-0.581256
1.843705
2.094840
1.796314
1.679138
-0.096564
0.922300
0.956462
1.219925
1.314834
-0.160985
0.844973
-0.479032
2.093491
0.848970
-0.226259
1.719160
0.317294
0.864851
1.088710
1.013945
1.337095
2.216566
0.980229
-0.256965
1.238441
0.089574
2.446906
2.971524
1.726226
-0.680530
-0.541471
0.390366
2.229684
1.684762
1.309100
0.497558
2.394998
2.288745
-0.225924
2.585798
1.707465
1.999179
1.195344
2.029858
1.196944
1.534393
0.956602
1.191584
0.161463
1.947561
0.182094
0.963185
1.804311
0.789864
0.884012
0.365234
0.901325
-0.096207
1.661639
0.672465
1.031345
0.507971
2.250776
1.019882
2.696032
0.394450
2.258082
1.970387
2.265220
0.796880
0.491880
0.194775
0.004046
1.946573
1.024332
1.377437
1.344221
1.346986
0.410136
1.628200
1.743801
1.767012
0.447890
0.248793
3.573401
1.269704
-0.047654
2.040196
1.185167
0.114015
0.706904
-0.248377
0.103857
0.399408
1.562487
2.591861
0.533228
1.327472
1.730395
1.889188
-0.383698
0.129951
-0.258295
1.161627
0.743456
-0.343686
1.280921
1.621939
-0.360965
2.722994
2.651151
0.590266
0.549868
-0.728971
1.412365
0.813457
0.720036
0.220825
-0.172961
2.878525
1.142492
3.570497
1.151013
-0.275324
1.921925
2.792577
0.505320
0.824352
1.096798
0.237579
2.028298
2.939919
0.759291
1.563561
-0.057706
0.112548
0.382165
0.362024
1.914685
1.007120
0.389204
0.664009
0.927776
-0.630086
1.748432
-0.157683
0.993149
0.118479
0.710585
0.355980
0.246455
1.836726
2.051537
0.975500
-0.359876
1.225538
0.976376
-0.472763
-0.046462
0.884456
0.419285
1.753928
0.310964
0.735417
-0.435177
0.647233
1.012087
2.287769
-0.180197
1.048175
3.056961
2.761989
2.674756
2.169932
2.689240
0.878374
0.149163
1.025621
1.404794
1.569713
-0.718836
-0.069768
1.062787
3.874626
0.162745
1.083283
0.758491
1.286895
-0.914548
1.392860
1.367878
0.283723
2.780750
0.049477
1.709618
-0.374625
1.294699
0.192328
-1.545692
2.657761
0.547946
-0.187551
0.570790
1.339365
-0.659103
-0.251152
0.374144
0.493477
1.024478
0.929650
2.281752
1.634291
2.682194
0.706655
-0.627786
2.063886
0.641385
1.075894
1.547736
-0.061390
0.511566
1.875688
-1.084312
0.035019
0.803856
2.061756
0.717051
0.869759
2.094747
-0.106187
0.449146
0.948925
0.629581
1.127120
1.792377
0.307012
1.411628
0.700615
0.076112
0.195888
2.550904
1.461169
0.722987
1.424847
0.466118
1.709343
-0.523586
0.960631
0.312635
0.803541
-0.608336
1.718633
-0.435353
0.537649
0.581792
0.281376
0.208907
3.410990
1.767589
-0.229987
2.183499
2.985689
1.498570
0.548947
1.526865
-0.347476
1.859022
0.621816
0.485972
0.363775
0.492577
0.827860
0.878111
0.654781
-0.289530
1.986397
1.460572
1.558691
2.239003
-0.447127
1.762676
2.441502
-0.574795
0.942972
1.396108
0.513982
1.565229
1.822917
-0.779387
-0.783950
0.967712
0.496978
2.467037
0.652506
0.942763
1.139537
1.995521
0.702884
1.278897
-0.288170
0.573866
1.087180
0.049914
1.202263
1.110049
1.306624
1.628708
0.016881
0.664254
0.311961
1.315340
1.278735
0.673156
0.009237
2.331971
0.068146
0.850614
1.800852
2.307890
2.145647
1.114293
0.758695
2.184049
2.479057
-0.630391
2.038055
1.462397
-0.364227
2.961800
-0.000143
1.295252
1.099204
1.748274
2.187280
0.836802
2.742445
1.434393
3.506506
2.657287
1.586595
-1.093435
2.355893
0.358316
1.150065
2.844801
0.013507
1.558638
2.108287
0.961576
0.298797
2.855675
1.923098
-0.231620
2.127469
1.147652
2.923465
0.376982
0.090907
-0.113034
1.214936
-0.128294
2.291451
1.254308
2.646594
1.083496
0.609940
1.571754
1.380507
0.577539
1.395409
1.431392
1.423575
1.930109
1.457379
1.646733
-1.031952
2.410624
-0.128896
1.432060
0.850637
-0.885869
1.364462
-1.187555
1.590093
1.888804
0.428518
0.540432
0.718284
-0.075190
2.732448
2.668578
1.158285
0.518827
1.673655
1.169997
0.331882
-0.377684
0.181432
3.046802
0.908767
1.084866
2.223615
0.609571
2.445059
3.223539
1.073734
1.513867
-0.892732
-0.070188
2.148798
0.551780
-0.067911
2.136253
1.167143
1.768483
0.637976
-0.293362
2.351476
1.764949
-0.986731
1.439760
0.687311
-0.968636
2.671899
-0.078822
0.361922
0.542388
2.164088
-1.217803
2.225679
0.467990
3.648553
1.065122
-0.306177
1.491146
0.936721
0.810034
0.988379
0.966214
0.459726
1.302920
0.293943
0.016883
0.311943
1.600484
2.583760
1.969798
0.348476
1.876852
0.342886
0.878309
-0.402927
-0.642572
1.450397
1.747161
-0.167196
0.966688
-0.104561
-0.625575
1.760773
1.966381
0.663550
0.464038
0.833932
4.005643
0.319062
0.391328
-0.169022
0.282774
-0.300601
2.825176
1.469619
0.012858
2.291984
3.298052
2.431822
1.714816
1.769847
1.538345
1.592678
1.580650
1.509881
-1.015851
1.860525
-0.463269
1.955140
0.488237
0.053458
0.709582
1.174588
0.924864
1.885992
-0.255334
-0.153141
0.400258
-0.069806
1.400911
0.007181
0.253380
1.938074
0.290247
1.362502
0.466765
0.570172
-0.587831
0.078184
1.111873
1.275318
3.601799
2.644938
1.490555
-0.229239
0.336805
0.889040
0.888318
1.388616
-0.255326
2.880629
0.619746
-0.140948
-0.068102
1.665149
2.446832
1.273785
1.009880
0.564090
1.671908
2.844192
2.505758
0.074098
1.336375
0.565273
0.059819
0.871719
2.701241
0.228305
1.477078
0.733161
2.674888
0.766609
0.950070
0.064264
0.721790
0.613192
1.748406
1.367386
0.987884
1.656416
1.806083
2.797871
0.177054
-0.185034
1.065314
-0.275052
1.169915
0.978900
0.570787
-1.582750
2.765539
1.206110
0.497248
-0.005356
0.949499
-0.371502
-1.081591
0.478068
1.903667
0.552088
0.198057
1.728290
-0.079260
0.176656
2.319552
0.884737
-0.556925
1.606438
0.807008
2.102689
1.174404
-1.468468
1.534852
0.071838
0.931199
0.381016
1.272134
-0.024123
0.029715
1.712689
1.685554
-0.735247
1.569530
1.160111
1.696128
0.922415
-0.117129
1.078677
-0.716500
2.100923
2.237760
1.570027
-0.313521
-0.431430
1.117107
2.253819
1.230050
1.561726
0.116454
1.632987
2.444736
0.519279
1.667596
