1000
0.030767
2.803435
1.175929
-0.124430
1.682224
1.124939
0.807243
2.058068
1.221389
2.873477
2.270018
-0.229258
0.971679
-0.533094
1.916465
0.877578
0.040253
0.037548
2.567112
1.577688
2.088988
0.805139
2.405351
2.094622
2.066526
1.167662
-0.130853
1.463063
0.435435
1.723222
-0.250346
-0.455650
1.872877
2.340442
0.424303
1.681704
0.935631
-1.279313
1.429723
0.980303
3.739207
1.160408
0.065773
0.630009
-0.199731
2.477900
0.627480
0.850862
1.267461
3.353309
0.786408
1.203187
1.743775
2.523035
0.385817
1.302314
0.529778
2.254991
2.509428
1.730839
1.057339
0.869433
1.604827
0.988377
-0.036925
2.698176
1.182269
1.381249
-0.150256
2.239278
2.663607
2.036242
1.052409
0.352074
1.004547
-0.987616
-1.376898
2.185604
1.245847
0.840093
-0.152261
1.682952
0.523687
0.961024
1.368291
0.541961
1.335825
1.677471
0.665292
2.854094
1.596888
0.492650
1.048089
2.597616
1.631328
1.370547
1.011748
1.449930
0.190327
0.400332
0.630787
2.038646
0.189075
-0.094485
0.830242
-1.899257
0.345265
0.697169
0.779934
1.730299
2.331583
1.366781
1.485491
0.456265
0.195982
2.019927
1.290665
1.497667
0.654479
0.406663
2.004879
0.180390
1.582171
0.528413
1.612064
1.171637
-0.351034
0.826798
0.729627
1.024365
0.335554
0.699242
0.847829
2.311852
0.189355
1.654171
1.208897
-0.876588
0.331747
2.611134
-0.234182
0.634943
1.208652
1.021636
1.737981
1.625046
1.103506
0.924785
1.183939
1.627114
-0.766771
1.741436
-0.279718
0.603653
0.421251
0.726088
1.227276
1.548293
1.083614
1.514414
0.657312
-0.285314
1.458107
1.174390
2.493700
0.110441
1.463749
0.485936
0.063736
-0.022778
2.105493
1.662507
0.428128
3.576295
2.470662
0.621959
2.200561
2.274784
2.783525
1.058531
0.977504
-0.441831
-0.025870
1.902380
0.695382
2.011053
-0.941512
0.486261
0.876797
1.181076
1.277952
-0.796419
0.686581
0.958448
-0.125803
1.271533
2.920658
-0.430577
1.461974
-0.020706
0.964780
-0.124173
0.505392
1.146005
1.222362
2.023063
2.603230
-0.645407
1.040703
1.189145
2.081483
2.122167
1.645055
1.206536
0.138941
-0.165480
0.275215
-0.475016
0.877218
2.787873
1.023846
0.103972
0.751508
-0.556334
0.911808
0.924441
-0.130684
1.766342
-0.721769
2.694536
-1.447745
2.075987
-0.495637
0.627088
1.434850
0.221856
1.073025
1.164017
-0.411873
0.175626
1.210424
1.250028
0.183785
0.104949
-1.029059
1.531336
1.977545
-0.141059
2.332161
1.174928
-0.223942
1.823745
2.167158
-0.922600
2.075231
-0.150785
1.345093
0.258436
1.416624
1.416922
1.357807
0.629739
-0.856051
1.044799
1.489490
1.437721
-0.610671
0.854654
-1.419280
0.211426
1.846104
0.893586
2.795260
0.539826
2.208434
-0.957281
0.771266
2.084734
0.965553
2.117750
0.718095
-0.721004
1.184374
0.449685
0.609467
1.543013
1.371026
1.554458
-0.698783
-0.094014
0.947364
0.135190
0.398278
1.751551
0.799707
2.248601
0.834946
1.899191
1.318789
0.909835
0.554024
1.547091
-0.087616
1.276585
1.611788
0.882640
3.024603
1.920001
0.673660
1.125696
0.914442
-0.165551
2.352924
2.550727
-0.536506
1.911332
1.325300
1.525795
0.076806
0.755611
0.067893
1.681497
0.727809
2.613237
1.625399
0.113250
2.691338
1.421060
1.217532
0.936563
-0.730612
0.770084
1.853373
1.347212
-1.476372
1.899848
-0.044750
0.842853
2.678074
0.948696
2.319199
0.050564
0.057616
1.509736
1.711213
2.662276
1.286297
0.340834
2.952237
-0.188635
1.511899
-0.809430
2.244291
0.710061
0.752090
-0.400531
2.351946
-0.023968
0.792832
0.172672
0.052062
2.664192
-0.825872
0.808866
1.465037
-1.650658
0.299901
0.147872
0.113851
1.952480
1.002288
2.621535
0.493640
1.826661
-1.058142
0.908187
1.520106
2.815568
1.918526
1.661736
1.888931
-0.037998
1.646945
0.549153
2.141152
1.465919
1.580918
1.159259
1.688105
0.850192
-0.373384
-0.136323
1.556245
-1.489523
1.682131
-0.573558
0.285890
2.157144
0.570089
1.506667
1.946392
0.885983
0.879913
3.049571
1.186342
0.978943
1.031944
0.206862
0.145533
1.354750
2.979718
1.164719
0.426848
1.281572
2.027046
2.463293
2.395149
1.622567
-0.575221
1.676369
0.655666
1.225879
0.603054
1.461541
1.262082
0.048792
1.349245
0.864097
1.496730
2.585123
2.079061
-0.648782
1.137158
0.150603
0.901252
1.043440
2.156561
2.346614
0.472107
1.661858
0.250256
-1.085391
-1.371421
2.825689
1.703220
0.454862
0.204598
0.494900
0.407391
0.870264
1.658646
1.223579
1.113909
0.382039
0.465152
2.010614
3.246143
1.079633
-0.066136
0.944841
1.096916
2.041144
0.002371
0.910426
1.803661
0.309374
0.130229
1.341291
0.313843
2.069163
0.116237
0.971107
1.725951
1.558575
0.059981
0.418472
-0.214336
1.163916
-0.402889
0.867088
1.078492
0.799689
1.982899
0.024236
-0.036862
2.230046
0.388118
-1.056463
2.151570
0.794810
-1.639725
1.989754
1.166758
2.994744
0.185756
0.526775
1.909228
-0.186039
1.177447
0.592388
0.661876
1.448977
1.857303
1.307908
1.075072
-0.046976
-0.310983
0.821725
1.362068
1.532230
3.666448
0.252267
-0.772585
0.807354
2.057027
0.714017
0.886937
-0.447873
0.452413
-0.324926
-0.491974
0.429576
2.872571
1.643861
1.762262
0.629442
1.873534
0.269048
0.862470
0.233805
0.872670
-0.295089
0.750152
2.168034
-0.521038
1.370727
-0.352038
0.514598
1.943427
-0.214023
-0.443629
-0.917108
1.125906
1.038883
1.065541
1.696824
3.717071
1.639032
0.404101
1.088381
0.080176
1.023739
0.330751
1.186718
1.182662
2.689320
1.047685
0.509323
1.155507
1.080224
-0.434148
1.010792
1.655049
0.332411
1.669777
1.540714
1.311394
-0.241274
1.461271
1.543434
0.119178
0.011709
1.329072
1.043169
3.923016
0.545089
3.881244
0.584520
0.416175
0.316552
-0.472727
0.074809
0.718922
-0.266673
-0.220035
0.781631
1.009722
2.334147
0.363916
1.677432
-0.128878
1.637794
-2.754784
1.453940
2.298990
1.689438
1.630971
1.240652
2.094289
0.133748
2.060537
1.534797
-0.193503
-0.827565
-0.355977
1.276306
1.843980
1.303978
-0.783603
0.710763
1.326767
0.062544
0.003682
-0.903733
1.024382
0.717023
1.792343
0.472455
-0.499028
1.167904
-0.014315
1.401113
0.560228
0.710369
0.886044
0.052438
1.327063
0.288848
0.663176
0.870699
0.302919
1.564541
-1.400442
0.896290
0.307956
2.685985
0.083390
2.342214
0.248661
1.290689
2.260515
3.228646
2.771328
0.455583
3.141470
1.186354
0.448345
2.083095
2.936517
1.413163
0.223016
1.322020
0.725124
1.931098
0.151392
1.262540
0.113678
0.518557
0.534076
1.587405
-0.130740
2.846928
-0.860385
1.058761
2.904999
-0.659595
1.978908
1.127500
1.111283
0.467081
1.761498
1.128903
0.801570
1.319227
1.685538
1.174866
1.604736
1.135501
0.226186
2.648163
0.458322
-0.131811
0.546553
-0.443293
0.985480
1.853747
1.528422
2.409916
0.055452
0.828826
-0.289067
0.312901
0.341106
1.286195
2.299135
0.553519
0.976856
-0.177206
0.796727
1.624366
0.391780
0.908105
-0.354693
0.045798
2.055743
2.308783
1.512502
-0.132819
0.849260
0.493727
1.613258
0.047182
1.369577
-0.013409
1.196964
1.537227
0.376187
0.620511
1.016600
1.123130
1.735990
1.487179
0.413500
1.173115
-0.219323
0.700848
1.144068
1.311195
1.250738
0.851468
0.928988
-1.740574
2.640733
2.563505
0.846078
0.822876
0.646761
1.414704
0.416301
1.279228
2.419989
0.677070
0.606016
1.576078
1.897482
0.887700
-0.516262
0.841109
-0.206795
2.620480
0.009123
1.348072
0.691416
2.040387
2.207220
0.845837
0.005751
-0.527074
1.253073
-0.304339
1.756300
-0.722271
3.038742
1.609740
1.456147
0.103336
0.661012
2.004578
0.006242
0.326298
-0.275789
1.206102
1.383906
1.934093
1.099398
2.206154
1.412479
-0.072119
-0.220539
1.080783
1.826094
2.751542
0.165064
0.052302
1.518686
1.231034
1.474914
1.506276
1.233974
1.112533
0.474234
-0.285366
1.278215
1.236634
-0.726285
0.840624
1.403337
0.931078
-0.835167
-0.390000
1.166852
-0.414710
0.831117
0.826159
1.858648
1.516249
1.639293
-0.111683
0.639429
1.882350
0.842592
1.309278
2.348951
1.293487
-0.252975
1.346644
0.701174
0.347374
1.946813
1.274243
0.846646
-0.097451
0.273391
1.360052
1.355133
-0.274020
0.483930
-0.792091
0.492523
1.943318
2.243250
1.113903
1.803674
0.963499
0.385552
-0.658383
0.206415
-0.597674
1.045220
-0.638704
1.231952
1.470775
0.950741
-0.610800
1.523861
0.286620
0.992717
0.267298
1.981002
2.903462
1.927587
0.893808
1.377624
2.182837
1.104829
1.931946
1.231615
1.425280
3.803317
1.554379
1.092956
0.852632
1.869273
-0.077077
1.117538
0.636479
-0.729632
2.280539
0.928094
-0.147678
2.151883
-0.018328
0.749185
2.292740
2.067913
0.987996
1.667341
1.673242
-0.314110
1.085488
1.387428
0.824495
0.342277
-0.184115
-0.470495
1.418676
1.919787
-0.153832
3.391185
1.239894
0.650892
-0.178657
0.722498
1.512858
0.952641
0.405539
0.003172
0.634288
-0.239108
0.402060
0.645801
0.412846
2.250683
1.182162
-0.453559
1.278037
2.009164
-1.165601
0.259214
0.757346
-0.606515
2.660311
1.484074
-0.054368
1.716062
0.689606
2.249328
0.776337
0.975432
1.675092
0.741665
0.751881
1.534614
0.433875
1.000806
2.741191
0.464373
0.709048
1.780741
0.880911
1.684638
0.492034
1.804610
0.224439
1.218952
1.768092
0.088886
1.616371
1.621688
1.093243
0.568693
2.160998
1.681188
1.353428
1.015849
0.412731
1.912844
1.414112
1.362860
0.774364
1.223825
2.388522
0.623017
0.434788
0.960399
0.913060
0.725674
0.099693
0.327562
0.187196
-0.887249
-0.270525
0.328966
-0.382730
0.900089
-2.186026
0.484066
3.437954
-0.247393
0.110473
0.158752
1.187411
1.570473
2.204459
1.228517
-0.717813
0.556452
0.683298
2.175017
1.174497
0.206334
1.148267
1.400599
1.489612
1.735462
2.184830
-0.414579
2.036436
0.663384
2.075511
1.935134
0.686195
-0.981714
1.055307
1.617208
2.239953
0.507984
0.443324
-1.418630
1.704096
