1000
2.279419
1.326272
-0.028744
0.463859
1.504188
1.025962
1.100284
1.718480
1.330707
1.087372
1.552570
2.092474
-0.344292
1.415799
-0.358269
1.469679
1.536647
0.670901
3.692914
1.178678
0.841305
1.533189
1.832922
1.189762
-0.107954
0.762646
0.401103
1.273801
-0.439314
-0.196501
0.991201
-0.098408
0.799812
0.735619
2.002268
1.842250
-1.497148
0.848220
0.641492
0.850012
-0.342909
0.569061
1.484107
3.350690
1.814719
1.638913
1.840686
-0.926727
-0.535355
1.300572
0.390676
1.568463
0.545910
-0.890456
1.373777
0.647874
1.326576
1.139952
1.793380
-0.322788
1.675021
0.525889
0.949763
2.199523
2.279635
0.279139
2.047570
2.759586
0.588766
0.352632
-0.052554
1.271884
1.783295
0.781648
-0.066456
2.700339
1.910639
1.973379
0.986301
1.184438
2.495510
1.235825
0.824669
1.135807
2.188090
-0.849322
0.423924
0.849360
1.893177
0.833169
0.157183
2.385474
1.556483
2.271170
0.490472
1.355814
2.061766
2.020443
3.692821
0.655822
-0.150939
2.626433
0.785361
1.801598
0.812210
1.100514
0.514991
0.817518
1.163998
-0.348693
0.653135
2.986531
1.895599
1.747533
1.057149
1.285157
0.544865
0.809341
1.248184
2.191783
0.064836
2.975665
1.114835
0.672408
-0.985907
0.628207
1.353082
3.495398
-0.344231
0.609583
1.467085
2.422768
4.308911
1.042150
2.147339
1.406710
0.068766
1.127310
-1.336792
0.681353
1.943501
-0.414824
0.167642
0.537256
0.109636
1.841527
3.024409
0.685333
0.857157
2.251830
1.556486
2.324458
0.727809
-0.376912
-0.903342
0.338510
-0.018411
2.489034
0.905116
-0.002169
0.396672
2.332584
0.937617
2.120653
0.995987
1.391258
0.467393
1.596771
1.722782
1.779413
1.308481
0.465994
-0.180626
0.338324
1.554220
0.265174
1.606734
2.283149
1.712966
-0.736580
0.559087
0.621364
2.294647
0.049203
1.430851
0.557083
0.128002
0.134161
0.973362
-0.113808
-0.298492
1.440034
1.000710
1.273900
1.840003
-1.075168
-1.117793
-0.110132
0.291948
1.130619
2.199337
0.216566
2.279232
0.840218
-0.137289
1.851422
2.392664
1.547762
2.715782
0.650735
0.991408
1.857263
2.944573
1.542651
0.767841
0.296922
0.822061
-1.193897
0.736338
2.402584
-0.038675
0.168340
1.802127
2.695285
1.272002
1.244994
0.603104
0.380382
1.361198
-0.033857
1.158116
0.810687
1.777677
2.325855
0.958179
-0.434693
1.499306
1.139433
3.423825
0.100268
1.165451
0.829104
2.175595
0.308162
1.421341
3.500031
1.424056
-1.172170
1.990883
1.606422
0.922812
0.899711
2.894254
3.498320
1.905211
1.422806
0.948825
0.557158
2.739759
0.300621
0.918664
-0.146301
2.509352
0.658509
1.797603
4.276362
1.302887
0.535582
-0.467643
0.763724
1.928008
1.039255
1.212230
-0.744376
0.000631
2.051134
1.690600
1.749505
1.402436
0.567874
0.644692
2.160434
-0.030306
2.540262
0.844880
1.786451
0.984576
1.731912
2.383091
2.308818
0.332207
0.301641
1.970572
2.451216
0.003832
1.772151
2.329420
1.397813
-0.493309
1.465976
-0.121432
2.566809
0.922041
2.000040
1.246327
1.598820
0.099429
0.119674
0.168089
0.921472
1.428170
0.539168
1.227485
0.120460
2.289170
0.046546
0.428547
1.231663
1.168312
0.844571
1.319158
0.185498
3.530403
0.800145
2.743130
0.996785
0.415381
1.743785
-1.221764
0.429067
2.314760
1.794835
2.530653
0.741006
1.686913
-0.175613
1.611865
0.090239
0.922698
1.524110
-0.584459
1.114109
0.791597
-0.120343
1.624440
2.114776
1.424197
1.185502
0.611598
0.739498
1.213357
1.803646
1.770466
1.982665
-0.896851
1.580166
2.315827
2.009295
1.040519
1.406312
0.674078
1.686753
1.082895
0.393965
2.663191
-0.014981
0.507336
1.002672
-0.671600
1.484611
3.770786
1.105120
0.858900
1.315496
2.545963
1.668721
1.117446
0.982125
0.201833
1.503480
0.453921
1.437137
2.209295
2.166301
0.297852
-0.181449
1.739978
1.253915
2.695474
1.576657
0.898116
0.818539
1.719914
1.585343
2.247963
1.276820
0.855164
2.277063
1.600063
0.614620
1.078832
1.258365
1.360971
-1.540429
1.317082
2.265833
2.598676
1.086392
1.509754
0.383355
2.415045
2.057169
0.626798
1.525627
2.076685
0.514451
-1.132628
-0.679000
1.171992
0.769995
1.296241
0.803811
0.934278
1.394419
1.241676
1.573345
1.847764
3.420584
2.042998
3.094981
1.957243
1.417083
0.459307
-0.012186
1.568864
0.992592
1.316953
0.264590
-0.186384
0.547423
0.573093
0.863178
-0.224252
0.451222
2.741361
1.421158
1.650613
1.137349
-0.812144
-0.895759
2.763472
1.621037
-0.011912
0.969705
0.864308
0.562948
0.748355
-0.022516
0.617313
0.891994
0.488743
2.137201
1.620525
-1.470851
2.290248
0.580600
0.895940
-0.114716
1.966388
0.335262
1.115828
1.068405
2.216481
1.489186
0.599758
1.635336
0.922958
-0.850637
0.993753
1.107301
1.205985
1.702398
0.436243
1.773351
0.713990
3.148373
0.967046
0.662601
2.594561
0.397714
0.736562
0.933992
0.059634
1.457753
1.435357
2.095622
1.611929
-0.111158
0.575937
2.861838
-0.418391
0.035109
1.840462
2.295370
3.180290
0.006810
0.820741
1.222607
0.032547
0.290353
-0.837145
1.437585
1.592765
2.513704
1.054107
1.512193
0.048982
2.019645
2.030820
0.598021
-1.026106
0.786486
0.561597
0.133571
1.097338
1.245456
0.848946
0.251090
0.339161
1.973297
1.350196
1.157860
1.456458
2.521760
0.931844
1.773298
-0.119812
0.927209
0.490482
0.138315
0.305958
1.060785
3.196750
2.634142
-1.251039
1.194240
1.547091
-0.531544
0.899496
1.465719
0.401138
-0.454577
-1.005474
0.993312
0.524214
-0.744974
-0.528142
2.468676
-0.520700
2.056696
1.564617
0.400653
2.078254
1.928763
0.267646
3.158619
0.803866
1.006090
-0.532299
1.958185
-0.140746
0.191754
0.739548
0.068308
0.820002
2.005686
2.096722
3.150413
1.440539
0.479017
3.463505
-0.099313
-0.398552
0.193584
1.594171
-0.565135
-1.631907
0.370777
1.658583
1.490531
2.065014
-0.220846
0.251437
0.768068
0.205161
1.491321
1.282479
1.696474
1.896541
0.492592
0.711853
-0.188555
2.047300
-0.724240
2.210344
1.321738
-1.045548
-1.456979
2.419391
1.216296
1.104206
1.741737
2.616700
-0.145077
0.445758
0.878825
2.386409
0.242722
0.847611
0.299943
1.531800
2.101174
2.102482
0.110808
0.334107
0.530212
0.559180
-0.424215
1.300882
0.913999
1.365120
1.959609
0.631482
2.870393
1.301716
0.319031
0.478236
-1.044440
0.092168
-0.898585
2.884931
1.771133
0.909025
0.586926
2.270569
3.399902
1.270735
2.212085
2.338768
-0.103863
2.175443
3.408709
0.243642
1.251857
0.143935
-0.277376
2.386947
1.526366
0.911345
0.566737
1.483839
0.248239
-1.851536
1.389636
0.288552
1.324906
1.475126
-0.366541
1.685728
0.357281
-1.267731
1.940863
3.069794
1.165760
1.910019
-0.645395
2.243853
0.439142
-0.829686
0.806350
0.873643
-0.178456
0.470799
2.188744
0.337753
0.310306
0.643678
0.223493
-0.829691
1.064368
0.601785
1.085165
1.637166
-1.096530
1.108332
1.724911
0.404709
-0.407243
0.266121
-0.206053
1.477470
1.992243
-0.345483
1.266671
1.419214
2.010188
1.773502
1.516829
2.215969
1.164903
1.715131
1.169509
0.875326
1.932434
0.447812
1.782288
0.858681
0.785151
0.564432
0.859021
1.421094
0.594694
1.013256
0.602980
1.699230
1.527030
0.232541
1.797145
1.327239
2.843102
2.990613
2.420163
2.630412
0.600622
0.547464
1.415385
1.121168
1.455958
0.129622
2.527700
0.358547
1.388324
1.462451
0.894071
1.751183
1.378278
1.787886
1.153734
3.027403
1.257219
1.883365
-0.023046
-0.066210
2.677753
0.383343
1.506781
0.342046
-0.508680
0.808455
0.945913
0.955139
1.714898
0.719615
2.455798
-1.301550
0.269625
2.214087
1.168328
2.895461
1.872893
0.388797
1.349440
1.666833
1.514204
1.789948
-0.669761
0.619019
-0.813241
1.186791
2.633175
2.845636
1.944029
-0.243135
2.762218
1.066240
0.127808
1.905530
1.748818
2.109941
1.275438
2.341082
3.485830
2.401122
1.378372
-0.972585
0.990630
0.844386
1.300285
-0.817103
2.044542
0.200567
0.135558
0.140008
1.426763
-0.562444
0.773053
-1.294610
1.009495
1.655669
0.751060
1.194158
1.691645
0.813738
0.444278
1.228589
1.880020
1.276096
-0.332490
1.097566
-0.523970
0.860181
1.755311
-0.952598
1.493749
2.397290
1.699417
2.447554
1.830365
0.576951
-0.139259
1.744983
0.529544
-0.711045
0.434798
0.677430
0.694014
0.888334
-0.315810
-0.079779
1.234434
-0.518464
2.556524
1.581851
1.118671
1.011796
1.837687
1.299825
1.001615
2.046777
0.663494
-0.011301
2.651946
1.865772
0.980231
1.174953
2.360989
2.772452
0.399468
3.030214
1.111916
0.766611
-1.077325
0.480956
2.364505
0.896350
1.800634
0.759416
0.983926
0.647258
1.993684
0.898116
0.735749
2.282095
-0.237337
0.616218
2.366162
2.097900
0.472347
0.753961
0.623887
0.457812
0.568358
-0.758574
1.796507
0.600383
2.203069
1.152920
1.104159
0.975654
0.616553
1.296879
0.822407
0.623415
0.245078
0.628209
0.174162
-0.404920
2.082896
0.880995
0.980061
0.642399
2.122571
2.228707
-0.765990
1.116882
-0.077452
1.564998
-0.601218
0.694755
-0.027229
3.456128
2.857893
1.633197
-0.361659
1.228420
0.406978
0.580182
0.281610
0.775570
1.576323
0.616168
2.675340
1.541718
1.640479
1.094670
-0.162843
0.716068
1.791004
0.515149
0.586505
-0.009028
2.203755
0.081694
-0.439759
-0.819301
0.896438
0.941646
2.538373
0.048081
-1.118138
1.201517
2.158703
1.170297
3.221067
0.239692
2.083063
2.089849
2.262858
1.843688
1.182149
0.189418
-0.020221
1.698162
0.051848
1.439127
0.198184
1.049830
0.509413
2.685156
1.828835
0.496969
-0.022451
2.690679
0.421526
0.691129
1.361743
1.020254
1.471064
0.213396
0.269272
0.264662
-0.507746
2.135532
-0.397525
0.290778
0.404784
0.422938
1.140087
0.226749
0.734469
2.269306
0.078528
-0.057060
1.454004
-0.422662
1.754079
0.513340
0.715496
0.565286
0.906916
0.010137
2.140861
2.743846
0.547471
1.294673
-0.031559
1.522337
0.475933
1.740271
1.504233
