1000
1.499073
1.109429
-0.026539
1.708494
1.039171
0.224606
2.077782
0.291902
0.385305
1.312861
1.279365
0.172838
1.532165
1.334678
1.082733
1.493394
-0.078745
3.030623
2.181267
2.078651
1.174286
1.224414
0.112544
0.957177
1.997517
1.628409
1.908944
1.954765
-1.827347
-0.627228
1.011250
1.383229
2.509103
0.205856
0.688745
1.416153
1.391478
2.254623
-0.159167
0.599451
0.439727
-1.558911
-0.084537
0.719795
0.875014
1.381807
-0.308033
0.706795
-0.657708
0.107929
1.073758
1.181161
0.517795
-0.774454
-1.229794
2.624631
3.053814
0.214112
0.847316
2.056353
2.408195
1.411044
2.350883
1.508101
0.273224
0.362489
1.315964
0.136373
2.715232
1.319333
1.331130
-0.777871
0.547674
-0.661351
1.971388
0.793953
0.549904
-0.044014
0.208412
3.742300
2.569143
1.353901
2.349982
-0.075272
0.704073
1.677281
0.312681
2.522409
1.944942
0.770582
0.040054
0.065980
-0.937782
0.550528
1.501027
0.616772
1.004213
-0.064713
0.277353
0.843554
0.338721
1.236492
0.316047
0.861714
0.966729
0.447105
2.184314
2.653039
1.859186
0.998771
0.206988
-0.229186
-1.561290
1.736577
-0.794202
0.399548
1.646989
-0.115641
0.585447
1.299889
1.244852
1.276612
1.902738
0.474280
-0.025568
2.360530
1.775354
-0.146881
2.213396
1.270941
3.593038
1.756041
0.922876
0.880523
0.913964
-0.154971
-0.835754
0.277083
1.809387
1.918023
-0.227257
0.737311
-0.837468
-1.220644
-0.264107
1.088308
1.736382
0.283948
0.395724
0.662244
1.905611
2.617500
0.984003
0.193525
0.952982
0.345263
0.250117
0.765147
0.955413
0.859175
2.124375
0.781430
-0.393449
0.862182
2.780248
1.266330
1.604095
0.144446
1.012484
-0.456644
0.902366
-1.075145
0.592441
0.913664
0.456502
-0.598490
0.462624
3.476247
0.763720
1.238363
0.695302
-1.505578
2.083090
1.937307
0.070006
-0.838126
1.211978
1.456355
2.129128
1.151293
0.650722
2.211156
1.116562
0.828437
0.826926
2.507571
1.652139
1.297155
1.293715
3.446130
1.854398
1.007544
3.008079
0.476331
0.898168
1.309657
-0.437319
1.144991
-0.280275
2.117046
-0.005328
2.884929
2.448451
0.501669
2.636904
1.347106
1.187331
1.317797
-0.867167
1.050511
0.315952
1.181016
0.971651
1.946811
0.517800
0.732704
0.877483
1.514903
0.284162
1.609984
0.566089
-0.371531
1.142619
1.785182
1.419203
2.337326
0.644788
0.006354
0.866341
0.970157
0.295253
-1.246113
0.256432
2.603214
0.523098
-0.153588
2.068973
1.661659
-0.261559
0.897700
1.227500
2.064190
1.945359
-0.067999
1.567656
0.405757
0.773075
0.563663
1.270766
-0.876476
1.422265
1.456949
1.637331
1.431593
2.147424
0.379157
1.464777
0.663558
-0.627719
1.163534
-1.029998
1.695587
2.222460
0.079082
1.233491
-0.128843
0.570515
1.611623
-0.227345
1.625611
-0.174439
0.202952
0.415421
1.224231
0.337553
0.809644
1.090259
2.562331
1.200664
-0.927958
3.603538
-0.200725
2.111604
-0.246625
1.609998
0.685171
0.510798
0.425736
1.144617
0.872187
1.430171
0.948274
0.860758
2.237537
1.129395
1.040464
1.172820
-0.143030
3.824461
0.462155
2.753511
-0.044070
2.509353
-0.557083
1.197505
0.180095
2.143830
1.388881
0.973278
2.252468
0.959588
2.214537
-1.077839
0.244644
0.030042
2.137308
1.857625
1.203898
0.527997
1.850996
0.496471
0.298472
-1.694430
0.342690
-1.511880
1.201804
1.385072
-0.743246
0.921228
2.069567
1.522209
0.205370
0.470492
0.715414
1.075493
0.707104
0.227816
0.782567
2.801086
2.389943
2.142893
2.290701
0.446574
0.890921
0.916020
-0.456775
-0.202823
2.060927
2.185583
-0.718523
1.425138
1.186503
1.762661
2.048535
0.596721
1.794527
1.071151
3.479346
0.070985
0.180211
1.114373
1.962243
3.116866
0.302500
0.061997
1.114728
0.156972
-0.262292
2.024506
1.133127
0.884032
0.388540
0.898319
1.409338
-0.369997
1.744477
-0.557128
0.136006
0.465264
1.763041
0.350627
1.874944
-0.127646
1.413511
0.883724
1.141118
2.649420
2.407009
1.698426
1.827933
0.345076
-0.754370
0.817360
-0.120859
0.249783
1.624087
1.711670
-0.028824
4.215846
0.466472
0.962113
0.267987
1.077581
-0.242567
-0.287128
0.263217
1.353073
-0.415298
1.546930
0.702611
1.962489
0.631564
-0.280428
3.413966
0.964756
2.379429
1.806685
0.011526
0.521327
0.932245
1.516095
2.494397
1.447040
0.821521
-0.538258
0.802390
1.594022
1.004633
1.692760
0.109062
0.191937
0.936647
0.736822
1.436496
0.070285
1.805718
2.287326
0.765532
0.575499
-0.985894
2.197070
-0.035515
0.388666
1.226510
1.782069
0.015507
-0.625782
1.394960
2.441771
0.972124
1.606147
-0.593760
1.067219
0.545981
0.919092
1.415876
0.341567
1.300805
0.352432
1.559007
-0.339151
0.912895
1.200986
1.635309
-0.204584
2.437506
1.909321
0.617181
0.760837
-0.021198
2.113496
-0.979660
1.232494
1.662922
2.418877
2.485469
2.293387
-0.022993
-0.492557
0.170956
1.433091
1.377829
2.921363
4.819670
0.496287
0.698175
1.469799
1.173677
0.851359
0.889606
-0.194274
0.695655
0.405009
1.974088
1.641838
-0.854640
-0.394482
-1.379426
-0.013311
-0.792791
2.860602
3.441177
2.536074
-0.574836
1.790644
1.315708
-0.877272
0.472854
1.360199
2.515995
1.823043
0.002457
2.352405
0.813182
3.501710
-0.894123
0.449770
-0.604018
1.122278
1.473505
0.660191
3.218780
0.283151
-0.748428
1.631053
0.907193
0.733950
0.443933
-1.989936
2.061231
0.149418
2.631720
2.101917
0.441297
0.759633
-0.351156
2.267446
1.364956
1.411441
0.300738
2.865137
2.058963
3.702528
1.913470
2.744930
2.252695
1.359761
1.116787
2.314222
2.240957
1.091055
-0.229225
1.213005
2.707536
-0.489179
-1.582641
1.512953
1.664165
1.020235
-0.794276
0.205416
2.514525
1.215216
1.075566
1.976282
-0.225230
3.187422
-0.024978
1.037668
-0.726231
0.904661
1.472207
-1.953351
0.388298
1.912475
1.378433
0.656066
2.622280
1.951022
0.390948
0.235092
0.608793
-0.165536
0.569167
1.749340
2.254318
0.441698
-1.031738
0.562379
1.322550
0.350757
2.182343
2.720143
1.169870
0.501415
1.602963
1.854275
2.591010
-0.147783
0.079735
0.568612
0.583534
1.797594
1.083510
0.662986
1.453298
-0.244276
1.792869
1.125399
2.005494
-0.206164
2.478177
1.250657
0.898643
0.310621
0.785958
2.065656
1.942399
1.001817
0.575864
0.752273
0.839950
1.354517
0.934371
1.141554
0.700387
-1.190238
1.174487
0.224508
2.215881
0.855861
1.016461
1.159370
-0.784836
0.620285
2.658084
2.048777
0.652859
1.517406
0.884408
-0.014862
1.516528
1.401709
0.620848
0.565190
1.532027
1.176874
3.264778
0.516788
1.963461
1.098785
2.064230
0.119184
0.922226
0.606000
1.122011
1.105991
1.476453
1.536302
0.969523
1.971214
0.714322
1.742334
-0.497158
2.242990
0.842584
0.731093
0.922720
0.860285
1.735791
0.408212
0.982380
1.860934
0.489639
0.897625
-0.443240
1.748627
2.876603
0.952059
1.021963
1.372946
1.031161
2.613210
0.967069
1.630337
0.611161
1.797276
0.150434
2.277669
1.778260
0.488639
0.877055
1.208552
1.703593
2.676998
-0.583627
1.118721
2.609516
1.235505
0.824239
0.183780
1.162502
1.513131
0.529378
1.711513
-0.742613
0.844677
1.773850
0.960751
1.170158
1.392024
-0.128017
-0.180809
1.846410
2.924561
0.902402
0.818546
0.306164
0.382631
0.240828
1.761210
-0.205837
1.778222
-0.196962
-0.201719
0.909453
1.775836
0.555759
0.581170
0.065513
-0.007136
1.228141
0.689472
2.291071
0.471780
0.588925
1.581044
-0.235165
0.969145
0.873158
-0.104695
1.269398
2.232075
0.192347
1.167802
2.315494
1.165663
0.965354
1.108591
0.143625
1.288962
1.080391
2.942965
-0.990177
1.516003
0.145623
-0.506518
-0.357518
1.486136
1.823195
0.065092
2.091013
0.464412
1.341528
1.586539
0.994050
-0.469452
1.812302
0.435648
0.581816
1.408211
0.980827
-0.555003
0.606723
0.275980
-0.753240
0.686088
-0.230623
-0.009326
0.648387
1.098428
1.432701
1.953172
1.494329
0.173697
0.565025
1.572219
-0.568396
0.159334
0.982347
-0.189023
-0.721899
-0.139584
-0.249947
-0.185177
0.537595
0.164267
1.666449
-0.416258
1.159772
-0.499881
1.185717
-0.760375
-0.167112
1.661639
1.941465
-0.447934
1.847173
3.645752
1.334637
1.229526
0.765912
-0.509400
1.473338
0.427987
0.934107
-0.297275
1.039458
1.516839
-0.261797
0.627402
2.719997
1.462420
2.532201
2.821643
4.106573
-0.386196
0.521310
-0.339060
0.773796
0.835093
1.258941
2.098812
2.637206
1.904714
1.851501
-1.161199
2.011147
1.525286
1.304731
0.270507
0.397660
-0.189165
1.085531
2.663223
2.059882
0.867573
0.819534
1.783614
1.488912
0.758686
0.533878
0.440735
-0.419208
1.320807
1.102300
0.988165
-0.107663
0.943328
1.896065
-1.123003
3.037821
1.400774
1.879222
0.880469
1.626582
0.626289
1.457262
0.054438
-1.585897
1.158995
0.709305
0.105813
0.711802
0.554105
1.329117
0.556023
-0.189730
0.416432
-1.025349
0.689825
1.076069
2.445114
-1.160004
-0.942331
1.617026
2.210901
1.083443
-0.712633
1.501924
0.452699
1.321706
0.171962
0.049224
2.445929
-0.220871
0.340998
0.671141
1.254867
-0.049209
2.051060
0.930169
1.068824
1.566471
2.386693
1.001341
0.840304
0.449640
0.169737
0.504770
1.570854
0.242364
-0.505487
1.691290
1.788613
1.324971
-0.562751
0.824326
-0.241012
1.537427
1.261922
0.921092
0.579473
3.469332
1.707187
1.376385
1.443096
0.797345
-0.276198
1.198194
0.099531
1.102431
0.131382
1.238646
2.641408
1.118144
1.366947
2.373791
1.351048
1.110699
1.784934
1.633700
0.566380
0.615519
1.395083
-0.401834
2.707598
2.426615
-0.131306
1.170070
2.434293
0.094854
0.443159
0.573224
0.342750
1.562925
-0.526343
1.117678
1.758343
-0.293805
0.509632
2.175162
-0.207784
-0.299449
0.599024
-1.379614
0.187704
1.354755
1.951051
0.129300
1.573695
0.845536
-0.482910
1.206219
0.144773
0.862015
0.542802
1.490448
1.972692
0.665461
1.725752
1.670032
0.453396
0.065366
-0.293836
-0.543864
1.693105
0.359772
-0.178088
1.205514
