1000
0.278365
0.907411
0.942001
0.709054
0.805764
-0.042399
-0.841106
0.800902
1.190823
0.750788
0.452492
0.908118
0.751716
0.292241
0.533955
0.880442
-0.324267
-0.075573
-1.897939
1.172738
2.389199
0.048122
1.223928
0.692422
2.916197
0.385827
1.877064
2.863035
0.859063
1.363621
1.655521
1.284074
-1.917343
0.140834
0.118868
0.882581
1.307591
0.640127
0.070217
1.494287
2.893544
1.874316
1.387689
1.131147
0.849775
-0.048637
1.588034
1.663768
1.469923
1.481256
2.681589
-0.456273
0.780294
1.328341
0.583414
0.548915
1.602195
3.179798
2.416529
-0.124953
0.804716
1.995409
1.273656
0.025550
2.280734
0.704047
0.332407
1.549196
0.954419
-0.125384
-0.764700
0.207095
0.053718
1.563252
0.999874
2.031125
1.839086
0.481194
1.878813
1.621179
1.515486
1.355756
-0.889145
2.026816
0.745593
0.963290
1.393354
1.288907
2.640982
2.247706
1.421391
1.280312
0.071914
2.349159
1.953380
-1.164215
0.932573
0.446906
0.700975
1.955729
0.789328
1.119098
-1.309588
-0.565564
1.292944
2.629668
0.327621
2.442082
2.678191
0.586051
0.608502
1.192965
1.764212
1.191681
-0.371255
0.439051
-0.211608
1.024308
0.619030
1.619313
-0.477849
1.850238
1.425458
2.774673
0.342424
1.339677
0.509602
0.291919
2.742272
0.261942
0.911177
1.863430
0.046835
0.794507
2.151436
2.359621
1.876903
-0.801702
0.756422
0.403587
2.801254
0.512252
0.841264
2.336005
1.101461
1.194966
0.646171
-0.536536
1.348644
0.494385
2.716706
0.734448
2.821862
1.295944
-1.568449
0.442489
2.403556
1.873222
1.092484
1.955584
0.141981
1.205299
0.630449
0.245320
1.837179
0.399370
1.469651
2.293805
1.177898
0.405083
1.500900
1.100980
0.505031
1.787095
1.319924
1.403759
1.392614
0.392830
1.088113
0.866085
2.395987
2.956352
1.258692
-1.085018
0.958268
0.760920
1.062080
1.367692
0.422387
0.633618
0.792681
1.867998
1.848069
1.070073
1.007109
1.284463
0.204839
-0.518274
1.747406
1.567010
1.181238
1.468652
1.649849
1.301291
3.338805
2.446472
0.120046
0.334175
0.717993
1.789355
-0.203483
1.428315
1.213272
2.217374
1.735984
2.336647
-1.589066
1.196734
2.513542
-0.877104
0.676847
0.777974
0.611672
0.168273
0.023992
-0.679191
0.286990
1.622213
0.036741
-0.839193
0.819215
1.811794
0.885735
0.016624
3.378869
2.067390
0.598904
0.456592
1.174199
1.492695
0.582608
-0.010785
0.170264
0.753097
0.364773
0.672440
-0.370018
1.136406
1.135436
1.867285
0.425350
0.892545
1.727106
1.542714
1.205937
-1.626548
-0.333604
1.978964
0.885522
-0.389647
0.737436
0.587964
2.891962
-0.568718
1.010906
2.726867
1.187160
3.465538
2.335118
0.798380
0.475836
1.778007
1.151657
-0.207718
0.499890
0.801567
1.008048
2.333606
-1.034846
0.408480
-0.340065
1.105069
0.932794
0.444375
0.397004
2.387174
1.698763
1.631656
0.317434
0.666580
1.743950
1.516338
0.962290
-0.426950
1.071747
1.562229
1.692860
0.536605
0.699633
1.296848
0.077414
0.628061
1.606565
1.920642
0.291272
0.384647
1.526515
2.247793
3.242718
2.183222
0.808160
1.120236
3.379608
2.130487
-0.443253
1.730234
-0.365153
1.720692
0.611799
0.916058
-0.920670
0.704031
0.729893
0.653913
-0.159600
1.154875
1.634426
2.734291
0.811294
1.312987
0.090830
1.040253
-0.245291
2.149399
-1.040067
1.194659
-0.393991
1.181040
1.943372
1.540456
1.630667
0.401398
2.182555
0.251684
1.537125
2.501186
0.702897
0.807752
1.164645
1.884251
-0.035505
1.557461
0.904556
1.039455
0.994675
-2.700490
1.242076
0.830074
2.364992
2.447008
-0.513504
-0.956526
1.269022
3.514642
-0.438075
2.194113
1.052400
0.189918
0.253606
0.726902
1.895069
0.488369
0.740098
1.635268
-0.087869
0.856844
0.655586
1.186884
0.591260
0.202141
0.131978
2.053974
1.210668
0.345335
2.438705
-0.331996
1.276649
1.777918
0.848553
0.336723
-0.301155
0.347002
-0.179681
0.211043
1.224060
2.910309
2.721229
0.135324
1.643830
2.151976
1.211709
0.857278
0.719572
1.054852
1.300227
2.294222
2.729415
-1.194317
-0.120825
0.251898
0.662138
1.166673
1.503476
2.647599
0.119409
1.363198
1.506810
2.274819
0.522528
1.596931
0.552327
1.055725
1.081856
1.054070
1.350309
0.158166
1.622341
1.829089
-0.290290
-0.670462
-0.640928
0.017479
1.083545
0.880483
-1.294221
1.861800
0.650801
1.255095
0.939092
0.286991
1.732679
1.294667
1.140243
2.048495
2.358342
-0.118119
0.463351
0.020952
-0.402351
0.836175
1.890778
2.092026
0.443265
0.199078
0.379599
1.336034
0.310358
-0.569681
1.242278
0.279026
0.270406
0.477736
0.238286
1.506381
1.348341
0.510976
0.404944
1.435237
1.639396
0.215174
1.816941
1.477068
0.075474
0.528295
0.690272
0.488538
2.836431
2.133653
1.218812
0.293380
1.797760
0.403411
1.888029
1.216863
3.781563
1.177978
0.978950
-0.485610
0.105213
0.623483
0.848586
-0.345412
0.477801
-0.686684
1.815556
0.821617
1.400763
1.525158
-0.152157
1.383724
1.737398
-0.527343
2.054806
0.196957
1.783820
1.724207
1.724482
2.234966
1.379372
0.289328
0.619008
0.706496
0.254333
1.072759
2.893919
0.024049
1.697495
0.816569
1.216517
0.410293
-1.670771
2.683830
1.730449
1.369836
3.298272
2.094289
1.221662
0.423173
1.995411
0.600076
-0.388647
0.303196
2.098948
0.765191
0.078067
1.325493
1.087695
1.144279
0.602429
1.498446
1.772739
-0.105235
2.673876
3.111657
0.532518
0.276330
2.172975
1.281735
0.361291
2.561730
-0.549464
-0.534307
1.079567
0.553138
-0.844831
1.136823
0.972245
0.206887
1.324347
1.430031
0.473153
0.550451
1.631153
0.382457
-0.056208
3.113551
1.288768
1.362338
0.696699
0.816325
-0.033608
0.538990
0.941319
1.167959
1.615583
2.840101
1.835521
0.456081
0.660044
-1.527968
2.072337
-0.001392
0.133103
0.080795
-1.436041
1.878002
-0.116703
2.458865
-0.532921
1.308462
2.117226
-1.446821
1.322597
-0.327213
-0.620673
0.047636
0.656224
1.180239
-0.139387
1.060404
0.209698
0.142117
0.534815
2.589877
1.236439
-0.362015
0.477443
2.248859
0.661447
-0.656099
1.204891
-1.492254
0.614045
1.346099
1.418355
0.493942
0.820284
2.090119
0.313444
-1.162519
1.502034
-0.991196
1.837174
0.665602
1.063841
2.716475
-0.674333
-0.698860
0.930818
-0.468098
1.235545
-0.207708
0.916272
1.530454
-0.368019
1.585055
1.266017
0.402444
0.895641
0.435738
1.040215
0.816993
2.137043
1.181458
0.734951
1.529363
1.109613
-1.004908
2.128736
0.991004
2.867500
1.276276
2.100829
0.457301
0.162962
1.266573
1.198071
1.155456
0.916811
2.018103
-0.512862
1.715642
-0.104539
0.127104
1.800819
0.261810
0.644180
2.850855
1.591937
1.395047
1.881830
1.033785
1.269774
0.866669
0.083773
1.664434
0.698621
0.739148
1.164647
-0.106626
-0.829299
0.667356
0.795700
-0.150908
0.008735
0.932147
2.258809
0.034768
0.504000
1.062140
1.489908
3.138747
1.464811
0.581902
2.257287
2.091263
2.889095
1.522043
0.027585
1.591506
0.526695
-0.569001
3.391555
1.069605
1.007258
0.944086
0.739996
1.757155
1.471511
0.595497
0.844985
1.431463
0.272808
2.720272
0.405054
0.601174
2.085968
0.125503
0.918388
1.438153
0.372984
0.888761
1.391022
-1.013438
1.701892
0.615681
0.786043
1.349958
2.488773
-0.253066
0.325275
-0.932213
0.660598
0.801468
-0.047775
1.676202
0.324332
0.816846
1.113439
-0.563297
0.990438
0.288308
1.473286
1.648544
-0.687282
1.267452
1.621568
1.338272
-0.810525
0.604138
0.008812
0.304649
1.142308
0.701327
1.563006
1.625945
1.705184
-0.521838
1.402850
0.546456
1.963160
0.183241
0.798549
1.180953
0.146669
-0.212715
1.788474
-0.287903
0.272436
0.448626
0.814746
-0.949480
-0.157842
1.163350
0.966874
0.196253
-0.539734
0.582770
0.934914
-0.266134
2.659650
0.235971
0.341384
0.404102
2.075178
-0.306393
0.710430
1.807840
0.654259
-0.694815
0.834723
1.493417
-0.568046
-0.092150
1.236938
1.229382
0.846805
0.433396
1.022881
0.671729
1.607296
2.313040
0.881494
1.877834
0.669143
0.144772
1.060551
-0.105193
-0.402060
0.793946
0.181227
2.489588
1.432718
1.829899
2.597338
1.181754
2.018266
0.254756
-0.870556
2.074668
1.541616
-0.050087
-0.098144
-0.870867
1.174741
1.908448
1.166122
-0.876746
1.665940
-0.276041
1.632878
-0.870403
0.058409
0.134403
0.092707
0.909455
1.446594
1.190224
2.053411
-0.697868
1.083752
-0.144529
2.949323
-1.231831
1.677409
-0.121874
-0.662341
1.160258
0.750311
1.481782
-0.054793
1.810430
1.302481
0.796312
0.904599
1.641816
2.073845
0.584984
0.485741
1.218269
-0.384283
0.686359
3.228815
0.021176
0.135392
-0.823877
0.983381
-0.550673
0.118419
0.846035
1.099396
1.066072
0.826566
-0.324416
1.173005
1.436644
-0.529829
0.772040
0.808780
0.733307
1.720505
0.708699
1.624677
1.307212
1.485905
1.369126
1.185956
1.149830
-0.510130
0.242833
-0.120949
0.338283
1.189705
-0.320766
1.325578
0.443253
0.032377
1.433652
0.952047
1.768277
3.398074
0.694944
-1.377828
1.341995
1.135137
1.253357
1.430739
0.792714
1.973603
1.765976
1.621906
0.870926
1.156921
0.081937
0.581674
1.420332
1.459341
2.594835
1.337253
1.874492
1.185811
0.323320
2.136135
2.146201
1.886635
1.701291
2.431959
-0.120190
-0.213070
0.429408
1.591193
-1.330191
1.591708
0.004680
0.703355
1.873468
2.413908
1.059696
0.449298
-0.049503
1.542736
0.718726
1.289841
1.754512
-0.118359
0.610123
2.324162
2.365625
0.398819
1.559905
0.831659
0.316189
0.538220
0.717861
2.032094
-0.199941
1.543378
2.321362
0.946748
-0.757033
0.120971
-1.515888
-1.471834
0.454189
-0.155081
2.046629
0.488419
0.179923
2.534571
0.803370
2.474089
-0.081219
2.126221
0.919266
1.192997
0.941029
2.329210
-0.714936
1.118011
-0.663135
1.458259
1.403040
1.963464
2.562644
0.882796
1.354809
1.749806
3.014163
2.277308
0.877755
1.768424
0.500583
0.168740
0.141147
-0.136351
0.073304
0.462845
1.458735
0.925296
1.897271
