1000
2.039861
1.995942
1.901970
1.585840
0.821533
0.471466
1.968790
1.695299
-0.512358
1.258429
-0.512641
0.365398
0.405242
0.946285
1.350969
-0.654882
1.210428
-0.394359
0.225426
0.448201
0.855931
0.930382
0.147561
2.383440
0.420247
0.543486
1.045226
0.189807
0.661895
2.237553
2.669485
1.097252
1.817965
1.728267
-0.124805
1.337934
0.750324
-0.202344
1.602280
-1.681581
0.950741
1.208132
0.949623
2.925082
1.619806
1.060319
1.912970
1.142418
2.020838
0.745419
-0.050940
0.924861
1.156158
1.957000
-0.416623
0.426314
0.968960
0.863866
2.176673
-0.323961
1.523494
0.612065
0.616344
1.891625
1.089691
2.054826
0.194790
-0.405953
0.790217
0.785900
-0.803755
0.478333
0.423320
1.812140
-0.595354
1.248172
0.550201
0.321099
0.896894
-0.647986
1.874159
2.079950
0.442069
0.346964
1.551089
-0.468233
-0.145651
2.325654
2.009487
1.008613
1.572608
-0.735581
-0.731695
0.380840
2.906943
2.163477
1.138415
-0.247642
1.518764
0.076352
-0.643671
1.794120
0.899085
2.619558
0.590420
0.914320
1.875162
0.020529
2.762541
2.988499
-0.585808
0.857416
2.146094
1.208728
2.809888
0.734369
1.445352
0.411463
0.205487
2.906484
-0.958274
0.339291
1.989996
1.017442
2.123662
-0.395872
3.290772
0.804425
1.604907
1.961542
-1.340397
0.261967
0.680339
-0.400305
3.213841
1.726723
-0.023832
0.112185
-0.797225
0.243091
1.686366
0.229179
0.400676
0.535803
0.938890
-0.595299
0.568558
1.257880
0.228306
1.938056
1.133856
3.261809
0.255882
1.132971
1.705193
1.693897
-0.697075
0.044830
-0.869194
1.538458
0.536589
1.136670
0.935783
0.469460
0.203795
0.405698
1.321531
-0.337993
1.610308
0.820482
0.910516
0.644604
1.576344
1.161506
0.534922
1.240871
3.042517
0.863011
4.753583
-0.616308
0.994761
1.051652
1.333699
-0.502167
0.693473
1.461619
1.734585
0.489513
1.261553
1.774013
-0.079748
1.031530
0.805684
1.875009
1.288490
-1.290076
0.299960
0.618068
1.238937
-0.442631
1.185910
2.482513
0.232878
2.836251
1.179472
0.430011
0.036440
1.572243
1.316537
1.446301
1.316392
1.608941
-1.662188
2.703359
-0.751634
0.493613
2.289580
0.372638
0.734350
-0.189349
-0.572137
0.997286
2.018902
1.497817
0.948056
2.329622
2.508760
1.133492
-1.036413
1.543677
0.809893
0.159427
2.363236
2.936745
1.131636
0.922792
1.236657
3.371115
0.922910
-0.056284
2.135127
1.146821
0.516096
-0.418818
0.831797
0.611289
2.970338
-0.703755
2.887195
1.412730
0.384709
0.158152
0.202348
-0.283760
2.939555
2.032000
1.731367
1.954699
0.054646
2.758160
2.058774
1.667765
0.397648
1.954739
1.234771
0.740153
-0.498597
4.220796
0.502960
0.353378
0.088101
0.889748
1.615460
1.819740
-0.166514
1.321667
0.753578
0.272093
0.059292
1.242677
0.679734
0.859254
2.113885
-0.076706
2.998927
-0.885161
0.850456
1.703733
0.463039
0.340752
1.665799
0.899376
0.115414
1.311500
-0.287507
0.434145
0.157124
0.181161
0.213259
1.555598
1.267530
2.014285
-0.056298
1.027872
1.184720
0.544545
-0.715165
-0.104246
-0.493462
0.125140
0.806991
2.047803
0.776682
1.735307
1.482139
1.293670
0.580974
1.428049
1.142876
1.912403
1.180349
0.968117
1.288016
1.459469
3.131426
1.432181
-0.237194
2.171143
1.380912
-0.657200
0.472801
0.970551
0.562735
0.897567
0.016653
0.776478
0.959735
1.524584
2.438446
0.836560
0.353716
-0.193729
2.956650
1.695460
-0.675981
1.903549
2.289339
0.186238
1.005665
0.420087
0.733989
0.695402
1.333113
1.400452
1.546544
0.403848
1.315671
3.094269
-0.567836
1.062799
0.907609
0.900853
0.501822
1.653700
1.566046
2.550564
1.929275
1.156330
0.169714
1.760269
0.383844
2.144660
-0.651934
0.301524
-0.782126
1.000549
0.507720
0.213194
0.550857
2.261155
0.760114
1.301651
0.092729
0.720816
1.718903
1.084716
0.718036
0.316887
0.502602
0.775642
-0.925475
1.690503
1.874624
1.312761
1.636756
1.360881
-0.319557
0.217260
1.081243
0.107288
1.980037
2.770325
1.134406
1.637673
1.705778
1.695717
-0.201187
1.686740
1.702985
0.265822
1.952640
-0.842224
0.296489
1.715261
0.964362
2.642944
0.982774
-0.592360
0.008794
3.061184
1.493813
2.804579
1.848103
0.088519
-0.601009
0.272066
0.366825
0.365594
1.059728
3.094898
1.475114
1.253611
0.606230
2.322227
1.641608
-0.369931
0.337361
0.669986
1.054033
0.236999
1.958253
1.323042
-0.051171
0.074652
1.190751
1.488499
2.627535
-0.057812
1.357865
1.006377
0.589487
1.007292
0.667181
0.222659
1.897316
1.484661
1.513426
0.839497
1.644446
0.972766
-0.853008
1.614439
0.685228
1.360712
0.866473
-0.345055
0.977361
0.745224
1.006867
-1.860049
2.007961
1.849862
1.393885
2.457589
2.732171
0.366542
1.282192
2.165598
1.384551
1.392895
1.427391
1.597285
0.266152
1.863218
1.117543
1.705417
1.201521
1.102356
0.940940
1.062353
1.428814
0.719523
0.723095
1.296999
-0.742159
3.388528
1.145616
1.387185
2.437331
0.347624
2.593653
0.409448
1.333482
1.520905
1.796103
1.294314
1.211792
0.453137
1.855494
0.838072
-1.209688
0.298845
-0.357436
2.900850
-0.058223
-0.504356
0.423346
0.334210
2.614563
1.237962
1.507051
-0.771107
2.685453
0.733077
1.543762
-0.567505
2.233854
0.943944
1.786425
0.040913
2.076065
0.612150
3.275787
0.981410
3.269609
2.142389
1.234296
1.967056
0.502481
0.287334
-0.459556
0.852035
1.456140
0.357868
2.467659
0.904561
1.709231
0.729537
-1.129807
0.762753
-0.791952
0.806374
-0.735175
-0.798353
0.813058
0.606011
0.735499
-1.184623
1.314770
0.619475
1.223958
0.220859
1.151966
2.552648
2.819417
-0.321757
2.755731
0.035943
-0.050621
0.770069
1.140876
2.713342
0.735067
0.252322
-0.551600
1.138064
-0.727642
0.893206
-0.030806
1.725150
-0.079619
1.841340
1.295796
-0.398885
1.506867
-1.498193
0.780757
0.563585
0.665728
0.905983
0.219299
1.897052
2.276636
0.857155
1.885750
0.368604
1.118115
0.952624
1.614281
0.002475
1.552366
1.749231
1.806714
0.502320
2.985590
-0.320807
2.891733
-1.183490
0.372571
1.274115
0.036370
-0.621092
0.986778
-0.369348
1.817014
2.202676
1.139109
1.296841
2.398304
0.679523
1.429284
0.401464
2.612921
0.505603
0.771512
0.242812
3.473429
2.114137
0.457165
2.410938
1.488787
0.744112
1.942623
1.714434
-0.053253
1.473508
-0.941869
-0.208160
0.610352
0.655485
-0.065893
1.777543
1.876995
1.239540
0.711255
1.791828
1.774600
1.098541
0.695905
2.085845
0.317836
0.762411
0.710299
-0.609581
0.730255
2.374898
1.478518
0.515082
0.654867
1.756421
1.678479
0.259088
-0.436325
-0.218622
0.028396
0.884424
0.346995
0.652098
0.214797
1.178198
-0.246843
-0.459459
0.757633
1.238033
0.862181
1.786358
1.367307
1.571337
1.613456
1.883532
1.268194
0.297201
1.005345
2.073324
1.516066
1.463825
-0.523962
2.607154
4.113302
0.256905
1.617805
1.357689
1.736129
1.072259
1.946687
1.765754
1.239907
0.933827
1.996193
1.723082
-0.015634
1.639665
0.191192
1.139578
2.052703
-1.449134
1.929369
0.050370
1.180572
2.857379
0.818907
0.363224
-0.551479
0.543357
0.027841
-0.375748
-0.311619
1.900553
0.460833
-1.470015
1.030340
2.454202
-0.863564
0.483526
-1.669052
1.373056
0.533061
1.345159
-0.040986
0.605149
0.240560
0.739135
0.581133
0.107906
0.193779
-0.047293
1.411300
0.078039
1.433590
1.883548
2.822683
0.428180
0.640092
0.904650
-1.657594
1.208099
2.582803
0.887530
0.983197
-0.529396
1.713867
2.137138
2.008979
-1.535006
1.051825
1.199858
1.551305
1.387251
0.731606
1.488050
0.394902
0.925346
-0.503386
2.194506
-1.077351
0.806767
2.038872
1.347352
0.507056
0.945002
0.619771
0.244939
0.496468
0.275378
0.517124
0.802372
0.250353
1.953300
2.407466
1.393036
1.321196
1.157950
1.188331
0.374280
1.552162
1.271649
1.547892
-0.308013
-0.803100
1.773650
2.356443
2.991148
0.382303
1.865349
0.266110
1.848965
1.400024
1.394155
0.575500
2.032634
0.026359
0.630710
0.931164
2.273812
2.062117
2.493252
1.483594
0.954446
0.505865
-1.713960
2.607766
0.515469
0.551121
-0.657594
2.036022
2.720695
-0.293133
-0.123426
1.768924
1.479970
1.955349
1.180006
-1.351080
0.662489
0.483411
1.384351
1.067495
-0.618106
0.699840
-1.008656
2.868538
0.827361
1.293073
0.873235
2.000922
0.316300
1.479922
1.080493
1.922697
1.702365
2.145374
0.732828
3.133658
0.629882
1.933782
0.317881
1.673859
1.762348
0.570779
-0.090622
2.076877
0.637269
-0.876859
2.006094
0.584224
1.467932
1.710833
1.101224
0.821449
2.538158
1.537595
0.884254
0.068301
0.616418
-0.643026
0.378633
0.199503
2.387073
2.174917
2.702055
1.408278
3.014808
1.430093
-0.443241
-1.078555
0.678100
-1.389211
1.895372
1.832227
0.088949
2.236304
2.117810
-0.108347
1.206556
3.496753
0.415736
0.945907
3.327122
0.944885
3.087374
1.003365
3.099630
1.494403
1.338744
2.259441
-1.545895
0.862948
2.290043
0.448240
1.188841
-0.269412
2.455400
0.126960
0.442301
0.206848
1.406438
-0.295342
0.410573
0.710222
1.337802
0.895699
1.013405
1.529858
2.390606
1.120726
0.960366
1.875951
1.317667
1.285052
1.813422
0.398507
0.682958
0.364603
0.495956
-0.470198
1.536010
2.893335
-1.208487
0.960617
1.620579
1.786040
2.280097
1.439776
0.843497
2.158978
2.464595
1.111527
-0.663646
0.423705
1.722902
0.172900
1.236927
0.490170
2.637079
-0.569706
2.126381
0.213961
-0.010390
1.693052
1.158878
-0.227832
2.447465
2.097671
2.342745
1.265716
-0.347930
1.294415
1.590167
0.261703
-0.015572
0.575597
1.772609
0.373578
-0.305001
0.935611
-0.033542
0.398325
1.479186
-0.017098
0.903451
2.511138
2.189037
1.265317
0.915033
0.514945
1.020038
0.903976
1.504742
-0.778579
0.914718
1.018776
0.686840
1.506154
1.044235
0.494697
1.505931
0.344019
1.026328
-0.747610
1.914458
1.478082
1.966214
3.261190
0.424770
-0.267241
1.415808
1.745472
1.444787
0.839145
1.316945
