1000
3.080733
2.293161
-0.460561
1.943337
2.274098
2.240858
-0.432592
1.012166
1.038342
1.615184
1.710215
1.147562
-0.694934
0.387043
2.068499
0.962609
0.207774
-0.055631
-0.321406
1.803471
1.786571
-1.360442
0.001372
0.700536
1.337171
-0.082806
-0.800049
3.779609
0.467827
2.168619
0.258447
0.874321
1.223929
0.938091
-0.065271
1.669237
1.598200
4.364306
0.719479
2.849492
0.704555
1.149323
2.880053
-0.429077
0.447902
1.006410
2.550842
-0.605857
3.058627
-0.923941
-0.922315
-0.801361
1.564063
1.635840
0.430740
0.788854
-0.105100
2.074703
1.147643
1.803786
0.080150
1.030781
0.797256
1.891043
0.109148
0.701917
0.349404
1.566591
1.649093
0.959861
1.652999
0.232150
0.331557
1.978786
-0.629983
1.286719
0.741023
1.030063
-0.136212
2.640835
0.725302
1.389758
1.416044
0.261223
1.159181
2.395544
0.477269
-0.002499
1.384610
1.673846
1.686957
0.811708
-0.100672
2.155729
1.139146
1.676673
1.578617
0.242719
2.364310
0.529437
-0.045804
1.675871
0.155631
2.460017
-0.005317
-0.284978
1.740658
0.421825
1.921881
0.840627
0.787447
1.637174
2.555576
-0.433524
1.424287
2.065516
0.606402
0.945071
0.958860
0.708828
0.038196
-0.207719
-0.734363
0.499502
-1.066726
0.364926
1.090909
-1.128265
0.552717
1.110865
2.984402
-0.123636
0.718964
1.627881
0.862936
1.152662
0.277373
0.855478
0.937099
0.584272
0.760125
2.172197
0.619523
1.833407
-1.151451
2.155560
1.592062
-0.762831
-0.112863
0.311832
0.817541
1.043384
0.658674
0.397178
0.668512
1.933968
-0.181595
1.826345
0.968979
0.827432
0.904286
1.503767
1.180114
1.221040
0.883017
-0.914601
-1.884113
2.883950
0.267043
1.363390
1.139851
0.156534
1.029406
0.921363
-0.102078
0.712244
0.564524
-1.307620
0.896688
0.375707
1.029593
2.054286
-0.086978
0.104630
1.104500
-1.269229
-0.312425
2.225304
1.871118
-0.771163
0.217872
0.277456
2.192193
2.285301
0.020414
0.188968
1.618795
1.413504
1.170740
1.925886
1.014689
-0.200827
1.568456
1.381804
0.749994
0.385089
-0.184845
1.002302
1.128246
-1.311600
0.949759
2.107201
1.535733
2.008957
1.899991
0.814341
2.207694
2.813703
0.852792
1.496861
0.411488
2.708103
1.541668
0.822023
2.531306
0.351422
0.889014
1.446767
1.306516
-0.327977
0.272386
0.307579
4.034661
0.820855
-0.540691
1.702948
1.738668
0.207166
0.958353
-0.170904
-0.175185
2.106481
1.331053
0.804164
1.631089
0.071655
2.606784
0.568644
0.869966
0.897812
0.934976
2.047634
-0.301023
-1.374079
0.104355
-0.393610
0.090042
0.938346
0.434174
0.886783
1.260117
1.236220
-0.315924
1.372934
1.740398
0.403239
2.021370
1.820553
0.816581
1.961211
-0.779801
0.552153
0.813557
-0.784585
0.636878
1.549591
-0.627859
0.665111
1.132570
3.425709
0.738323
0.470526
1.932453
-0.257797
0.796904
1.478549
0.986961
0.114147
0.330595
-0.265080
0.422935
1.264561
0.718952
1.088886
0.477261
1.603554
0.546306
-0.216093
0.777207
2.624221
1.618070
-0.382789
1.896572
-0.058158
2.302943
0.812592
1.973302
3.038347
2.694587
-0.118754
0.517314
0.383126
1.401237
1.621347
0.686428
0.796499
1.335514
0.170951
-0.100354
0.581164
1.165298
0.767228
-0.069448
1.678445
2.284286
1.338048
1.107170
0.177337
2.403310
0.965278
0.182084
1.700448
1.612357
2.302329
0.254818
0.982902
2.895381
1.727808
0.278716
-0.016698
1.222533
0.757749
0.963301
0.674655
0.324254
0.496741
3.503738
0.646269
0.499643
0.617507
0.213086
2.064108
1.634797
1.645505
0.775328
2.425172
0.746730
1.394568
0.223634
2.058782
-0.294434
1.048810
1.970054
1.128380
1.485138
-0.607618
3.896055
1.547974
1.828766
1.476959
1.650748
0.818062
-0.152557
1.336522
0.132584
0.383899
0.644655
0.383518
0.695408
0.974930
0.670031
3.308422
0.054177
0.906252
0.502432
0.624189
0.223663
-1.049883
1.485683
0.130246
-0.578925
1.819393
0.424568
0.589857
1.070207
2.024733
2.478851
1.316652
0.300745
1.710520
0.160951
2.114775
1.072747
3.060695
1.283901
0.377727
1.610102
0.782125
-0.647659
1.698953
-0.533780
2.544758
1.348806
-0.864407
1.854460
1.485690
2.375059
2.038544
0.692479
3.460783
1.710294
1.331325
2.779999
-0.696414
0.580983
0.977344
2.310348
-1.411446
1.165959
1.478660
1.225073
-0.930846
0.560830
1.585479
0.601660
0.423098
1.857510
1.436620
2.932185
0.928896
1.654452
0.940370
-0.447336
2.443156
2.654710
0.895774
0.216700
1.537693
2.335660
1.055547
0.476475
3.016008
1.062736
0.927891
2.169083
0.745744
1.017536
-0.919620
1.590063
-0.860469
2.283425
1.313014
0.545910
-0.118219
0.522371
1.629805
-0.151929
0.803699
1.990964
0.283455
1.386194
1.198456
0.665800
-0.414331
1.161681
0.372853
0.205107
0.810021
2.926446
0.055711
0.782949
0.523537
0.336986
-0.065329
0.451060
1.394878
0.724432
1.293686
1.154391
0.093067
1.515367
-0.353734
1.243255
1.132726
2.253297
0.724077
3.468795
0.018054
2.128849
0.269122
1.858455
1.088337
1.234697
1.413183
1.705852
-0.452523
0.884474
0.574514
0.161942
1.203424
1.225115
1.820873
-0.674463
2.949956
1.395891
0.081592
1.089222
0.323212
0.344697
1.129317
1.024276
1.530859
-0.623371
-2.497575
0.528994
1.106065
1.211444
1.214453
1.159153
1.579048
-0.159345
1.036247
1.533657
-0.429706
0.354403
0.301745
0.658521
-1.542184
1.990687
1.949587
1.365493
1.463954
1.217060
0.779839
3.592517
0.015221
0.664060
2.155352
0.227699
-0.373502
0.579027
1.977759
0.541889
0.763788
0.766521
1.099318
0.616448
0.968708
-0.603335
0.376228
0.725424
1.231327
1.413594
0.955996
1.614311
2.018215
0.377266
1.920924
0.752747
-0.173422
2.380137
0.383334
2.213528
-1.110187
0.179278
0.943689
-2.790294
-0.977179
-0.702344
1.568718
3.136747
1.484564
1.365040
0.372128
1.727761
2.305766
1.284344
0.010623
-0.314796
2.202348
1.953258
0.652222
1.652321
0.637626
0.844205
2.516061
1.566068
0.505902
2.155715
1.085310
1.576616
0.561261
2.896544
1.666142
-0.226796
0.326032
2.569173
1.991569
0.901847
-0.003015
1.796790
0.801393
0.377404
1.905089
0.372374
2.120827
-1.606088
0.459876
0.456375
1.058885
1.186341
0.814466
0.489712
-0.317516
3.721578
0.966052
0.518011
0.197477
-0.205797
0.705989
1.252411
-0.218104
2.240758
0.584048
1.162097
0.038742
-0.297293
2.050283
0.755457
0.940169
0.430988
2.396723
1.160417
2.544408
-0.449184
0.284576
-1.256063
0.911144
2.251999
0.189379
1.111557
0.256160
1.203168
-0.147014
0.556838
1.422615
1.616774
0.678247
0.180795
0.816651
0.759089
2.436106
0.676171
1.804942
3.296739
-0.355170
2.823673
0.957933
0.379541
0.622504
0.049979
2.130247
1.678062
1.891908
1.486651
-0.580824
1.551241
1.220361
0.588942
1.656129
0.187419
-0.175421
1.216787
0.900050
0.953223
-0.203324
1.949643
1.505239
0.902133
1.137806
1.014295
2.085743
1.980859
1.420030
0.666649
0.265511
0.042934
1.613168
0.626850
0.667633
2.538144
0.948259
1.158539
0.100467
0.299358
0.557434
0.067686
-1.291510
2.035170
-0.375621
0.999170
-0.163058
1.102385
1.243799
1.580444
2.028726
1.294708
0.584596
1.341695
0.109251
-0.293416
0.510825
1.506996
3.173663
1.448086
1.168558
1.957398
1.465225
0.969445
0.746290
0.863345
1.990187
2.398839
1.238486
-0.345082
0.034887
-0.103477
1.005916
2.815530
1.191864
2.022367
0.735680
0.619514
0.139769
-1.505235
0.837714
2.114176
2.373374
0.736195
-0.273327
1.099610
0.255916
1.716735
0.146330
1.696802
1.475442
0.994412
0.908057
0.594000
1.105555
1.592385
1.205743
1.042112
2.793443
2.073347
1.554237
0.788947
2.686157
1.285290
0.568573
0.871732
0.277958
-1.045470
3.191126
0.403183
0.247069
2.265606
0.138599
2.202779
0.414842
2.802324
0.824835
0.128750
-0.130735
0.214947
3.116726
2.396075
0.944328
1.028327
0.250284
0.384513
2.286715
1.462223
1.067079
0.269706
1.070857
1.687481
0.336706
0.767102
1.040108
0.877560
1.852445
1.985661
0.755733
0.203971
0.781140
0.201818
1.492832
1.472156
0.643890
-0.198872
1.013813
1.441786
0.512021
0.113437
2.320119
2.561345
1.135201
1.069596
1.829244
2.656970
1.096954
1.790512
1.344546
0.080555
0.224381
1.242348
1.730924
1.058275
-0.247299
0.150839
0.601171
-0.349284
3.281430
0.030141
-0.034131
2.272311
1.873311
1.509273
1.039936
1.519041
0.711879
0.979531
-0.093162
1.650146
0.459551
0.047835
1.916251
0.584219
1.548304
-0.329081
0.495513
0.822543
1.762538
-1.084982
0.491754
1.350025
1.398844
1.914623
1.413664
2.574671
1.473013
1.635324
2.746508
0.532899
0.299396
0.868516
-0.274145
0.375186
1.023007
1.460086
0.008177
1.352019
-0.787408
1.947747
1.633224
2.256693
1.258908
-0.350429
0.499062
-0.985366
1.455205
2.293173
1.403533
1.446606
-0.002427
0.109829
-0.023329
-0.036152
0.470464
2.105097
1.384652
2.363288
0.343656
1.101607
2.014463
-0.779051
2.100129
1.802933
0.977236
1.769674
1.901770
2.262871
1.798800
1.428375
1.256676
1.032112
0.875187
0.491973
1.018034
-0.496586
2.778220
0.484401
-0.154581
0.092286
-0.846042
-0.343269
-0.262675
-0.430780
0.873639
2.094982
0.840322
-0.338715
1.685221
0.488906
0.855902
0.715248
0.772910
1.077263
2.305573
0.524591
1.396292
0.491854
-0.519952
2.355991
1.022386
0.352001
0.294961
1.647986
1.625503
0.513915
0.489175
1.237502
0.934594
2.757340
0.206343
1.672746
1.643681
-0.055022
1.520761
1.827333
0.473850
0.909779
3.158767
-0.094112
0.790109
0.555244
0.803343
0.729446
-1.221667
0.783749
-0.116961
0.657037
1.804788
1.829611
1.730392
1.199807
0.936064
0.494333
2.157132
0.448091
0.421084
1.244966
2.440891
0.712624
-0.011504
3.355188
0.670667
1.148436
2.138146
0.372843
0.160738
0.205313
-0.962704
-0.894041
1.852526
1.768542
2.057127
-0.348702
0.681589
-1.060865
0.247173
0.297531
1.351637
0.207838
1.481206
2.049391
0.518523
2.040406
2.147763
