1000
1.728784
1.051593
1.083160
2.586581
0.623848
-0.483176
-0.272097
0.417370
2.864670
1.108898
2.722124
-1.261731
1.506304
1.609155
0.268980
0.179527
1.390131
-0.934452
0.391989
1.388617
-0.218863
1.546360
0.394856
1.121573
0.176245
0.188630
0.683946
1.158943
1.606437
1.121980
2.248315
-0.411455
2.752884
2.265452
1.658836
0.272909
1.219681
2.612372
1.742304
1.019027
2.271439
1.353588
0.749703
2.370322
2.188404
0.348695
-0.174183
0.280525
0.796308
-0.077512
1.170857
1.592924
-0.053434
2.325782
1.763209
0.963769
0.172053
1.858526
1.129991
2.158037
2.533700
2.553617
0.543384
1.167828
1.527830
1.181209
2.204455
-0.274025
1.759377
0.191974
-0.976843
1.033663
0.838036
-0.467463
0.485339
0.786123
1.581023
1.579289
0.121943
-0.528241
1.454525
2.512236
1.710448
2.153704
1.360294
0.991260
-0.153474
3.785853
1.495963
2.452797
1.389665
2.970420
0.926482
0.630425
2.094942
2.494697
0.677405
2.221516
1.413763
0.994235
2.448173
0.311209
1.808651
1.240647
1.572111
3.583115
1.816718
0.907400
2.618159
1.401197
2.243092
0.399980
1.099797
2.033358
-0.013199
0.132207
-0.284052
2.278651
0.966864
4.274770
1.730013
0.753471
1.145482
0.542570
-1.294250
0.640025
0.944151
0.899311
0.730263
1.136926
1.503436
1.202016
1.131945
1.862025
-0.173819
-0.511954
-0.548527
0.100431
3.195823
1.031492
0.805752
0.596501
2.940958
-0.540905
1.851246
0.964213
1.908182
1.546378
-0.039757
-0.608452
-0.917885
1.830628
0.510865
0.568722
1.220568
0.138375
1.579573
1.080374
1.127777
1.888111
0.342902
0.012123
1.675159
1.347860
1.994312
1.187800
2.388139
0.050699
0.884352
0.431246
-0.002782
1.337090
-1.457607
1.712892
2.209828
1.047313
2.732691
0.375715
0.537788
2.300141
0.943460
0.643290
2.477513
1.751877
0.638346
0.039882
0.288012
0.498074
0.586168
0.447263
2.223198
1.268220
-1.077806
0.181955
0.258748
0.748975
0.299086
-0.642601
-1.175970
2.538500
0.372862
0.391882
0.033057
-0.372825
0.374035
-0.616693
0.876333
1.141889
1.104864
1.199011
1.671196
1.750952
-0.088955
0.829849
1.662351
-0.207971
2.384202
0.599233
2.132537
0.263968
0.794939
2.211714
1.823789
1.780136
0.880902
-1.227978
0.616698
-0.722314
1.147975
0.622493
1.689708
0.392754
0.766961
0.737819
2.041737
-0.258264
1.740594
-2.040750
-0.099068
1.385218
1.158480
0.815676
0.230073
-0.608736
1.596478
1.936437
3.500287
1.030653
1.795449
0.873646
1.749247
1.048582
1.443073
0.426835
1.212887
-0.618154
1.931059
2.442307
1.677361
2.514579
1.274779
0.732255
1.170702
0.893243
0.257362
1.754062
1.306062
-0.012796
2.765846
1.111440
0.331146
1.702275
1.813009
0.818409
2.059985
0.808958
1.017892
0.322879
0.863049
-1.066849
-0.626258
1.706336
0.401877
1.412934
0.102627
0.939608
0.439046
1.323207
0.103508
-0.171520
1.041135
1.664328
2.279629
0.677049
2.985638
1.619600
0.486229
2.606449
0.819593
0.320584
-0.161562
0.664035
0.887625
0.971890
0.241977
0.423452
0.561479
-1.160571
1.859976
-0.227358
1.188713
-0.440346
2.027281
1.577607
-2.062086
-0.315951
0.646838
-0.202616
0.185195
0.893149
2.641434
0.610452
1.836546
2.173892
1.290419
-0.190634
2.624341
2.075704
-0.558348
0.795971
-0.856001
-0.695959
0.102352
2.429191
-0.120866
0.570600
1.260357
2.570213
1.613320
1.339450
0.982258
-0.044182
1.265402
-0.651520
1.486322
0.020747
-0.745326
2.113155
2.058912
0.369592
0.257016
0.571639
2.462434
0.572743
-0.471991
-0.270471
-0.252477
0.751800
1.955681
1.528334
0.868376
1.890329
0.894691
1.587967
1.054966
1.589141
0.407464
2.675296
0.085081
1.876675
0.515142
0.242436
0.841092
2.136408
1.684785
0.613670
1.761827
0.350267
1.413386
1.483184
1.610038
-0.095740
1.510243
3.844476
1.942276
0.504911
1.353051
2.761957
0.895353
-0.444454
0.309082
-1.183151
1.799153
1.129951
0.688614
2.023565
0.472167
-0.365913
0.337393
1.574542
1.689931
0.221806
0.798464
0.222264
-0.362128
-0.479554
1.496183
1.129009
2.053043
-0.288004
-0.111248
3.258464
1.486792
1.230341
1.490455
1.696881
1.536119
1.316757
1.012644
0.226551
2.068243
1.003728
0.863134
2.464507
1.986328
0.691427
0.945742
0.785444
-0.123420
0.758335
2.010398
1.263907
2.872858
1.515156
1.310103
1.923734
1.416674
1.229965
1.372872
1.079239
-0.137764
-0.861924
1.564325
1.050666
0.161898
0.983945
1.057474
3.726369
-1.789449
0.884686
1.674152
0.180240
1.672534
-0.163582
1.483635
1.682826
-0.400017
4.053664
3.583278
-0.368823
1.990039
0.909223
0.391289
0.803853
-0.658036
1.238075
1.329617
2.030647
0.428364
1.024146
1.290447
2.830529
-0.461107
-0.116565
1.256856
2.238944
3.427750
1.811856
-0.154057
1.142244
1.294693
1.125657
1.995774
0.762981
1.055395
1.158623
0.684608
1.103393
3.257268
1.447570
0.558066
1.946579
0.600555
2.266386
0.873857
1.215847
1.212326
-0.087993
0.078687
2.032501
2.717999
-0.027307
0.080608
1.357582
-0.328697
1.873392
0.005047
0.977645
1.793544
2.149812
0.644801
2.385320
-0.917059
0.003152
0.928973
1.261803
1.474784
0.532632
0.927660
1.475536
0.089217
2.133175
1.108813
1.425273
0.250667
0.644034
0.998111
1.431687
-0.565886
0.164609
1.976632
0.729586
0.658257
0.121418
0.124130
0.690715
0.496830
-0.327235
1.867406
0.069968
0.693618
-0.445878
1.038609
-0.111798
1.581808
1.553145
-0.214328
1.370946
0.894022
-0.559734
-0.145759
0.140293
1.291306
0.371537
1.129544
-0.676018
2.678297
0.737474
0.709086
2.926477
0.616637
0.004724
1.893212
0.941004
0.989081
0.626923
1.710776
-0.134004
1.360586
1.851968
1.119810
1.373847
-0.550008
1.186592
4.310868
2.227499
-0.931720
0.610623
0.324514
-0.384057
1.605276
1.659361
0.984114
-0.018637
1.337323
0.920493
0.503487
2.277690
2.983080
1.826721
0.930405
0.049203
0.420310
0.648822
-0.608419
1.311517
1.128347
2.202305
0.068869
4.751236
1.400339
0.630700
1.654562
0.678811
1.444227
2.329362
2.014217
0.460889
2.546752
-0.438597
2.483620
0.824129
-1.535226
2.956708
0.371648
1.171351
1.613671
1.226554
0.661360
0.187959
-0.444877
2.064241
0.570807
0.569176
0.676538
0.422943
1.579500
0.462594
1.121263
0.766152
2.446248
1.445982
2.983304
3.970003
0.610233
0.665876
1.222465
1.031374
0.729444
1.140710
0.454793
0.169399
1.381967
0.033378
0.938879
1.180525
2.012081
1.095332
1.186196
-0.087622
1.474668
-0.000398
1.555940
1.216022
1.168620
0.946316
1.737520
1.217248
1.253593
1.952260
0.914914
0.419272
1.541918
0.216506
0.808388
-0.044788
1.869020
0.092281
2.124953
1.456588
1.662935
0.933668
1.447989
1.645523
1.140923
-0.777312
2.733151
0.336697
-0.908989
2.208411
1.805415
2.133765
1.768873
0.619385
2.144416
0.242166
0.447442
0.606116
1.957646
0.854076
1.148302
-1.149745
1.617663
3.055741
1.142916
-0.549345
1.609417
2.226219
-0.951343
1.414588
1.139356
0.672139
2.006407
2.100516
-0.426469
-1.346163
1.226950
0.413776
-0.264086
2.237120
1.727608
0.586200
1.756518
-0.790601
0.030646
1.548339
0.638450
0.462505
1.232208
1.623746
1.505860
-0.858901
0.208560
1.351861
0.932655
0.811187
1.443036
1.858922
0.645111
1.494642
-0.299406
1.980905
-0.179793
1.950889
1.844050
-0.340293
1.692059
1.881080
0.807273
0.730923
1.424295
1.310956
-0.121654
1.901298
2.365498
-0.624738
-0.966242
-0.317492
-0.782426
2.695019
1.914083
0.112582
2.065941
2.800147
1.388572
1.077734
1.255334
1.277604
0.366293
-0.270834
2.170301
1.249355
0.583906
0.156690
1.328711
1.192187
0.331831
2.345438
0.965100
2.635314
2.030425
0.876506
1.791563
-1.012453
1.800608
0.572269
2.937917
3.490024
-0.367946
0.058015
0.565102
0.383148
0.016380
-0.094574
0.678194
1.606995
1.719362
1.008160
1.604487
0.833314
1.761390
2.501082
0.838544
2.479833
2.629494
0.070899
1.066705
0.009196
1.638994
-0.464047
1.775706
0.654349
-1.002859
0.138601
-0.016947
1.668077
-0.609353
0.975758
1.697710
2.202858
1.326628
2.115937
1.348136
1.972387
0.334997
0.507065
3.352568
1.364126
1.125013
0.028058
1.391735
1.546731
3.272578
0.428255
2.701597
0.308777
1.274936
-1.068354
1.445431
0.453125
0.313124
2.651299
1.211118
0.775244
0.438118
2.426758
1.811951
-0.636688
1.603617
0.397783
1.263062
1.358376
1.621533
3.080443
0.523523
0.573049
-0.495429
2.449433
1.208472
1.752981
0.991365
1.868791
2.173025
0.187321
2.887454
0.559229
-0.004113
2.192934
-1.244299
0.955135
0.546363
1.072486
2.142143
-0.156743
2.686380
-0.713996
1.172482
-0.129920
0.938573
-1.550669
2.322645
-1.472088
1.030535
3.268943
0.442931
1.549707
1.406079
1.468681
2.248193
0.582144
1.658801
1.226906
2.337821
1.252407
-0.117084
1.966189
1.282365
1.389831
0.706559
1.174768
1.071053
0.129850
0.403552
1.278967
1.537440
0.070807
0.383690
-0.125471
1.337334
1.116891
1.910895
1.109752
1.608379
0.123148
2.650757
0.736211
0.966926
0.940323
0.807468
0.272475
1.959017
1.148049
0.137082
1.959569
3.323480
1.785073
0.685874
0.850442
0.139962
0.737463
2.269970
1.046275
-1.182074
0.178143
-0.161028
0.744766
0.716124
1.888285
-0.813194
-0.035162
3.088684
0.282667
1.889947
0.505223
0.166922
0.815829
1.384228
1.479022
1.481919
0.766514
2.881452
0.549851
-1.582947
0.429318
0.653577
1.266030
0.922958
-1.002301
1.758038
1.284446
3.021721
1.536301
2.328170
0.826899
0.989124
1.380220
1.129667
-0.032142
-0.802999
0.309988
0.836038
1.146220
2.529432
0.359037
2.271190
1.783181
1.138302
2.061109
0.657119
1.296939
0.974573
1.809971
1.858837
-0.518635
2.283760
1.338918
1.004184
0.510556
-0.117767
1.539033
1.392358
1.018954
0.093269
0.287067
1.257427
-0.085554
1.493936
0.727749
-0.264303
0.188966
0.229804
0.937972
1.178640
1.762977
1.619116
0.206784
1.121109
-0.185400
2.447795
1.034798
