1000
2.353569
1.312607
2.296315
1.708241
2.393198
0.807814
2.055985
1.874619
0.951261
2.422771
2.266010
0.749684
0.131636
0.956250
1.843163
2.071327
2.784673
0.899986
0.078250
1.435769
1.232763
1.444724
0.997000
1.829688
0.995978
2.043072
2.326561
0.751543
-0.615070
1.776187
0.575916
0.848106
2.239164
2.291260
0.668152
-0.394481
1.386591
0.301890
0.828189
-0.345176
-0.313227
-0.178400
1.270509
0.469091
2.898362
0.570721
-1.265029
0.825052
0.970125
-0.449851
1.608070
0.774838
1.386296
0.220473
1.425150
1.107565
-0.216271
-1.219290
2.639903
0.439215
-1.735405
0.944506
0.882208
-0.066473
0.728641
2.886097
1.888736
1.382957
0.352502
-0.254300
1.624720
1.643247
0.728217
1.950931
1.500390
1.686264
0.999874
0.594021
-0.383596
0.187349
-0.600692
1.300203
1.868855
0.545455
-2.372321
0.320052
0.220001
1.004071
0.988186
1.084669
1.397110
0.033822
1.394160
1.466231
1.548419
0.767774
2.647897
1.546138
-0.221442
1.299475
0.234812
1.651741
0.030830
1.487896
1.153338
-0.845579
0.749050
-0.138361
0.640129
0.960372
1.328271
0.954988
-1.123566
0.801227
0.542325
0.044183
-1.459408
-0.000523
0.148940
1.573699
1.999154
1.510039
1.137205
0.944418
1.955674
0.113885
-0.073237
0.734818
1.995789
0.442210
0.831803
-0.147628
2.141228
-0.399882
0.840597
0.129870
0.414940
0.777522
1.268884
-1.166151
0.547233
1.674937
-0.222365
0.363485
1.170909
0.931700
2.121707
0.579617
-0.541630
-0.516950
-0.121286
0.383432
0.124585
1.813495
2.022033
-0.678075
-1.051353
0.697224
1.776069
-0.731630
0.271861
2.031720
0.011360
0.699910
2.402539
1.246094
1.814982
0.998413
-0.239868
-0.895561
1.429677
1.727836
1.259769
1.121756
1.273708
-0.465637
-0.441299
0.165841
1.134814
2.048352
2.557252
-0.129825
1.770517
-0.052475
3.059929
-0.334400
2.293006
1.212448
0.262324
1.410801
-0.575035
1.423245
-1.278756
0.598423
1.763330
2.393168
0.163155
-0.027969
0.839176
0.890375
2.696210
-0.065685
2.051138
-0.398430
0.830165
-0.978857
0.872437
-0.032928
1.973057
2.170268
-0.478634
-0.524581
0.425652
1.800064
0.469327
1.671127
-0.230977
1.519034
1.397205
1.266625
1.315442
0.661813
1.321264
1.536965
2.584590
1.064533
0.282796
0.990731
0.458551
0.631768
-0.583245
0.194792
1.833297
1.711600
3.213963
1.206795
1.079970
0.349160
0.714833
0.695664
1.906676
0.815647
0.898209
1.416950
0.001485
3.004497
0.511135
0.964281
-1.283737
0.320535
2.231314
1.029111
1.856277
1.187023
0.894334
0.737274
0.791249
-0.203989
1.964933
1.520888
1.257654
-0.087048
2.151729
-0.820571
0.821706
0.890351
1.128194
1.611313
0.343626
2.225409
2.244996
1.719532
-0.915693
0.276047
-0.516564
1.217366
0.945418
1.604234
-0.614676
0.453132
2.196822
2.249485
1.453509
0.846095
-1.297957
1.202676
1.227684
1.120572
0.751586
1.217743
-2.152516
0.612188
-0.165195
2.330013
-1.048343
2.191086
1.750203
1.640847
0.769554
1.230183
1.201351
-0.554570
-0.991002
0.881878
2.137536
1.531835
-0.017088
1.738487
-0.571906
-0.202942
3.331334
1.722776
1.925373
0.831213
0.246202
-0.559644
1.124547
0.507843
1.322425
1.278002
-0.197394
2.192902
0.446864
0.054107
1.590088
0.196457
0.493488
1.845742
1.789423
1.089722
0.949000
1.996065
0.117270
1.837590
1.532449
1.691171
1.674361
0.183131
0.990134
1.489157
1.175191
1.435624
0.728986
1.287260
2.034934
0.330577
0.335286
1.763804
0.654829
1.543271
0.472651
2.645681
-0.230158
0.466665
1.164508
-0.928088
2.726288
1.588141
1.235749
0.984602
1.231853
2.129574
0.335207
2.247791
0.829169
0.755450
1.903522
0.931391
-0.967553
0.796358
-0.964102
0.612353
1.668160
0.744378
0.408931
1.602348
-0.160641
0.504017
2.322657
1.494705
2.380297
0.165072
2.721801
-0.597019
1.603542
2.538345
-0.245115
0.928101
1.157136
2.516931
1.692545
2.707415
-0.369415
1.332670
0.468321
0.822711
1.987901
1.784763
-0.274827
-1.016775
0.372603
-0.472912
1.089674
0.425611
-0.420696
3.180840
1.600323
-0.096291
0.054612
1.090200
0.414668
0.451431
1.909168
-0.711168
0.371367
1.310985
-1.220592
2.205774
2.230029
1.833610
-0.145204
1.323057
0.541813
0.197627
0.813134
1.211645
2.054897
0.222422
0.865325
2.207656
2.952171
1.291929
3.480689
0.561265
1.238282
1.120580
-1.349340
0.556025
1.664184
0.655892
-0.395236
2.190324
0.274869
-0.198371
2.034260
1.037845
2.892160
0.052759
-0.665276
2.030059
2.713608
1.872238
0.179051
0.120372
1.301345
1.013003
1.899300
0.105446
1.315829
1.928308
-0.264303
1.229415
-0.027204
-0.173836
1.209976
2.136146
1.369380
1.019913
-0.089327
0.608021
-0.051278
2.122769
0.029885
0.991747
0.414341
1.473036
1.722449
2.291293
0.060360
1.666658
2.124335
2.665965
2.292754
0.806726
0.763408
-0.657417
-0.032029
0.852032
3.211568
1.445683
2.168632
1.148588
3.387958
2.293683
0.964085
2.631831
0.725316
3.022971
-0.057690
-0.472363
2.616905
1.101719
1.051418
0.130319
1.463312
0.430054
0.404293
1.133339
1.592495
1.306712
0.719337
2.116199
0.288241
2.000484
-0.467050
1.785457
0.983201
1.050268
-0.274711
1.319699
2.555634
1.331899
1.201888
-0.647069
2.598381
0.875172
1.901879
-0.567785
1.567075
0.501765
0.543866
1.173330
-0.243286
0.330914
0.168875
1.990392
1.074951
1.032857
2.729662
1.519350
1.154110
1.442264
1.398072
1.585841
2.279705
-0.769855
0.271796
1.720944
3.243952
2.022461
-1.303570
0.807739
0.136345
1.767141
-0.892152
1.572809
-0.081965
1.457515
1.718591
-1.459802
1.159412
2.745522
0.374490
0.221802
1.163220
1.183024
1.471910
1.713448
0.397496
0.396016
3.252344
2.937376
-0.233787
0.564097
1.386222
1.183196
-1.226217
0.531343
1.538064
2.099734
0.691696
2.091360
1.398209
-1.327559
-0.369288
1.742036
0.177596
1.196120
1.168404
1.683010
2.159756
-0.087226
-0.074635
0.938116
-1.186399
0.184832
1.495202
0.947109
1.587216
-0.328713
2.890114
-0.614570
1.159154
1.310931
1.708881
0.737039
2.516946
1.251607
1.340511
0.815179
1.945976
1.105244
0.068213
1.453185
2.329811
1.317923
0.544782
2.717207
0.596646
0.341245
3.288062
0.793883
0.946649
1.655991
0.693764
2.610360
0.993443
1.215736
0.991055
0.799881
0.587266
1.042735
0.965624
2.026362
0.281069
2.161640
2.197803
-0.115262
0.035260
0.589324
0.351495
1.088980
-0.932339
0.285095
1.446708
1.655592
1.493747
1.560487
1.929702
2.010565
0.909610
1.563673
-1.458156
0.941555
-1.505825
0.623726
0.543373
0.112838
1.105286
2.953910
-1.104187
1.189969
-0.094564
0.167460
0.780356
0.867665
0.824215
2.235725
1.118503
1.364846
0.676637
-0.186326
0.881676
1.899672
0.147545
1.559030
-0.214035
0.741242
0.768596
0.652246
-0.089415
-0.780988
1.682441
2.464484
-0.692767
1.253115
0.409245
1.956251
0.753135
0.350342
-0.283802
0.850562
2.747819
0.669962
0.946350
1.225714
0.184989
0.055037
0.702204
-0.470666
0.903117
0.356015
2.062510
3.567664
2.480719
1.089656
0.364560
-0.816862
-0.237062
0.103393
1.922131
-0.870220
1.438626
2.061754
1.682687
0.902498
0.849636
-0.675501
3.533202
0.994579
3.722346
2.102048
-0.023454
2.213605
1.265496
1.119488
0.917689
0.876631
-0.379802
1.707191
2.488396
1.696884
1.050492
-0.329775
0.581423
0.769198
-0.761201
-0.522786
1.861977
1.106860
0.778103
0.854117
0.716944
0.806006
0.797257
1.146361
1.253773
1.056416
4.323595
0.282984
1.203717
0.764390
1.500721
0.479562
1.010949
1.228012
0.707614
0.629755
0.117858
-1.501710
1.231054
0.083172
1.423496
2.344552
0.279553
2.434775
0.170387
0.518004
1.076940
2.200025
0.746438
2.215415
2.061746
1.637083
0.815406
0.376896
2.585742
0.964000
1.917268
-0.929919
-0.108616
-0.578926
1.168381
0.579603
-0.034269
2.090463
-0.524763
-0.215129
1.468712
0.862135
0.586413
0.535929
0.195893
-1.445978
2.446623
3.010332
2.097225
1.032833
0.894576
0.691921
1.778783
0.325260
1.114234
0.826862
2.338520
2.139619
0.253843
0.930762
0.711741
0.828186
1.284040
-0.094590
-1.017679
1.276890
1.668385
2.091716
0.766024
3.034845
2.038118
0.636422
0.510222
1.915412
0.845476
0.822263
1.384784
0.268467
0.187683
1.378816
1.521594
0.029793
1.223955
0.950926
1.693979
-0.248992
1.866233
-0.866750
0.924990
0.991956
0.497314
0.795411
1.526526
0.884505
2.313386
0.066260
-1.370696
3.138102
1.870377
0.193839
-0.099446
0.521485
1.386784
0.314230
-0.225941
0.261580
2.356895
0.053487
-0.046696
0.928684
-2.781635
2.255563
0.762937
2.855616
0.902040
-1.804508
0.992983
0.769913
1.657837
2.900310
1.251938
1.778624
0.880233
2.654697
-0.144136
-1.326264
2.830450
0.565325
-1.054933
0.769173
1.121817
0.436956
1.275809
2.271042
1.464828
1.193147
1.961038
1.461253
0.912390
2.495962
1.056437
1.612713
1.184017
3.083202
0.702219
2.723505
0.359464
1.928525
2.346956
-0.096894
2.753004
2.163581
3.473948
0.694277
0.757475
-0.404831
2.365224
-0.500818
-0.713368
0.655696
2.134881
0.970145
-0.313976
0.322604
1.087752
2.177476
1.123705
0.351433
-1.522950
1.420950
1.137197
1.590447
-0.835110
1.894676
-0.131599
2.655629
1.091523
1.192241
-0.083364
0.770253
-2.086776
0.592156
1.733950
0.671128
2.413381
2.432882
0.385771
0.198544
2.447458
3.370826
1.498157
1.014850
-0.947395
-0.100212
0.161911
0.331044
0.281838
-0.309860
1.720553
0.931698
0.890458
-0.081868
0.692467
2.758995
2.350663
1.620434
0.900932
0.835617
-0.151404
0.598408
1.577495
1.434533
1.804956
-0.378414
1.586427
2.831150
1.250262
0.297972
0.506263
1.614324
2.600918
3.021443
2.073026
1.941250
1.175201
0.209009
2.002714
2.063132
1.492922
0.833744
0.768796
1.682593
1.101764
0.819919
-0.082322
1.286010
1.786086
2.717992
1.039078
1.408506
0.534471
1.059371
0.962396
0.147835
2.557032
0.060283
1.609194
1.642936
0.974397
1.312085
-0.350933
-0.123504
