1000
0.438023
0.392563
1.600838
1.082541
2.053814
-0.665325
1.664626
0.827326
1.155279
0.945573
1.032606
-0.038491
0.614064
0.685651
2.200851
0.160841
0.028195
2.574596
1.143559
1.141692
1.694700
2.329021
0.605689
-0.758357
2.985745
3.079588
1.577112
2.564580
0.259189
1.675027
1.342994
-0.640202
1.678511
0.958546
1.482392
2.120561
0.818738
-0.336659
2.119762
1.064463
1.564625
2.351479
-0.059330
0.765059
-0.621186
1.287721
-1.271173
-1.426103
-0.067169
2.260639
2.027850
1.061611
0.004014
2.219557
0.853391
0.025638
2.181241
-0.215828
1.127545
0.161202
2.044089
0.444950
0.719887
1.581983
3.321324
1.544941
0.340426
-0.081846
1.518917
1.072191
1.940471
1.850725
0.941508
-0.858290
1.076617
2.068611
1.713353
2.505012
-1.492336
-0.341074
1.375899
-0.244422
0.525695
0.137331
-0.475037
0.293528
1.994304
1.080299
1.505414
1.563262
0.942228
-0.041763
2.182605
2.135134
0.488431
0.574399
1.466455
2.700781
2.329901
0.922578
2.034302
2.701155
1.434864
1.651412
0.134871
1.452032
1.202871
0.565656
2.499183
1.397440
-1.209457
0.798562
0.739814
1.399664
-1.047378
1.440899
0.812280
1.597619
2.813481
1.982650
1.134536
1.533190
1.551794
0.820108
2.527657
1.186675
0.306268
1.926718
0.480980
1.272909
1.626893
0.880226
2.117155
-1.700660
1.312459
-0.184638
1.123366
1.454156
1.950308
0.895463
0.186656
-0.058431
1.850444
1.478986
-1.231621
0.241542
2.469350
1.493861
-0.659781
0.059308
0.525795
1.362053
1.686474
1.066682
-1.507064
0.762568
1.790145
-0.788856
2.423127
-0.040929
1.636057
0.199827
1.765769
1.165120
1.532156
1.527251
0.378409
-0.418423
2.830285
-0.703597
0.834145
-0.264552
2.169558
0.123345
0.997589
2.483187
0.353601
2.092511
1.249124
0.132452
1.813064
-0.486443
0.505004
1.952504
1.797402
0.188772
-0.204944
1.509333
1.179588
-0.363656
0.309183
2.271759
0.015982
1.483432
0.916879
1.210723
0.314396
-0.285218
1.885614
-0.415051
-0.645676
1.752180
1.683405
0.030875
-0.402680
2.068983
-0.285911
0.364698
0.987626
1.171069
1.344946
1.041972
0.265252
2.529282
1.254019
0.230731
1.623899
1.004826
0.072974
2.174817
1.929384
-1.321582
2.269637
0.323258
1.441035
2.550538
3.780318
0.990307
0.171308
1.592907
0.648314
2.202598
1.018642
2.309418
1.481302
0.858500
-0.125277
1.738054
1.095970
0.120828
1.370324
-0.318437
0.323707
0.641785
2.139561
2.768294
1.242268
0.045316
0.031501
-0.677489
2.341977
1.816462
0.865367
1.814138
1.458638
2.988645
-0.385236
0.759017
0.939071
0.569019
2.085603
1.260073
2.204254
-1.028795
-0.674585
2.003528
0.532294
0.073816
-0.343807
1.861493
1.634750
-0.041078
-1.326896
-0.612388
0.838871
2.518872
0.014033
1.067730
1.946768
0.416958
1.391793
0.023339
0.748294
0.124021
0.975659
-0.203562
2.838641
1.027317
-0.728695
0.553773
1.178771
0.954235
2.138032
1.155356
1.962325
2.180249
2.031877
1.566184
0.020337
1.451101
-1.689129
0.711752
2.941463
0.507808
1.413192
1.436346
1.610882
1.141067
1.150451
0.858012
0.709414
1.882210
1.172323
1.338194
-0.224971
2.167705
1.689635
0.212844
1.281523
1.244380
1.623747
1.160639
0.244748
-0.124062
0.128714
1.581964
1.288181
2.019996
2.129379
-0.981979
2.495975
-0.315184
2.360898
0.500155
2.087126
2.412234
2.547014
0.893759
1.532342
-0.367990
-0.660061
1.287720
-0.045866
0.365765
1.890629
0.333449
0.432896
-0.229493
2.099301
0.888336
1.279843
1.667298
1.022711
0.525845
0.794884
-1.048916
0.992558
-0.087268
1.249444
1.433036
1.664645
0.376403
-1.268608
-0.532307
0.311644
2.745638
1.568979
0.351596
0.107485
1.587376
1.873369
0.836963
1.007602
0.519779
1.085065
1.960714
-0.158217
2.160151
1.712382
0.870417
2.749204
1.115640
1.513805
-0.608464
0.469094
-0.847586
0.570180
2.372936
1.025470
0.182676
1.978482
1.533364
1.379291
1.807611
-0.009458
2.327661
1.660250
1.322220
1.641824
1.935114
0.200936
2.423163
1.994374
2.689218
1.443529
0.713768
0.636296
1.531625
-0.244937
1.632017
1.625936
1.255280
0.197003
2.218023
-0.019241
0.777905
0.900946
1.339857
2.350645
2.571252
1.145035
1.713528
-0.493133
1.200960
1.185840
0.334600
0.651976
0.390757
1.823472
1.113777
-0.056522
2.203301
1.535399
1.774569
1.930036
0.406345
0.958137
1.429286
0.543483
0.474009
2.439570
1.655994
1.470443
1.845941
0.725595
1.532758
1.800604
0.662859
0.658817
1.167254
1.283931
-0.417123
0.178103
1.004926
1.997467
3.218170
-0.197804
-0.323410
0.390975
-0.014373
0.373701
0.778181
-0.048695
0.872115
1.814961
0.727633
0.840044
1.170567
-0.012830
1.041719
0.466530
1.839817
-1.127181
0.049967
0.269943
0.346480
1.104478
0.257727
0.985294
1.335886
3.106527
1.269753
0.869402
-0.053698
0.835586
-0.424333
0.639931
-0.362022
1.673491
0.178062
1.365650
1.732406
2.362762
0.811633
1.061264
0.436732
3.803530
1.351698
1.492496
0.320541
-0.002649
-0.064454
2.139149
1.451404
2.682471
0.794782
0.717056
2.295766
-0.186755
-0.298391
0.668385
0.763676
1.778593
0.955963
2.270820
1.730216
-0.103176
0.648450
-0.221121
-0.279174
1.408442
1.779808
-0.089273
1.514896
1.513712
-0.004888
0.860253
-0.944394
1.425089
-0.605312
-1.073291
1.793176
-0.017751
1.505991
1.191397
-0.137930
2.689856
0.325707
1.842196
-0.466930
1.047348
-0.154377
2.677270
1.177848
2.051174
0.772200
-0.357884
-0.337464
-1.440246
-0.341617
0.944212
2.584799
1.125412
0.252924
-0.695272
1.985716
0.981931
-0.347006
0.998685
2.354678
2.497626
0.589299
0.837144
-0.103073
-1.274827
1.245891
0.437133
2.903818
0.391858
0.907538
-0.598906
-0.740364
0.078573
1.640331
0.518764
0.370086
1.729845
1.742771
1.435349
2.285698
1.533610
1.633425
0.995174
1.296339
0.253669
-0.290060
-0.538104
1.914100
-0.415040
2.567896
1.204443
1.971524
1.091149
1.449004
2.663281
0.490089
1.884377
1.702087
-0.567460
1.485559
1.216630
0.211761
1.412633
-0.243818
-1.950348
0.570700
0.853400
2.903597
1.324212
0.211368
0.686630
1.876618
0.578251
0.775233
0.173374
2.249843
1.306267
1.702373
1.865242
0.636882
2.173852
2.883168
2.134207
1.524485
0.120378
1.518817
0.669935
1.867761
0.043415
-0.113814
1.212878
2.452310
0.831152
0.946155
2.238893
3.787015
2.750490
0.319247
1.514734
2.816303
1.275054
0.240678
-0.508084
0.983076
-1.113875
1.721747
0.756114
1.139477
1.252471
0.759040
-1.140079
1.705559
1.084409
2.014909
0.114892
2.613689
1.739913
0.287994
-0.325682
2.065907
0.013867
1.677207
-1.411763
1.566157
0.842816
1.341883
2.835179
1.089883
0.324184
0.688637
0.828575
-0.039000
0.389124
0.866383
1.078620
1.314100
1.713755
2.981711
0.145896
1.487270
1.288215
0.128105
3.272350
1.533959
0.514886
1.217641
2.200005
1.212765
-0.464291
0.090121
0.318684
2.484008
2.235542
0.087099
0.687436
0.191916
0.365263
0.500615
-0.663917
0.844642
0.826014
1.299648
0.289838
-1.136604
1.284457
0.724823
2.325519
0.402092
2.309693
-0.623654
1.364082
1.679539
1.180339
1.279368
0.497118
1.367716
2.912469
1.252092
0.708263
-0.106663
1.413995
2.056122
1.798227
1.857987
-0.330331
1.432632
0.487912
0.715745
-0.729458
0.434040
0.674357
1.184276
-0.367944
2.452785
1.746940
0.942175
-0.069036
-0.206248
2.248901
3.127353
2.143491
0.447793
2.291731
0.795625
2.194942
1.116835
1.935197
0.421288
0.441480
1.799654
1.088481
1.379359
1.307315
2.050574
2.042642
0.467259
-1.162426
-0.033578
0.628957
1.998801
0.953054
0.317819
0.029948
0.037348
-0.548981
1.040374
-1.016428
-0.635581
0.089154
1.294773
1.262883
2.725837
0.786220
2.237066
-0.219515
-0.126423
0.432122
1.406334
-0.311747
1.055912
2.471378
0.477085
1.646400
1.206820
0.161762
2.082611
0.148856
0.947424
1.010044
1.326580
1.581735
1.491196
0.875385
0.595460
2.343473
2.545191
2.761952
1.335862
1.146870
0.518100
1.163559
2.049344
-0.680813
-0.471593
3.073356
0.081110
0.333984
2.283514
1.231615
0.313578
-0.699022
0.534335
0.097924
1.780594
1.797751
0.804032
1.937305
0.984880
0.207557
-0.011478
0.879711
-1.119632
0.135603
-0.488535
1.841288
0.605392
1.216908
0.274257
2.198105
1.393871
0.566887
2.803801
0.520821
-1.001177
0.428301
-0.514685
-0.385825
0.029447
0.767162
-0.316258
0.281423
1.340529
0.275924
0.601061
2.584553
2.356765
1.612251
-0.798221
1.847992
-0.269871
0.223970
1.640445
0.889948
1.623020
1.916805
0.274067
0.296474
1.256553
1.885373
0.830518
1.286916
2.093363
0.721756
2.076196
0.902031
1.443942
1.364993
0.774947
-0.162442
1.425263
-0.129228
0.149040
-1.304794
0.828696
1.038749
1.729143
0.258885
0.380288
2.150880
2.659816
0.098321
1.314839
4.048853
0.567201
-0.046449
0.004381
0.870291
1.776546
1.305654
1.905211
1.599823
2.362145
1.874334
-0.481019
1.249225
0.532665
2.070569
1.291619
1.427229
-0.499581
0.768958
0.988092
1.437891
0.887760
0.222718
-0.117961
0.098440
0.314702
0.958636
2.166283
0.921448
2.602704
-0.717718
0.312879
0.762059
0.122810
2.525974
1.923447
0.327367
2.077239
1.642006
0.619154
2.372980
1.008212
1.908830
0.598005
1.433756
0.345871
-0.025769
1.140275
1.571070
1.640432
0.594191
-0.512521
0.652708
-0.278049
2.228462
3.745457
1.595226
2.436734
0.376017
0.905682
-1.986052
1.395656
-0.029583
0.181562
0.969748
0.587172
1.967444
1.511152
1.182252
2.281980
2.387564
2.708713
1.343189
2.555486
2.363382
1.992935
0.507536
0.210452
0.249172
-0.255856
1.070613
0.953744
0.793113
1.131164
1.844154
0.590376
-0.002987
0.862305
1.488210
0.557547
1.355936
1.515842
0.667142
1.326238
0.011494
0.798468
1.746321
2.258941
-1.541644
0.810524
-0.487601
1.868844
1.055913
-0.270022
2.181997
0.466822
1.029242
0.027237
0.281170
0.707542
0.922523
2.248922
1.071803
0.248792
0.911137
0.636471
-0.842786
1.704850
