1000
0.976179
0.634148
3.286134
-0.594490
-1.573763
0.457732
0.401739
0.031378
2.137529
2.081243
1.674771
-0.118873
0.709035
0.497970
0.911589
0.616428
1.914685
1.866528
0.052784
1.626791
-0.960354
2.273719
2.170214
3.088940
1.466741
0.808850
2.178901
0.885179
0.638725
0.003784
-0.832637
0.138260
2.472050
2.593070
-0.067747
0.791839
-0.244837
0.738054
1.542567
1.326304
-0.102614
0.003703
1.130656
0.652781
0.812597
-0.057674
0.241261
1.128809
0.895789
-1.385182
1.340998
1.354963
1.591260
0.040471
-0.178874
0.413447
1.663343
0.944178
1.466055
1.156368
-0.039079
0.236227
2.554981
1.436072
0.613934
1.821511
-0.270385
0.822894
1.415228
2.673175
0.785885
1.284699
0.668828
0.962489
2.867762
2.231085
3.392387
2.732751
-0.100351
1.508617
1.706314
1.775277
-0.112381
2.485750
0.060167
2.029130
2.434769
1.271555
0.372576
0.330096
0.419866
1.456442
0.910763
1.349276
0.114180
2.369200
1.207556
0.417474
-0.016039
-0.024827
2.336937
2.423510
2.122272
1.780830
1.358763
0.220644
0.405541
1.053172
1.464406
0.118503
-1.536261
-0.398034
1.338160
2.016352
-0.229957
-1.738054
0.333723
2.814643
-0.251272
-0.000754
0.961002
2.195989
1.600556
0.052304
2.096749
0.803971
1.024669
1.638462
0.972866
1.671818
1.833573
1.982714
0.366017
1.146040
0.585669
-0.531792
0.183931
0.075039
1.926171
2.431303
0.216041
2.007692
-0.032387
1.013607
-0.229682
-0.846746
0.533780
1.165829
1.021074
0.678428
2.191320
1.108883
1.935760
0.503850
0.515029
1.253732
3.222402
1.219767
1.853439
0.737374
1.963860
1.670075
1.868103
1.892895
1.071292
1.468047
2.479142
0.589147
0.582728
0.874289
2.003093
1.579658
-0.281048
1.448463
1.644964
1.250320
-0.129317
0.005554
1.022453
0.967678
1.758600
1.257547
0.239415
2.208703
0.086761
0.407990
0.472687
-0.406881
-0.653876
1.135987
1.044502
0.507875
-0.535681
-0.078751
1.291212
1.195274
0.729778
0.418171
0.573199
-0.021796
0.645329
1.756800
0.845767
1.631789
1.999676
1.635095
0.112280
1.796312
1.461453
0.006733
2.352202
-0.314943
0.641385
-0.018894
1.536911
1.509282
-0.050338
0.037436
1.864996
1.482483
1.156739
0.134676
-0.177986
1.704319
-0.817501
0.164884
1.609399
1.248451
0.633548
0.494564
1.611020
0.387196
2.032657
0.955257
-0.524432
-0.554139
2.225776
0.480705
1.464528
-0.578870
1.313416
-0.668368
0.948548
1.895254
-0.313384
-0.318622
-0.459899
0.702680
1.769960
1.379704
1.804383
0.432492
1.368212
0.595170
2.059625
1.172373
1.731418
-0.279557
1.170538
0.438877
0.573892
1.080008
1.565033
2.064153
2.043024
3.238631
2.141896
-0.993310
0.967682
-0.015057
2.550556
-0.919522
0.307943
0.540899
2.227233
0.778578
2.176274
0.083296
3.401084
2.302841
3.036514
1.876076
1.286209
0.546432
1.095405
2.187063
1.095211
-1.134756
0.137857
1.201329
2.516977
1.476655
1.145183
1.771214
1.675273
-0.182566
-1.031099
0.333999
2.434821
2.490466
1.822937
1.225525
0.320110
1.234792
0.262413
-1.146433
-0.287895
1.197251
0.763759
1.163222
1.681654
0.779436
-0.517514
1.484736
2.599216
0.611989
1.830147
1.925818
0.410124
0.823809
2.348008
1.910219
0.343501
2.203944
1.318229
0.048982
0.141973
1.222743
0.981169
2.047793
0.275289
1.360150
-0.091068
0.542105
1.608218
0.843621
1.892065
0.484473
2.487065
0.659967
3.063970
0.199069
1.899193
1.452831
2.518221
2.126761
0.905288
-0.202842
1.444324
1.010929
1.945537
1.208114
3.016392
1.164382
-0.500063
1.498839
0.624465
0.802505
0.559937
0.760714
-1.877277
2.221433
0.965385
1.560649
-1.699807
0.394807
0.381458
1.205885
1.125598
1.388946
1.672238
1.739447
1.706775
0.966328
1.975945
3.031060
1.675926
0.994965
0.118629
-1.213059
1.683715
1.011562
0.061312
1.723068
-0.014589
0.297461
2.240612
1.486425
-0.386352
2.073106
1.183454
1.832199
-0.325716
-0.614174
0.329949
-0.125717
0.877221
0.286316
1.635825
0.218275
-0.697097
0.665787
2.149957
0.745095
1.048305
0.377935
0.903163
2.160737
1.261610
1.643938
1.902889
1.662109
1.210396
3.604714
1.199687
1.067703
1.329694
1.794906
0.815558
0.494240
1.312805
1.354486
1.211618
1.087634
0.842059
1.430077
0.807360
1.048769
0.813828
0.539632
-0.178636
-1.290588
2.801071
-0.022626
-0.355073
1.906478
3.000411
0.446233
1.666834
0.639686
-1.394087
2.698062
1.904898
2.009076
0.361319
0.643048
1.534359
0.343553
0.744376
1.493876
1.425780
0.157675
-0.428239
1.922316
0.945753
0.408271
1.705771
0.529713
0.819540
0.881436
2.347535
2.226342
1.301014
0.253200
2.928865
0.613270
1.209461
1.725718
0.679981
0.965150
0.547091
-0.985216
2.281568
2.406420
0.292169
1.150200
1.297696
1.126537
1.623788
0.895174
1.009609
0.348205
0.973379
0.512666
-0.409344
-0.153522
1.760911
0.058076
2.146594
1.919414
2.471202
1.813669
0.632225
0.435465
1.773907
-0.789232
-0.267268
1.816617
1.682974
2.108072
1.936913
2.086516
2.198485
1.817789
-0.645188
-0.394100
2.454911
1.647179
-0.205189
1.972175
1.221119
2.775301
1.040014
-0.181009
1.247954
0.118033
0.712890
0.631083
1.789391
2.333078
1.856772
2.105938
0.474738
2.049693
0.548279
1.208154
0.134521
2.339537
0.125930
0.517201
1.440060
2.314092
1.800676
1.878655
3.167159
0.284487
1.107303
1.812714
1.544143
1.768264
-1.782155
0.112513
1.663613
2.551853
0.135310
1.231727
0.967200
-0.301009
1.360398
1.173860
1.791162
-0.706250
1.953146
2.955813
2.461272
-0.483559
0.747146
0.231445
0.099436
-0.011594
1.275484
-1.333255
1.196052
0.515783
1.761352
0.936963
2.007970
-0.566701
0.468542
1.886606
1.679825
1.064138
0.080229
1.513981
1.775408
1.769082
0.256813
1.369448
0.141900
2.424905
1.658197
1.031596
1.522795
1.858990
-0.317214
0.058852
1.663481
1.137227
0.046914
1.727575
-0.167963
1.354074
-1.894428
2.632763
1.927631
0.284274
-1.164185
0.928355
1.661379
3.065094
1.143782
1.794743
0.231670
0.982407
-0.826316
2.505416
0.862433
-0.008818
-1.028417
-0.419852
0.547391
1.445136
2.603732
0.649275
0.134223
0.704919
-1.220933
-1.705286
-0.063025
0.767949
0.655621
2.045959
-0.028891
1.656812
-0.956383
2.382156
1.643744
0.044701
-1.287878
1.977522
0.533283
1.395782
0.579066
2.862759
1.634551
0.723575
-1.109971
0.480144
2.554088
0.779802
1.467238
0.191314
0.054688
0.016705
0.946157
0.952051
2.821598
3.163489
1.269050
0.837968
1.395431
1.560967
0.583283
0.599610
2.950269
0.540567
0.805091
-1.069558
0.529209
-0.007928
2.808816
0.266924
-0.313110
1.722584
0.007756
-1.389242
1.949319
0.697392
0.453213
1.331453
1.858350
2.435034
2.258454
1.093271
0.802481
-0.794859
-0.280181
0.782170
0.921778
1.790561
0.458152
2.153396
2.699305
2.574023
0.832697
1.698467
-0.011566
0.159118
1.513097
1.947749
2.976199
0.419455
0.545850
3.371408
0.554315
2.187107
1.070493
1.109465
-0.230138
0.203190
-0.064458
1.585131
2.459164
-0.327364
1.013287
1.025944
1.310984
0.423225
0.642417
2.325339
0.740493
-0.543316
0.618079
-0.059693
0.791989
0.620143
1.434576
2.296735
-0.191495
1.323754
2.050136
0.464485
0.869921
1.344478
-0.033953
0.388428
1.828128
0.659499
0.516376
0.461968
0.652055
0.879577
1.373322
0.646077
1.705031
-0.388995
1.406329
2.074568
0.822944
1.296248
0.965064
1.252811
0.572191
1.858940
0.831115
2.460071
2.898024
2.045881
-0.064055
1.779588
4.134754
0.334247
2.184000
1.188596
1.158583
2.200596
0.069129
1.598516
-0.654547
2.175343
1.515282
-0.412605
-1.432261
-1.082243
0.294661
-0.853779
0.255376
0.081212
-0.907240
0.915643
1.402533
0.546502
1.363120
-0.351316
-0.531531
2.303310
-0.362309
3.689638
0.808099
0.366915
-1.020888
-0.253983
1.573767
-0.528635
-0.319054
1.537692
2.231699
0.749145
-1.106588
2.623576
0.538333
1.822193
0.928612
1.620986
2.646494
1.434445
3.450879
1.915353
1.449545
-0.057123
1.525498
1.171480
2.284052
0.670467
0.878389
1.319300
2.174553
0.985610
-0.397526
1.787151
1.984622
2.385695
0.071478
1.585577
1.374768
1.117899
0.604802
0.939456
2.823987
0.535217
-0.497702
0.945712
-0.535190
0.508254
0.993092
1.335782
1.009667
0.558180
0.811540
2.723447
-0.321201
2.464358
0.504197
-0.219572
0.034043
3.717333
1.254214
0.738389
1.351867
0.322905
2.111396
1.210666
2.398218
0.587162
1.655393
0.878255
2.775427
1.954273
-0.045769
0.882321
2.062270
0.819984
-0.394104
-0.317680
0.495594
0.952238
0.813072
1.690365
2.621070
1.163645
-0.294177
1.601421
0.067132
1.304644
1.130381
-0.109322
-0.296420
-0.554965
2.373927
0.090523
0.015456
0.177735
2.257155
1.936050
1.459227
-0.214590
0.770494
1.396206
1.419775
2.083917
0.133367
1.534695
2.127258
0.864693
-0.743757
2.873113
-0.093245
0.594841
2.218110
1.516888
0.591393
-0.795478
0.952234
1.201956
0.480138
-0.420694
0.017773
-0.336613
1.994382
1.609533
1.268708
1.326359
3.163690
1.301918
1.483573
0.274258
2.470962
1.163970
0.587648
1.511598
3.890624
1.472834
0.459390
0.744512
1.431765
1.480514
1.837312
-0.499083
0.443999
0.513334
1.498368
1.307792
2.271228
2.732836
0.259936
2.879921
0.141850
1.608207
0.620771
1.303487
1.906633
0.880703
3.865297
2.039250
2.157448
1.254816
2.005038
2.247632
-0.737266
1.247659
2.551172
1.403503
3.494260
-0.910619
1.219850
1.988310
0.540242
0.979544
1.778660
0.622415
0.424996
1.244073
-0.016004
1.811765
0.909112
-0.343040
1.910448
1.134835
-0.142624
1.149793
1.721229
2.275237
0.362861
1.125856
0.864255
1.422355
1.223582
1.508729
-0.133925
-0.311673
2.301753
1.260748
1.577688
0.947216
1.556486
0.939975
0.307401
1.432058
-0.015567
2.000548
0.590374
1.629474
-0.098990
2.275996
1.126912
2.426281
-0.067759
2.784860
1.393180
2.923325
0.357753
1.840225
-0.243211
0.075862
1.436910
-0.873367
1.897318
1.604531
-1.534823
0.440650
